$SPEC_ID:
226Ra
$SPEC_REM:
DET# 1
DETDESC# MCB 132 Input 1
AP# Maestro Version 6.06
$DATE_MEA:
01/05/2022 13:56:28
$MEAS_TIM:
83433 83439
$DATA:
0 8191
       0
       0
       0
       0
       0
       0
       0
       0
       0
       0
       0
       0
       0
       0
       0
       0
       0
       0
       0
       0
       6
       1
       0
       0
       2
       2
    1183
    5523
     404
     174
     177
     184
     172
     202
     184
     208
     205
     198
     179
     188
     198
     214
     224
     244
     202
     164
     168
     153
     137
     149
     127
     159
     140
     148
     147
     167
     130
     115
     126
     114
     131
      98
     102
     110
     129
     113
     105
      89
     101
      93
      75
      83
      65
      83
      86
      90
      92
      82
      83
      90
     109
      91
      95
      79
      86
      67
      71
      83
      79
      72
      69
      74
      96
      73
      59
      66
      77
      83
      90
      72
      71
      79
      75
      64
      54
      62
      72
      66
      66
      76
      52
      54
      70
      58
      54
      71
      76
      59
      75
      70
      66
      55
      58
      48
      45
      60
      58
      63
      67
      58
      72
      55
      55
      53
      62
      59
      53
      51
      60
      63
      55
      48
      56
      53
      57
      46
      46
      54
      61
      46
      49
      61
      45
      42
      48
      53
      52
      42
      52
      52
      49
      43
      40
      63
      46
      57
      39
      71
      63
      65
      53
      94
      87
     108
     102
      71
      53
      39
      51
      60
      55
      56
      55
      42
      42
      63
      50
      59
      50
      52
      62
      44
      59
      50
      46
      51
      62
      76
      56
      58
      59
      61
      60
      56
      46
      51
      45
      54
      50
      65
      50
      55
      46
      64
      57
      55
      71
      65
      67
      74
      78
      57
      62
      57
      37
      51
      68
      49
      47
      43
      72
     124
     130
     166
     121
      83
      64
      60
      58
      58
      46
      58
      50
      63
      61
      51
      51
      53
      59
      57
      49
      60
      65
      55
      58
      63
      50
      57
      60
      59
      65
      63
      64
      66
      57
      73
      62
      81
      73
      72
      69
      77
      66
      98
     107
     104
      94
      79
      55
      53
      64
      92
      76
      66
      66
      71
      57
      61
      65
      62
      63
      67
      69
      51
      68
      67
      59
      61
      52
      63
      70
      68
      65
      63
      55
      90
      84
      97
      93
      97
      89
      86
      83
      58
      73
      70
      64
      79
      80
      87
      77
      78
      54
      69
      47
      58
      62
      70
      75
      85
      73
      58
      59
      73
      77
     123
     217
     277
     292
     246
     167
      88
      81
      65
      54
      68
      77
      55
      60
      61
      49
      62
      58
      48
      59
      62
      65
      62
      74
      79
      70
      66
      61
      60
      58
      60
      65
      78
      56
      62
      66
      53
      53
      45
      67
      60
      58
      67
      52
      64
      58
      65
      56
      67
      59
      53
      73
      59
      49
      68
      77
      71
      57
      55
      55
      59
      71
      72
      71
      61
      77
      59
      81
      69
      64
      78
      72
      66
      61
      77
      84
      72
      75
      69
      61
      64
      61
      63
      59
      60
      61
      56
      64
      70
      72
      57
      64
      66
      52
      67
      70
      60
      74
      60
      66
      63
      66
      73
      69
      66
      72
      84
      62
      84
      65
      63
      71
      53
      57
      60
      69
      82
      50
      66
      66
      60
      67
      56
      55
      69
      78
      68
      72
      59
      65
      59
      62
      76
      72
      58
      80
      75
      64
      78
      56
      77
      79
      74
      52
      63
      59
      68
      61
      78
      63
      76
      69
      75
      64
      63
      61
      63
      69
      67
      67
      55
      66
      69
      79
      72
      56
      50
      55
      50
      52
      58
      66
      62
      67
      70
      60
      68
      62
      63
      72
      60
      77
      72
      81
     107
      93
     117
     104
      73
      71
      56
      55
      73
      65
      53
      62
      54
      71
      68
      65
      57
      65
      63
      49
      71
      79
      65
      67
      74
      52
      74
      61
      69
      70
      71
      68
      55
      45
      61
      40
      79
      68
      52
      67
      69
      59
      59
      57
      65
      63
      44
      60
      67
      57
      58
      61
      60
      58
      67
      67
      55
      57
      60
      71
      74
      68
      54
      52
      67
      61
      62
      63
      60
      78
      67
      76
      74
      74
      72
      69
      57
      54
      56
      70
      78
      60
      74
      58
      53
      59
      56
      44
      58
      66
      65
      64
      71
      49
      60
      56
      74
      50
      69
      66
      68
      59
      59
      57
      62
      48
      51
      61
      65
      61
      56
      51
      51
      49
      71
      72
      73
      49
      61
      58
      53
      67
      73
      53
      53
      52
      64
      68
      58
      54
      59
      66
      58
      66
      58
      67
      65
      58
      55
      58
      50
      62
      47
      53
      64
      49
      60
      67
      57
      85
     123
     211
     247
     241
     131
     110
      73
      54
      61
      54
      50
      50
      59
      49
      62
      68
      67
      62
      59
      49
      57
      56
      41
      69
      60
      61
      69
      66
      65
      46
      62
      63
      46
      62
      63
      53
      55
      60
      51
      54
      63
      51
      47
      57
      63
      55
      63
      67
      56
      64
      49
      61
      63
      47
      49
      45
      64
      44
      61
      54
      52
      64
      50
      61
      57
      38
      50
      55
      60
      61
      65
      69
      43
      70
      77
      52
      54
      45
      51
      47
      57
      56
      48
      54
      43
      56
      56
      64
      61
      47
      57
      46
      48
      51
      63
      48
      58
      56
      57
      57
      48
      52
      60
      44
      54
      52
      43
      61
      32
      61
      38
      47
      57
      45
      64
      61
      39
      42
      57
      48
      41
      46
      62
      63
      56
      42
      46
      44
      51
      51
      55
      58
      48
      47
      49
      57
      57
      58
      59
      37
      42
      40
      61
      46
      57
      51
      58
      67
      56
      56
      45
      48
      49
      36
      58
      47
      43
      47
      49
      43
      48
      51
      42
      46
      37
      40
      54
      54
      35
      48
      49
      40
      43
      46
      39
      48
      43
      51
      47
      48
      46
      52
      47
      41
      46
      46
      49
      39
      49
      74
     122
     140
     123
      95
      74
      60
      41
      41
      45
      49
      59
      52
      47
      41
      63
      50
      37
      47
      56
      46
      63
      61
      51
      47
      34
      48
      43
      51
      49
      41
      52
      55
      45
      53
      42
      35
      39
      41
      41
      41
      49
      46
      50
      45
      44
      44
      35
      48
      49
      51
      35
      54
      52
      45
      43
      60
      36
      53
      39
      49
      40
      46
      38
      50
      48
      43
      48
      46
      39
      50
      45
      47
      43
      41
      40
      45
      55
      52
      38
      51
      42
      47
      51
      44
      39
      37
      44
      49
      36
      46
      49
      42
      27
      51
      34
      50
      35
      51
      27
      32
      36
      32
      41
      44
      37
      40
      28
      39
      41
      41
      50
      39
      49
      49
      42
      51
      52
      41
      48
      45
      42
      40
      47
      44
      46
      43
      48
      38
      38
      38
      45
      42
      41
      35
      38
      38
      35
      29
      36
      60
      47
      46
      49
      47
      62
      39
      36
      46
      48
      44
      42
      26
      33
      31
      44
      56
      37
      42
      43
      40
      42
      44
      41
      35
      48
      50
      39
      48
      36
      38
      42
      25
      45
      38
      33
      38
      32
      34
      39
      45
      37
      39
      40
      39
      41
      40
      30
      43
      43
      37
      42
      40
      37
      30
      36
      35
      41
      35
      36
      34
      40
      36
      41
      39
      52
      44
      44
      53
      39
      48
      37
      35
      30
      40
      39
      44
      33
      40
      30
      28
      47
      36
      53
      39
      46
      35
      44
      36
      34
      38
      27
      35
      44
      27
      36
      39
      42
      43
      39
      40
      33
      34
      37
      41
      33
      49
      38
      31
      41
      26
      42
      36
      35
      23
      25
      33
      39
      38
      37
      34
      31
      37
      37
      39
      36
      51
      25
      30
      36
      31
      28
      32
      35
      38
      24
      30
      40
      28
      31
      33
      31
      49
      38
      27
      21
      33
      46
      39
      37
      30
      33
      32
      36
      25
      34
      42
      35
      33
      27
      45
      36
      35
      34
      35
      38
      23
      41
      34
      29
      31
      28
      42
      35
      42
      34
      31
      39
      38
      32
      32
      39
      29
      29
      35
      44
      31
      35
      30
      29
      31
      37
      34
      25
      21
      45
      35
      25
      32
      36
      43
      43
      28
      39
      39
      41
      32
      32
      34
      20
      37
      28
      24
      33
      37
      38
      37
      32
      40
      47
      47
      34
      36
      39
      27
      33
      32
      39
      35
      31
      32
      41
      40
      29
      24
      39
      37
      25
      26
      29
      28
      35
      26
      35
      31
      26
      33
      30
      29
      31
      32
      45
      32
      35
      27
      39
      27
      34
      25
      37
      34
      26
      27
      28
      28
      37
      41
      49
      36
      45
      35
      29
      35
      31
      32
      33
      19
      29
      33
      39
      25
      37
      24
      25
      24
      26
      29
      36
      33
      19
      23
      32
      21
      27
      24
      19
      29
      27
      23
      32
      23
      34
      38
      28
      34
      32
      24
      20
      22
      31
      23
      24
      29
      41
      35
      24
      31
      25
      26
      38
      19
      27
      30
      36
      28
      27
      22
      39
      44
      26
      27
      18
      28
      30
      17
      24
      23
      28
      25
      32
      29
      25
      24
      22
      33
      33
      30
      29
      35
      40
      21
      25
      27
      27
      25
      41
      30
      34
      22
      30
      23
      30
      22
      26
      31
      23
      35
      31
      33
      29
      29
      34
      27
      22
      33
      30
      28
      20
      19
      26
      26
      28
      27
      24
      20
      30
      25
      21
      31
      22
      32
      16
      28
      18
      29
      23
      17
      25
      22
      17
      22
      27
      34
      29
      18
      41
      19
      23
      24
      24
      31
      27
      20
      31
      25
      30
      27
      28
      22
      22
      21
      26
      23
      31
      20
      26
      28
      21
      16
      24
      26
      26
      23
      27
      23
      20
      30
      26
      32
      31
      25
      29
      32
      25
      23
      38
      25
      25
      32
      21
      33
      32
      19
      23
      30
      21
      25
      28
      35
      28
      33
      27
      29
      19
      25
      21
      23
      35
      18
      24
      23
      23
      24
      26
      27
      27
      25
      24
      23
      26
      24
      34
      38
      36
      20
      24
      24
      19
      29
      25
      21
      26
      39
      22
      25
      23
      29
      31
      30
      19
      27
      24
      20
      14
      24
      22
      27
      34
      26
      21
      29
      21
      23
      26
      27
      25
      34
      22
      22
      21
      19
      22
      26
      23
      17
      17
      28
      24
      17
      27
      21
      20
      20
      35
      25
      30
      22
      27
      19
      20
      22
      26
      19
      19
      24
      31
      26
      21
      14
      27
      27
      21
      17
      25
      26
      20
      32
      39
      64
     100
     148
     140
     172
     111
      97
      53
      40
      25
      26
      21
      27
      20
      22
      34
      22
      15
      18
      17
      28
      19
      29
      22
      20
      23
      18
      25
      27
      23
      21
      18
      20
      20
      24
      20
      18
      21
      19
      16
      27
      30
      25
      27
      28
      25
      30
      12
      30
      24
      25
      19
      21
      23
      26
      24
      19
      15
      23
      16
      21
      22
      21
      21
      23
      23
      20
      25
      22
      19
      31
      20
      29
      20
      15
      24
      19
      19
      20
      23
      14
      23
      20
      28
      18
      18
      23
      24
      14
      22
      18
      27
      12
      23
      20
      16
      14
      27
      13
      25
      20
      21
      21
      22
      33
      23
      27
      25
      31
      27
      26
      19
      19
      23
      22
      18
      19
      21
      19
      21
      16
      23
      23
      26
      24
      27
      18
      15
      21
      25
      18
      27
      18
      25
      22
      14
      17
      16
      17
      26
      17
      16
      25
      27
      29
      25
      17
      21
      17
      21
      33
      16
      22
      13
      20
      23
      24
      21
      21
      19
      27
      20
      13
      15
      22
      21
      25
      25
      18
      20
      20
      11
      23
      23
      19
      20
      22
      22
      19
      22
      15
      21
      20
      24
      24
      20
      25
      21
      20
      18
      17
       9
      26
      26
      17
      18
      21
      22
      17
      25
      20
      15
      13
      25
      15
      19
       9
      18
      16
      26
      20
      34
      26
      22
      22
      18
      22
      19
      20
      10
      16
      19
      13
      21
      26
      16
      17
      15
      20
      21
      14
      21
      25
      14
      25
      22
      20
      20
      23
      20
      17
      19
      20
      14
      25
      20
      16
      19
      22
      17
      16
      22
      19
      22
      21
      16
      22
      16
      33
      24
      16
      18
      20
      24
      21
      15
      17
      22
      25
      36
      31
      43
      53
      63
      77
     110
     120
     128
     146
     165
     126
     131
     117
      97
      72
      74
      36
      34
      38
      29
      25
      14
      14
      23
      17
      19
      19
       9
      27
      16
      19
      15
      21
      21
      26
      14
      28
       8
      19
      13
      19
      24
      16
      19
      19
      17
      16
      17
      12
      21
      12
      22
      20
      24
      12
      16
      20
      17
      24
      22
      13
      17
      10
      13
      13
      17
      19
      21
      19
      23
      13
      22
      17
      11
       9
      20
      15
      20
      19
      11
      15
      16
      18
      15
      15
      16
      14
      16
      16
      10
      14
      15
      13
      22
      20
      16
      29
      19
      11
      16
      12
      21
      15
      17
      13
      19
      15
       9
      17
      20
      10
      19
      20
      16
      25
      18
      12
      14
      14
      11
      13
      17
      15
      16
      17
      24
      18
      14
      15
      12
      15
      14
      19
      16
      16
      22
      13
      15
      17
      13
      15
       8
      17
      10
      17
      11
      18
      15
      10
      17
      18
      15
      14
      11
      15
      19
       9
      15
      14
      16
      20
      15
      13
      10
      18
      15
      26
      20
      15
      10
      22
      17
      14
      18
       7
      19
      20
      26
      17
      17
      14
      20
      17
      13
      13
      11
      11
      18
      13
      14
      15
      18
      15
      17
      23
      21
      21
      16
      18
      12
      12
      13
      21
      16
      12
      12
      15
      22
      17
      16
      17
      18
      18
      11
      18
      18
      12
      24
      29
      20
      33
      26
      21
      13
      16
      16
      16
      19
      13
      15
      14
      11
      10
      10
      14
      19
       9
      17
      28
      20
      16
      15
      15
      19
      10
      13
       8
      13
      13
      11
      21
      15
      15
      11
      14
      11
      18
      18
      11
      16
      19
      19
      17
      19
      25
      27
      36
      35
      27
      31
      19
      18
      14
      13
      18
       9
      11
      10
      15
      20
      19
      16
      17
       9
      13
      10
      16
      13
      16
      12
      11
      12
      14
      17
      12
      17
      10
      16
      16
      12
      15
      15
      13
      16
      20
      12
      15
       9
      10
      10
      16
      12
      18
      23
      14
      17
      15
       9
      16
      12
      19
      18
      18
      19
      16
      13
      17
      16
      14
      18
      11
      16
      15
      18
      15
      11
      12
      23
       5
      10
      20
      26
      18
      14
      23
      12
      18
      20
      15
      21
       9
      11
      12
      23
      14
      19
      15
      27
      27
      25
      20
      15
      22
      20
      20
      16
      17
      18
      16
      17
       9
      14
      13
      24
      21
      58
      66
      89
      96
     115
      80
      61
      29
      29
      25
      20
      18
      12
      17
      16
      18
      17
      17
      11
      11
      14
      11
       8
      13
      17
       9
      14
      15
      11
       9
      18
      11
      15
      20
      17
      15
      12
      23
      17
      13
      10
      13
      14
      11
      15
      12
      11
       9
      12
       7
      12
      12
      17
       9
      12
      10
      20
      12
      15
       8
      14
       8
      16
      12
      11
      13
       8
      13
       7
      17
      13
      13
      16
       7
      14
      10
      14
      14
      11
       6
      12
      17
      13
      20
      11
      11
      12
      11
      12
      20
      16
      11
       8
       8
      16
      16
      10
      10
       7
      16
      13
       9
       8
       6
      17
       8
       8
      18
       7
       9
      12
      11
      10
      14
      13
      19
      14
      15
       7
      10
      11
      12
      14
      12
       7
      10
      12
       7
      11
      17
       9
      15
      20
      15
      13
      10
      17
      14
      13
      13
       5
      11
      13
      13
      10
      13
      15
      15
      15
      10
      13
      12
      13
      12
       7
      11
      14
       7
      12
       8
      11
      17
      13
      17
      12
      14
      16
      20
      29
      46
      93
     102
     140
     148
     140
     121
      60
      59
      25
      22
      13
      12
      14
      15
      16
      12
      15
      10
      11
       8
       5
      16
      14
      20
       8
      11
      13
      12
       8
      14
      14
      14
      11
      11
      14
      10
      11
       8
      14
       7
      10
      11
       9
      11
      12
      13
       8
      14
      21
      14
      11
      14
      11
       8
      13
      13
       8
      14
      12
      10
       9
       8
      11
      14
      12
      10
       9
      10
      16
      13
      11
       8
      12
      12
      10
      18
      15
      13
      13
       9
       7
      17
      12
      16
       9
      18
      11
      12
      12
      13
       4
      12
       4
      15
      11
      12
       6
       7
      11
      10
      15
      14
       8
       5
      14
      12
      12
      11
      13
      17
      14
      14
      16
      19
      15
      20
      14
      14
      15
      10
      12
      11
      17
      12
      14
      14
      13
       9
      15
      13
      16
      12
      11
      14
      14
      12
      17
       6
       9
       9
      13
      13
      13
      12
      15
      16
      13
      12
      11
      11
      17
      12
       9
      12
      12
      16
       8
      14
       3
      18
       7
      15
      13
       7
      13
      11
      13
      18
      10
      15
      12
      11
       4
      15
      12
      16
      10
      11
      10
       8
      10
       7
      16
      21
      13
      11
      14
      18
      10
      10
      13
       9
       9
      11
       7
       8
      11
      12
      13
      13
      11
      13
       6
       9
      12
       8
      16
      12
       7
      11
       8
      15
      11
      10
      14
      14
      23
      21
      42
      51
      90
      79
      88
      88
      60
      45
      35
      22
      14
      10
      14
      10
      18
       9
      11
      13
      15
      17
      11
      10
      16
       8
       9
      13
      12
      13
      12
       8
       9
      16
      10
       7
       7
      12
      10
      10
      11
      11
      12
      12
      12
       6
       9
       8
      20
      12
       3
      15
      16
      16
       4
      12
       4
      19
      13
      16
       6
       4
      17
      15
       9
       9
      13
      12
      10
      10
      12
      13
      13
      12
      10
      14
      16
       7
      14
       7
       9
      13
       7
       9
      13
      15
       8
      11
       9
       8
       7
       9
       4
      11
       5
      11
      12
       7
      13
      14
       5
       9
      14
      12
      10
      13
      11
       7
      14
      11
      10
      10
      15
       7
      13
      10
      15
      15
      10
       4
      16
      15
       8
       8
      10
      15
      10
       8
       9
      15
      14
      11
      11
      13
       9
       5
      14
      15
       9
      11
       5
       5
       5
       8
       8
       6
      11
       8
      10
       8
       7
      10
      13
      11
      13
      10
      16
       7
      13
       9
      12
      16
      22
      16
      21
      16
      11
      10
       6
      10
       4
      12
      16
       8
       8
      12
      14
       8
       6
      12
       7
      11
       9
       5
      12
      10
      11
      16
       4
      11
      10
       9
      13
       7
       9
       9
       9
      11
      12
      17
       8
       7
      12
      12
       6
       4
       6
      11
       8
       8
       7
       6
      12
       3
       6
      11
       9
       5
      11
       7
      14
      13
       9
      14
      11
      14
       5
       5
      11
       8
       9
      13
      14
       5
      12
       4
      10
       6
       9
      14
      10
       5
       8
       7
      12
       7
       9
       6
       5
      10
       6
      11
       7
       6
       9
      13
       4
       7
       8
      11
      10
       6
       5
       8
      15
       7
      14
       8
      11
      11
      11
       8
      18
       9
      10
       7
      11
       9
      12
       6
       7
      10
       8
      12
       8
      11
       7
      12
      10
      15
      11
      13
      10
      13
       9
      11
       9
      15
       7
      12
      15
       5
       6
      11
      12
      10
       7
       9
       9
       9
      13
       3
      19
      10
      12
      10
       9
      11
      10
       6
       8
       9
       9
       4
      15
       8
       8
       9
      10
       3
       7
      13
       8
       9
       5
       6
      11
       4
      14
       7
       5
       9
      11
       9
      12
       6
       7
       8
       6
       9
       8
      10
      12
      10
      13
      16
       8
       5
       5
       5
      13
       7
      10
      10
      11
      10
       2
      10
       7
       7
       5
       7
       7
      11
       6
      13
      11
       3
      11
       9
      13
       8
      12
      10
       9
       7
       8
       9
      10
      11
      14
       4
      10
      11
       9
       8
       6
      14
       9
      10
       9
       6
       8
       8
      10
      12
       5
      14
       9
       9
      11
      12
       9
       7
      11
       8
      15
      11
      12
      11
       2
      14
      15
       9
       4
       6
       9
       9
       7
      14
      11
       7
      13
      11
      10
      12
       6
      14
       9
       9
       5
      11
       6
      10
       9
      12
       1
       3
       4
       6
       9
      10
      12
       8
      14
       8
       8
      14
      12
      10
       7
      15
       6
       9
      12
       8
      13
       9
       7
       8
      10
       7
       5
       7
       9
       9
       8
       8
      12
      12
       8
       8
      10
       9
       9
      15
       5
       9
       5
       7
      16
       9
       8
       5
       6
       8
       9
       8
      11
      11
      11
      10
       8
       7
       9
       5
       9
       9
      14
       7
      12
      15
       3
       9
      11
      12
      12
       8
      10
      10
       8
       9
       8
      13
       5
       6
      10
      12
       7
       6
       9
       8
      11
      12
       7
      10
       7
      11
       9
       7
       6
       6
       7
       5
       3
      12
       5
       8
       6
      12
      13
       7
       8
       6
       5
       9
       8
      11
       6
       7
      10
       9
       5
       9
      11
       9
       6
      11
       7
      12
      13
       1
       4
      12
       8
      10
       5
      10
       3
       8
       9
       7
       7
       9
      13
       7
       5
       7
       5
       7
       8
       7
       8
       5
       9
       5
       6
      10
       8
       8
       7
      13
       9
       8
      10
       6
       5
       7
      10
       5
       4
      11
       7
      13
      12
       8
      10
       9
       8
      10
       8
      10
       6
      12
       8
      11
       6
       7
      12
       9
       4
       9
      13
      11
      10
      15
       8
       6
       4
      11
       8
      11
       6
       9
       8
       5
      10
      10
       7
      10
       9
       9
       5
       6
       7
       6
       6
       8
      10
       9
       6
      11
       6
       5
      15
      10
       5
      11
       5
      10
       7
       3
       5
       4
      12
      16
      14
      10
      11
      19
      15
      17
      23
      14
       8
       6
       6
       5
       8
       7
       9
       3
       5
       4
       8
       6
       5
       8
      11
      11
       7
       8
      12
       7
       6
       8
       8
       7
       6
       7
       4
       7
       6
      10
       9
       8
      10
       8
       4
       4
       6
      10
       7
       9
       5
       3
       2
       7
       9
       7
       5
       5
       9
       9
      10
       5
      10
       9
       4
       8
       6
       6
       8
       6
       9
       7
       7
       5
      10
       3
       9
       3
       9
      15
       4
       7
       7
       3
       5
       8
       8
       9
       5
       5
      12
       7
       8
       7
       8
       5
       8
      10
       6
      12
      10
       6
       6
       6
       8
       9
      15
       3
      13
      10
       8
      10
       6
       8
      11
       5
       7
       6
       6
       4
      10
      10
       2
       9
       9
      10
       8
       5
       4
       8
       7
       8
       4
       9
       9
      12
       9
       6
       3
       5
      11
       4
      11
       5
       4
       9
       4
       6
       4
       8
       2
       7
      13
       7
       8
       5
       4
       3
       3
       7
       2
       8
       2
       3
      12
       6
       2
       5
       5
      12
       2
       4
       7
       4
       7
       5
       7
      10
       3
       7
       7
      10
      10
      10
       6
       6
       9
      11
      13
      15
       9
      11
       6
      11
       7
       5
      11
      18
       8
       9
       6
       5
       4
       4
       5
       8
       9
       9
      11
       9
      16
      12
      12
      11
      15
      13
      13
       6
       7
       9
       7
       8
       6
       9
       7
       7
      12
      16
      11
       5
       8
       7
       6
       5
       6
       5
      10
       7
      10
       4
      10
       8
       6
       8
       5
       4
       8
       6
       9
       8
       8
       6
       1
      10
       2
       7
      10
       5
       9
       6
       4
      10
       4
       8
      11
       7
       8
       5
       4
       4
       4
      11
       9
       4
       7
       6
       9
      11
       9
       2
       8
       3
       8
       6
       9
       6
       3
       2
       9
       1
       5
       7
       4
      10
       7
       7
       5
       9
       6
       9
       6
       7
       4
       5
       6
       4
      10
      10
       7
       8
       4
       8
       5
       7
       4
       6
       5
       9
       7
       5
      13
      11
      11
       7
       9
      15
      11
      11
      16
      11
      12
       9
      10
       7
       6
       3
       8
       6
      12
       2
       8
      13
       6
       7
       3
       3
       5
       5
       3
       4
      10
       6
       4
       7
      11
       2
       4
       6
       2
       8
       5
      12
       7
       4
       6
       2
       4
       5
      10
       8
       3
       3
       7
       7
       4
       9
       6
      11
       9
      10
       9
       5
       4
       6
       5
       4
       6
       6
       5
       6
       6
       4
       9
       5
       1
       4
       4
       1
       9
       8
      10
      10
       5
       4
       8
       5
       2
       3
       6
       7
       5
      10
       4
       9
       4
       9
      18
       6
       4
      11
       5
       6
       6
       9
       5
       7
       3
       4
       7
      10
       3
      10
       7
       6
       9
       6
       7
       3
       7
       9
       5
       9
       8
       5
       7
       8
       5
       5
       8
       0
       9
       7
       8
       8
       9
       5
       8
       6
       8
       9
       7
      10
       5
       4
      14
       5
       7
       6
       5
       5
       9
      10
       4
       9
       4
       4
       5
      10
       5
       6
       7
       4
       3
       8
       6
       7
       4
      10
       6
       2
       6
       4
       7
       3
       7
       6
       5
       9
       3
       8
       6
       6
       7
       1
       2
       5
       6
      11
       6
       4
       8
       5
       5
       2
       3
       7
      11
       6
      10
       6
       6
       6
       5
       9
       6
       5
       1
       3
       5
       6
       5
       5
       6
       7
       9
       3
       8
       9
       8
       9
       3
      10
       5
       6
      10
       4
       6
       8
      11
       5
      10
       7
      14
       8
      13
       7
       3
       5
       8
       9
       7
       9
       5
       8
       7
      11
       7
       3
       6
       6
       5
       7
       7
      10
       4
       5
       8
       9
       6
       7
       6
       9
       5
       6
       3
       4
       3
       7
       3
       5
       9
       3
       2
       5
       7
      12
       8
       6
       4
      13
       5
       6
       5
       3
       8
       4
      10
       6
       6
       8
       9
       9
       9
       6
       7
       8
       6
       5
       6
       2
       5
       8
       4
       5
       6
       8
      12
       7
       7
       6
       3
       8
      13
       5
       6
       9
       4
       5
       2
      10
       5
       4
       2
       7
       4
      10
       6
       8
       4
       8
       8
       5
       9
      11
       9
       3
       3
       7
       6
       9
       2
       8
       5
       5
       4
       5
       8
       8
       2
       9
       4
       6
       6
       7
       6
       7
       5
       8
       6
       6
       5
       9
       7
       4
       7
       8
       5
       3
       5
      10
       8
       5
       4
       7
       9
       4
       4
       4
       3
       4
       2
       4
       4
       5
       3
       5
       6
       8
       9
       4
       5
       6
       2
       6
       3
       7
       9
       6
      13
       6
       5
       1
       5
       2
       6
       2
       5
      10
       8
       2
       2
       8
       8
       6
       7
       6
       8
       3
       3
       4
       7
       4
      12
       4
       6
       4
       9
      11
       7
       2
       3
       9
      10
      16
      10
      14
      11
       3
      13
       7
       2
       6
      13
       6
       1
       5
       1
       8
       4
       6
       7
       4
       6
       7
       5
       8
       6
       2
       4
       7
       9
       2
       8
       5
       5
       4
       4
       8
       4
       8
       8
       5
       7
       5
       3
       7
       6
       9
       4
       4
       8
       5
       2
       4
       4
       6
       4
       6
       5
       6
       6
       1
       7
       5
       4
       3
       5
       8
       6
       5
       7
       2
       2
       8
       4
       3
       2
       2
       2
       1
       4
       3
       4
       3
       5
       7
       6
       0
       2
       6
       7
       8
       7
      10
       4
       5
       6
       5
       4
       5
       5
       4
       5
       9
       3
       4
       5
       2
       7
       1
       8
       3
       6
       3
       6
       5
       6
       1
       5
       8
      11
       3
       5
       3
       5
       5
       2
       6
       3
      10
       6
       6
       9
       9
       8
       6
       8
       3
       4
       8
       8
       4
       6
       3
       4
       6
       4
       6
       5
       4
       7
       4
       2
       5
       5
       5
       6
       7
       7
       6
       7
       5
       7
       1
       2
       4
       2
       2
       4
       4
       6
       9
       5
       5
       7
       4
       7
       4
       8
       5
       4
       4
       7
       2
       2
       7
       5
       5
       4
       5
       3
       6
       3
       6
       5
       9
       4
       7
       7
       6
       6
       6
       4
       3
       6
       6
       2
       5
       5
       7
       5
       8
       5
       5
       3
       2
       6
       5
       4
       4
       5
       6
       6
      10
      10
       2
       3
       4
       7
       6
       3
       5
       2
       6
       3
       7
      11
       5
       3
       4
       4
       4
       5
       6
       4
       7
       3
       5
       4
       7
       5
       3
       3
       6
       3
       2
       4
       9
      11
       2
       4
       4
       8
       3
       8
       3
       5
       6
       5
       3
       5
       4
       3
       4
       7
       3
       4
       6
       5
       3
       4
       7
       5
       1
       3
       7
       7
       5
       5
       3
       8
       5
       8
       5
       3
       4
       2
       7
       1
       4
       9
       6
       3
       5
       2
       2
       3
       3
       4
       4
       3
       6
       7
       9
       7
       8
       6
       5
       3
       5
       2
       2
       5
       1
       6
       5
       7
       2
       5
       3
       8
       4
       3
       5
       4
       7
       5
      10
       8
       1
       5
       7
       7
       4
       1
       5
       5
       4
       4
       3
       2
       5
       7
       4
       4
       7
       5
       1
       2
       5
       6
       3
       5
       3
       7
       3
       7
       9
       6
       4
       5
       6
       2
       5
       5
       7
       5
       3
       8
       6
       5
       6
       8
       2
       4
       4
       2
       6
       2
       6
       4
       3
       5
       4
       8
       5
       4
       4
       3
       8
       5
       2
       4
      10
       6
       2
       3
       0
       4
       3
       4
       4
       9
       3
       1
      12
       1
       6
       7
       8
       8
       7
       3
       1
       5
      10
       6
      15
       5
       5
      10
       6
      10
       2
       4
       4
       2
       4
       8
       6
       5
       4
       7
       6
       7
       3
       5
       2
       6
       3
       5
       5
       2
       8
       4
       0
       5
       1
       6
       2
       3
       3
       6
       2
       1
       4
       6
       1
       3
       2
       3
       5
       8
       4
       4
       5
       1
       3
       4
       3
       5
       4
       6
       3
       6
       5
       4
       6
       3
       3
       7
       9
       4
       6
       2
       5
       3
       6
       5
       4
       3
       4
       5
       4
       6
       3
       6
       6
       4
       8
       7
       6
       4
       4
       6
       4
       5
       3
       3
       2
       5
       6
       4
       5
       5
       2
       2
       4
       1
       6
       2
       5
       4
       4
       8
       6
       5
       6
       4
       2
       7
       4
       2
       4
       3
       4
       1
       4
       9
       4
       7
       1
       2
       3
       2
       6
       5
       4
       8
       4
       8
       5
       6
       4
       5
       1
       4
       4
       5
       6
       4
       3
       3
       6
      11
       2
       4
       4
       5
       7
       3
       6
       3
       3
       2
       3
       7
       5
       7
       3
       4
       7
       7
       5
       5
       5
       5
       3
       3
       9
       5
       5
       6
       3
       1
       3
       5
       7
       5
       5
       5
       3
      15
       5
       6
       4
       4
       3
       5
       5
       5
       3
       4
       9
       1
       4
       4
       3
       5
       5
       4
       5
       7
       5
       3
       2
       7
       8
       1
       3
       4
       3
       2
       2
       4
       3
       3
       9
       3
       5
       7
       3
       6
       7
       4
       3
       2
       3
       4
       4
       6
       6
       1
       7
       4
       2
       6
       4
       5
       3
       7
       3
       6
       4
       1
       3
       8
       3
       2
       5
       1
       2
       9
       6
       1
       1
       2
       5
       6
       5
       5
       5
       2
       7
       1
       5
       5
       5
       6
       5
       8
       4
       6
       4
       3
       3
       5
       5
       2
       1
       4
       3
       3
       6
       4
       4
       4
       4
       5
       2
       3
       5
       3
       7
       9
       7
       4
       2
       2
       7
       5
       5
       4
       1
       7
      11
       3
       3
       8
       6
       7
       1
       5
       4
       4
       5
       3
       6
       5
       5
       8
       2
       4
       3
       1
       4
       3
       3
       8
       3
       8
       4
       9
       0
       1
       3
       3
       6
       5
       4
       3
       3
       5
       4
       6
       3
       3
       5
       5
       5
       4
       2
       3
       2
       2
       5
       2
       5
       5
       1
       4
       8
       3
       3
       4
       4
       2
       4
       5
       2
       9
       3
       4
       4
       7
       7
       3
       3
       2
       2
       2
       6
       4
       5
       4
       2
       2
       5
       5
       4
       3
       2
       2
       3
       3
       4
       5
       4
       4
       3
       2
       3
       4
       6
       4
       2
       7
       5
       4
       3
       3
       3
       5
       6
       4
       4
       2
       5
       2
       0
       5
       5
       5
       3
       3
       2
       2
       2
       4
       2
       1
       2
       5
       3
       3
       6
       2
       5
       2
       4
       2
       2
       7
       3
       2
       1
       2
       7
       3
       6
       3
       2
       3
       3
       2
       4
       2
       3
       4
       6
       4
       6
       4
       0
       1
       0
       2
       1
       2
       4
       6
       4
       2
       2
       5
       3
       4
       2
       5
       3
       2
       4
       5
       8
       5
       3
       7
       3
       4
       5
       5
       5
       3
       2
       3
       6
       2
       3
       6
       1
       5
       8
       3
       3
       3
       4
       0
       5
       1
       4
       9
       7
       5
       3
       5
       2
       6
       5
       5
       7
       4
       0
       3
       6
       3
       6
       4
       1
       3
       3
       3
       4
       2
       5
       2
       2
       4
       4
       6
       2
       3
       4
       5
       8
       5
       3
       3
       2
       5
       1
       5
       2
       3
       2
       5
       1
       4
       1
       0
       3
       5
       3
       5
       3
       1
       4
       1
       3
       5
       6
       2
       2
       4
       8
       7
       5
       8
       3
       4
       4
       4
       3
       8
       3
       3
       5
       7
       4
       4
       2
       5
       2
       1
       2
       2
       5
       4
       4
       1
       0
       4
       6
       6
       5
       7
       4
       2
       5
       2
       2
       3
       4
       2
       3
       3
       4
       2
       2
       0
       4
       3
       6
       2
       1
       4
       6
       2
       2
       4
       5
       6
       6
       3
       3
       3
       2
       1
       4
       3
       3
       4
       4
       4
       4
       7
       4
       0
       2
       1
       3
       3
       3
       6
       0
       2
       6
       3
       2
       1
       3
       2
       5
       2
       1
       4
       2
       5
       6
       5
       4
       3
       4
       5
       4
       1
       6
       2
       2
       1
       2
       3
       4
       3
       2
       7
       7
       3
       4
       2
       5
       1
       3
       3
       5
       4
       4
       4
       3
       1
       5
       4
       3
       4
       4
       3
       2
       4
       6
       5
       1
       4
       2
       5
       3
       4
       6
       2
       4
       4
       2
       1
       7
       4
       1
       3
       2
       3
       4
       5
       3
       2
       6
       1
       2
       3
       2
       4
       4
       1
       6
       8
       3
       3
       2
       3
       2
       1
       1
       4
       3
       1
       2
       1
       4
       2
       2
       2
       2
       5
       4
       2
       3
       4
       6
       5
       6
       1
       1
       2
       6
       3
       6
       8
       5
       7
       6
       4
       4
       3
       3
       6
       2
       6
       3
       9
      10
       8
      11
      12
      20
      35
      21
      29
      11
      19
      11
      21
      10
       9
       8
       5
       9
       5
       4
       7
       4
       4
       4
       3
       4
       5
       8
       5
       1
       5
       6
       4
       4
       5
       1
       2
       6
       2
       5
       4
       4
       5
       5
       2
       1
       4
       7
       3
       3
       6
       3
       3
       2
       4
       4
       2
       5
       6
       5
       6
       4
       2
       2
       1
       2
       3
       2
       2
       1
       2
       3
       5
       1
       3
       1
       6
       3
       5
       1
       2
       5
       5
       0
       1
       6
       3
       1
       0
       3
       4
       3
       0
       4
       5
       6
       1
       5
       1
       3
       1
       4
       2
       4
       1
       4
       2
       4
       1
       3
       3
       4
       2
       4
       0
       2
       6
       2
       4
       0
       4
       5
       2
       5
       4
       3
       2
       4
       2
       2
       3
       5
       1
       6
       4
       4
       3
       2
       9
       2
       3
       3
       1
       9
       0
       2
       3
       3
       2
       2
       5
       4
       1
       2
       3
       3
       3
       5
       3
       5
       4
       1
       4
       1
       1
       1
       2
       3
       3
       4
       3
       1
       2
       2
       5
       3
       7
       3
       7
       5
       3
       4
       2
       2
       5
       2
       0
       2
       1
       0
       1
       1
       5
       3
       5
       3
       5
       9
       2
       5
       7
       5
       2
       4
       6
       2
       4
       5
       0
       1
       2
       2
       2
       3
       3
       2
       4
       2
       5
       3
       4
       4
       4
       4
       5
       4
       2
       1
       4
       4
       4
       3
       3
       1
       6
       3
       2
       3
       1
       3
       3
       5
       4
       3
       3
       3
       1
       6
       4
       2
       1
       6
       1
       2
       4
       0
       3
       4
       2
       4
       1
       3
       2
       5
       5
       3
       2
       0
       4
       1
       3
       1
       3
       3
       5
       4
       1
       7
       3
       5
       2
       4
       2
       5
       2
       3
       5
       5
       5
       7
       4
       2
       3
       2
       5
       2
       4
       1
       5
       1
       4
       3
       1
       4
       4
       5
       2
       2
       0
       4
       5
       3
       1
       3
       6
       3
       5
       6
       2
       2
       2
       4
       4
       1
       1
       6
       7
       2
       2
       1
       2
       5
       5
       4
       4
       3
       2
       1
       3
       3
       1
       3
       4
       1
       1
       1
       5
       2
       1
       1
       1
       4
       3
       3
       2
       3
       2
       2
       1
       4
       3
       1
       1
       4
       3
       5
       4
       4
       3
       1
       2
       8
       1
       4
       3
       3
       1
       2
       4
       6
       3
       2
       2
       5
       3
       5
       1
       2
       2
       1
       2
       2
       0
       2
       4
       1
       2
       3
       1
       5
       4
       1
       1
       4
       5
       3
       5
       5
       0
       1
       2
       4
       2
       1
       8
       2
       2
       3
       2
       4
       1
       7
       1
       6
       0
       3
       5
       1
       2
       3
       3
       2
       4
       3
       1
       6
       2
       1
       2
       3
       5
       5
       3
       1
       5
       2
       0
       4
       5
       5
       4
       3
       0
       2
       1
       2
       2
       5
       5
       4
       1
       7
       2
       2
       5
       3
       3
       2
       5
       0
       3
       2
       3
       1
       3
       5
       6
       5
       5
       1
       5
       1
       4
       2
       1
       5
       2
       0
       1
       5
       4
       3
       5
       5
       3
       7
       5
       7
       3
       4
       0
       5
       1
       5
       3
       1
       2
       5
       2
       1
       0
       2
       4
       3
       2
       2
       2
       2
       4
       1
       0
       2
       2
       2
       4
       2
       3
       2
       3
       7
       2
       2
       2
       3
       4
       1
       2
       1
       2
       2
       4
       2
       3
       3
       1
       1
       5
       2
       2
       4
       2
       0
       3
       1
       4
       1
       3
       2
       0
       1
       3
       2
       3
       3
       3
       2
       0
       5
       2
       4
       5
       2
       1
       3
       2
       1
       3
       2
       1
       3
       2
       2
       1
       4
       4
       2
       1
       1
       4
       3
       2
       3
       1
       5
       2
       1
       2
       0
       4
       1
       1
       1
       2
       2
       1
       3
       1
       4
       2
       3
       2
       3
       2
       4
       3
       1
       1
       2
       1
       4
       6
       1
       5
       3
       3
       3
       4
       3
       3
       3
       3
       3
       4
       4
       2
       2
       3
       2
       1
       2
       1
       3
       2
       2
       2
       3
       0
       4
       4
       2
       0
       1
       2
       4
       2
       4
       3
       0
       0
       1
       2
       3
       1
       1
       2
       2
       2
       4
       2
       2
       3
       1
       1
       4
       1
       2
       2
       7
       1
       2
       0
       3
       3
       1
       1
       0
       3
       0
       2
       1
       2
       4
       3
       3
       1
       5
       3
       4
       1
       1
       2
       2
       2
       3
       2
       4
       3
       7
       6
       0
       3
       2
       4
       5
       3
       1
       4
       4
       3
       1
       3
       5
       3
       5
       5
       3
       1
       2
       1
       3
       1
       5
       4
       2
       3
       2
       0
       5
       1
       3
       1
       2
       3
       1
       1
       0
       3
       4
       2
       2
       5
       2
       5
       1
       3
       1
       5
       3
       1
       4
       2
       4
       2
       1
       2
       1
       4
       1
       3
       5
       3
       4
       3
       4
       3
       0
       1
       0
       2
       1
       1
       3
       1
       1
       3
       4
       3
       2
       3
       4
       2
       2
       3
       5
       2
       4
       2
       4
       3
       3
       0
       1
       4
       4
       3
       3
       1
       5
       2
       5
       2
       1
       3
       0
       2
       1
       3
       1
       5
       0
       3
       0
       1
       2
       1
       2
       0
       3
       1
       3
       4
       3
       2
       2
       0
       2
       2
       0
       2
       3
       4
       2
       5
       3
       3
       3
       2
       7
       2
       2
       2
       2
       3
       1
       1
       2
       3
       4
       2
       2
       3
       1
       0
       0
       2
       6
       1
       2
       1
       2
       1
       4
       1
       4
       4
       2
       3
       2
       3
       3
       3
       1
       1
       4
       4
       2
       4
       3
       3
       1
       3
       2
       5
       4
       6
       2
       5
       5
       1
       0
       0
       2
       4
       1
       3
       5
       1
       4
       3
       4
       2
       3
       3
       5
       5
       4
       1
       2
       1
       2
       2
       3
       2
       0
       1
       0
       1
       3
       3
       1
       3
       3
       1
       2
       2
       2
       4
       3
       2
       5
       4
       1
       0
       3
       1
       3
       5
       2
       2
       2
       1
       0
       4
       1
       0
       4
       1
       0
       5
       1
       0
       7
       3
       1
       2
       2
       5
       3
       4
       3
       4
       6
       2
       5
       3
       1
       0
       4
       3
       1
       3
       1
       2
       7
       7
       2
       1
       0
       1
       1
       3
       1
       2
       5
       4
       1
       3
       2
       2
       3
       1
       5
       1
       2
       0
       2
       5
       1
       3
       0
       2
       5
       2
       1
       1
       5
       2
       1
       3
       1
       1
       5
       2
       2
       4
       0
       2
       3
       2
       2
       1
       1
       1
       2
       3
       3
       3
       1
       6
       1
       5
       2
       2
       0
       1
       2
       1
       3
       3
       2
       2
       2
       1
       1
       1
       1
       3
       1
       2
       1
       4
       2
       1
       0
       4
       1
       0
       2
       2
       3
       2
       1
       2
       1
       0
       1
       2
       3
       2
       2
       1
       2
       3
       1
       3
       5
       9
       4
       4
       6
      11
      12
       4
      10
       6
       9
      13
       4
       7
       2
       5
       3
       1
       5
       1
       3
       1
       2
       6
       1
       3
       3
       1
       2
       6
       1
       1
       4
       5
       3
       5
       2
       1
       2
       4
       2
       2
       1
       1
       0
       2
       4
       1
       3
       0
       2
       1
       0
       0
       3
       2
       4
       2
       2
       1
       3
       4
       3
       1
       5
       1
       2
       1
       3
       2
       3
       6
       3
       3
       5
       3
       2
       4
       4
       2
       0
       2
       2
       3
       2
       6
       2
       2
       2
       2
       1
       0
       2
       4
       1
       0
       0
       0
       2
       1
       3
       2
       4
       1
       2
       1
       1
       4
       2
       3
       1
       3
       1
       0
       1
       2
       6
       2
       2
       1
       2
       1
       3
       4
       1
       2
       4
       0
       1
       4
       2
       1
       4
       4
       2
       1
       1
       1
       3
       1
       1
       4
       2
       1
       3
       1
       2
       2
       2
       2
       3
       3
       3
       4
       3
       2
       2
       2
       1
       0
       0
       4
       3
       1
       4
       2
       0
       1
       2
       0
       2
       5
       3
       1
       1
       2
       2
       1
       3
       8
       2
       1
       2
       2
       1
       2
       1
       3
       1
       1
       1
       1
       2
       0
       0
       2
       1
       3
       2
       1
       3
       1
       1
       1
       2
       3
       2
       3
       3
       3
       1
       0
       2
       3
       1
       2
       4
       2
       2
       2
       3
       2
       3
       2
       0
       1
       4
       3
       2
       2
       1
       3
       0
       5
       5
       0
       2
       4
       0
       1
       0
       1
       2
       3
       2
       2
       2
       2
       4
       1
       1
       2
       1
       1
       4
       0
       4
       4
       2
       5
       5
       2
       1
       1
       4
       0
       3
       3
       2
       3
       3
       1
       3
       2
       1
       4
       1
       3
       2
       3
       1
       1
       1
       2
       2
       3
       0
       2
       1
       3
       2
       2
       2
       3
       1
       1
       2
       3
       1
       2
       3
       5
       3
       3
       4
       3
       1
       1
       2
       2
       4
       4
       2
       0
       6
       4
       3
       6
       1
       1
       5
       3
       4
       7
       1
       0
       0
       0
       3
       3
       2
       1
       2
       0
       4
       2
       1
       4
       1
       3
       2
       2
       3
       0
       3
       3
       0
       3
       2
       4
       3
       4
       3
       0
       5
       4
       3
       2
       0
       2
       1
       2
       2
       3
       3
       1
       1
       1
       3
       1
       2
       0
       1
       0
       1
       1
       1
       2
       3
       1
       4
       1
       2
       2
       2
       3
       1
       1
       3
       2
       3
       2
       2
       2
       0
       1
       1
       3
       3
       0
       1
       2
       2
       1
       6
       1
       0
       3
       2
       0
       1
       3
       2
       2
       1
       0
       3
       1
       1
       3
       3
       1
       2
       3
       2
       2
       0
       5
       1
       1
       4
       3
       1
       2
       1
       4
       2
       3
       0
       1
       5
       2
       0
       2
       4
       1
       1
       1
       2
       2
       3
       2
       1
       2
       0
       4
       4
       3
       1
       0
       3
       1
       2
       1
       3
       2
       4
       2
       1
       1
       0
       3
       3
       3
       1
       1
       2
       5
       1
       0
       4
       0
       2
       3
       2
       2
       3
       0
       2
       4
       3
       2
       3
       0
       1
       2
       4
       5
       0
       2
       1
       3
       2
       0
       3
       4
       1
       2
       6
       2
       3
       2
       1
       2
       3
       3
       2
       1
       4
       4
       0
       2
       1
       4
       5
       1
       4
       3
       1
       0
       2
       2
       3
       3
       2
       4
       1
       0
       5
       1
       2
       4
       3
       2
       2
       0
       0
       0
       0
       2
       2
       1
       2
       2
       4
       3
       3
       1
       5
       4
       1
       4
       1
       4
       1
       1
       2
       1
       1
       3
       1
       5
       0
       1
       2
       2
       2
       2
       4
       0
       2
       1
       2
       0
       3
       2
       2
       1
       5
       3
       1
       1
       2
       2
       2
       3
       1
       1
       2
       3
       1
       2
       4
       1
       1
       1
       3
       2
       5
       5
       1
       1
       1
       2
       1
       1
       2
       2
       4
       2
       4
       2
       2
       1
       0
       5
       3
       0
       1
       1
       2
       1
       4
       2
       0
       4
       1
       2
       0
       1
       1
       0
       2
       1
       4
       1
       1
       2
       1
       3
       2
       2
       1
       1
       3
       4
       1
       2
       2
       1
       2
       0
       1
       2
       0
       3
       1
       2
       0
       2
       1
       3
       0
       1
       4
       0
       0
       2
       3
       2
       0
       2
       2
       3
       2
       1
       1
       5
       1
       3
       1
       2
       6
       2
       2
       2
       2
       2
       0
       2
       2
       2
       2
       2
       2
       2
       3
       3
       3
       2
       0
       2
       2
       0
       2
       3
       2
       2
       2
       2
       2
       3
       1
       2
       0
       4
       1
       1
       2
       1
       3
       0
       0
       0
       2
       0
       1
       3
       1
       2
       0
       0
       3
       1
       0
       2
       2
       0
       1
       3
       6
       2
       3
       2
       2
       0
       2
       3
       2
       1
       2
       1
       1
       2
       1
       1
       0
       0
       0
       2
       2
       1
       4
       6
       1
       1
       0
       2
       3
       2
       2
       2
       0
       0
       2
       3
       0
       1
       1
       0
       0
       2
       2
       1
       1
       1
       0
       1
       1
       0
       1
       1
       1
       0
       2
       1
       4
       1
       2
       0
       1
       3
       2
       2
       1
       1
       0
       2
       2
       1
       0
       0
       2
       3
       2
       0
       4
       3
       2
       0
       1
       1
       2
       1
       4
       1
       2
       1
       2
       1
       2
       6
       2
       2
       1
       3
       1
       0
       2
       1
       0
       4
       3
       2
       0
       3
       2
       5
       1
       3
       2
       2
       3
       4
       1
       0
       2
       2
       1
       1
       1
       2
       1
       2
       2
       0
       1
       1
       0
       2
       3
       2
       1
       0
       1
       2
       4
       2
       4
       0
       1
       3
       2
       1
       3
       4
       2
       1
       0
       1
       0
       1
       0
       3
       2
       1
       1
       2
       2
       3
       0
       1
       2
       1
       3
       3
       0
       3
       1
       2
       3
       0
       5
       2
       3
       1
       0
       0
       1
       2
       1
       1
       5
       2
       1
       1
       1
       3
       1
       0
       3
       2
       1
       2
       1
       2
       2
       0
       3
       4
       1
       0
       2
       1
       3
       0
       3
       5
       1
       3
       2
       4
       0
       2
       2
       1
       3
       2
       1
       5
       0
       0
       4
       7
       4
       3
       1
       1
       0
       0
       0
       1
       3
       3
       2
       1
       1
       0
       3
       1
       2
       0
       3
       0
       4
       1
       1
       2
       1
       3
       1
       1
       1
       2
       0
       2
       1
       3
       4
       2
       3
       2
       4
       1
       2
       2
       3
       1
       0
       2
       2
       3
       0
       0
       0
       1
       3
       2
       2
       0
       0
       2
       0
       1
       1
       2
       4
       3
       2
       4
       1
       2
       2
       1
       0
       1
       1
       5
       3
       0
       1
       2
       3
       4
       4
       1
       3
       3
       4
       3
       0
       1
       1
       1
       2
       2
       0
       2
       4
       2
       0
       1
       0
       2
       0
       1
       1
       1
       0
       1
       0
       2
       1
       5
       3
       3
       1
       1
       1
       1
       1
       1
       1
       2
       0
       1
       5
       2
       1
       2
       3
       2
       1
       0
       3
       4
       2
       2
       0
       3
       3
       3
       4
       0
       0
       0
       1
       1
       0
       1
       0
       2
       1
       1
       4
       1
       1
       3
       1
       3
       3
       0
       0
       0
       3
       2
       2
       2
       0
       1
       3
       1
       5
       1
       1
       3
       3
       1
       2
       1
       1
       1
       2
       2
       3
       3
       0
       1
       3
       2
       3
       4
       2
       0
       0
       5
       0
       4
       4
       3
       0
       1
       6
       2
       1
       1
       4
       1
       3
       3
       1
       0
       1
       1
       3
       0
       0
       2
       1
       1
       1
       2
       1
       2
       4
       1
       1
       1
       3
       3
       1
       0
       3
       1
       1
       3
       0
       5
       2
       0
       1
       3
       3
       4
       1
       1
       4
       5
       3
       0
       2
       3
       3
       4
       4
       3
       2
       1
       2
       4
       2
       1
       2
       1
       4
       1
       0
       1
       3
       2
       0
       0
       3
       0
       3
       1
       1
       1
       1
       1
       2
       2
       2
       2
       2
       1
       1
       1
       3
       0
       1
       0
       3
       1
       2
       1
       3
       4
       1
       3
       1
       3
       1
       1
       3
       2
       1
       2
       4
       2
       2
       2
       2
       1
       3
       0
       2
       2
       1
       0
       1
       1
       1
       1
       3
       2
       0
       1
       1
       1
       1
       5
       2
       2
       1
       3
       2
       1
       1
       3
       3
       1
       1
       1
       2
       2
       1
       3
       0
       1
       3
       3
       1
       3
       0
       1
       1
       0
       3
       0
       2
       2
       1
       1
       0
       1
       2
       2
       2
       2
       1
       1
       2
       1
       0
       1
       2
       5
       0
       1
       1
       2
       3
       0
       1
       0
       1
       1
       0
       0
       2
       2
       4
       1
       5
       2
       0
       1
       2
       2
       3
       3
       1
       3
       1
       2
       2
       2
       1
       1
       1
       0
       2
       0
       2
       4
       2
       2
       0
       2
       1
       0
       3
       1
       2
       0
       2
       2
       0
       0
       1
       4
       0
       1
       2
       1
       2
       2
       0
       4
       1
       0
       2
       3
       3
       2
       4
       0
       3
       1
       1
       1
       0
       1
       2
       0
       1
       1
       0
       0
       0
       3
       0
       1
       3
       1
       1
       1
       3
       1
       2
       1
       2
       3
       1
       0
       2
       1
       0
       1
       3
       0
       2
       1
       2
       0
       2
       3
       2
       4
       3
       1
       2
       2
       1
       2
       4
       1
       1
       5
       1
       3
       1
       2
       1
       2
       1
       2
       1
       3
       1
       1
       2
       2
       2
       2
       4
       3
       2
       0
       1
       1
       2
       3
       1
       2
       0
       1
       2
       1
       0
       3
       3
       1
       0
       3
       3
       1
       2
       2
       3
       4
       3
       3
       0
       0
       0
       1
       0
       1
       3
       0
       3
       0
       1
       0
       3
       0
       1
       1
       1
       4
       1
       0
       1
       1
       3
       1
       1
       0
       2
       3
       2
       2
       1
       1
       1
       3
       4
       1
       1
       2
       0
       3
       2
       0
       1
       1
       2
       1
       1
       2
       1
       5
       2
       4
       4
       1
       1
       3
       1
       3
       2
       3
       5
       4
       2
       5
       2
       4
       5
       2
       3
       6
       4
       3
       1
       3
       7
       4
       2
       1
       1
       3
       2
       0
       2
       4
       2
       2
       0
       1
       2
       1
       1
       2
       0
       0
       0
       4
       2
       0
       4
       0
       1
       0
       0
       0
       0
       3
       4
       0
       1
       2
       0
       2
       4
       1
       1
       0
       3
       2
       1
       1
       3
       2
       3
       1
       1
       0
       3
       0
       1
       1
       3
       1
       3
       1
       3
       3
       0
       2
       1
       1
       3
       1
       2
       2
       1
       0
       1
       0
       2
       1
       1
       1
       0
       2
       2
       1
       1
       1
       2
       1
       2
       2
       1
       0
       1
       3
       2
       1
       0
       1
       2
       2
       0
       4
       0
       2
       0
       1
       1
       2
       2
       0
       2
       1
       2
       2
       1
       1
       2
       2
       1
       5
       2
       1
       2
       1
       3
       1
       1
       1
       0
       2
       1
       2
       1
       1
       0
       3
       3
       1
       1
       0
       2
       0
       2
       2
       2
       1
       1
       3
       1
       2
       1
       3
       2
       2
       2
       3
       1
       2
       0
       2
       0
       1
       0
       0
       0
       2
       3
       0
       0
       0
       0
       0
       0
       0
       0
       0
       0
       0
       0
       0
       0
       0
       0
       0
       0
       0
       0
       0
       0
       0
       0
       0
       0
       0
       0
       0
       0
       0
       0
       0
       0
       0
       0
       0
       0
       0
       0
       0
       0
       0
       0
       0
       0
       0
       0
       0
       0
       0
       0
       0
       0
       0
       0
       0
       0
       0
       0
       0
       0
       0
       0
       0
       0
       0
       0
       0
       0
       0
       0
       0
       0
       0
       0
       0
       0
       0
       0
       0
       0
       0
       0
       0
       0
       0
       0
       0
       0
       0
       0
       0
       0
       0
       0
       0
       0
       0
       0
       0
       0
       0
       0
       0
       0
       0
       0
       0
       0
       0
       0
       0
       0
       0
       0
       0
       0
       0
       0
       0
       0
       0
       0
       0
       0
       0
       0
       0
$ROI:
0
$PRESETS:
None
0
0
$ENER_FIT:
-2.173939 0.279251
$MCA_CAL:
3
-2.173939E+000 2.792507E-001 0.000000E+000 keV
$SHAPE_CAL:
3
1.571259E+001 -1.155430E-003 0.000000E+000
