$SPEC_ID:
226Ra
$SPEC_REM:
DET# 1
DETDESC# MCB 132 Input 1
AP# Maestro Version 6.06
$DATE_MEA:
11/29/2021 11:35:08
$MEAS_TIM:
164140 164153
$DATA:
0 8191
       0
       0
       0
       0
       0
       0
       0
       0
       1
       1
       0
       0
       0
       0
       0
       0
       0
       0
       0
       0
       0
       0
       0
       0
       0
       2
    1499
   12820
    1118
     397
     302
     340
     340
     389
     402
     394
     369
     383
     353
     359
     393
     445
     449
     438
     358
     344
     282
     281
     303
     281
     291
     317
     318
     257
     270
     243
     260
     265
     219
     241
     218
     197
     238
     193
     222
     209
     193
     215
     180
     202
     209
     170
     189
     195
     173
     186
     185
     175
     169
     186
     151
     176
     189
     178
     157
     175
     168
     139
     167
     175
     180
     137
     124
     156
     157
     161
     150
     109
     128
     130
     121
     128
     152
     123
     130
     110
     140
     116
     135
     133
     117
     112
     130
     120
     134
     118
     110
     117
     118
     100
     110
     121
     120
     118
     122
     119
     107
     140
     120
      97
     122
     124
     108
     111
      99
      94
     115
     117
     108
     128
     107
     107
     107
     106
     119
     111
      96
     102
     113
     106
     109
     114
      97
      89
     114
     117
      98
     113
     110
     127
     103
     102
     109
     102
     113
     105
      98
     121
     111
     126
     118
     184
     191
     207
     140
     111
      84
     102
     101
      97
     115
      96
      96
     102
      96
      98
      95
      84
      96
      93
      90
      94
     104
     102
     111
     113
     135
     152
     123
     108
     105
      95
     119
      98
     113
     108
     101
      91
      99
     100
     102
     112
      92
      88
     100
     100
     113
     138
     137
     138
     144
     110
     103
     115
     113
     108
     115
     122
      95
     151
     203
     273
     347
     266
     176
     125
     102
     106
     100
     112
     108
      98
     113
     125
     103
     114
     115
      97
     108
     109
     117
     126
     109
     111
     108
     111
     135
     116
     116
     125
     126
     131
     140
     126
     106
     150
     152
     161
     129
     126
     116
     139
     197
     229
     186
     189
     132
     121
     135
     129
     136
     165
     196
     157
     127
     106
     121
     118
     113
     123
     119
     117
     121
     117
     105
     113
     129
     135
     125
     124
     137
     131
     136
     140
     145
     143
     203
     181
     205
     190
     175
     164
     129
     131
     142
     128
     159
     145
     182
     155
     140
     154
     130
      98
     127
     115
     129
     185
     148
     132
     136
     130
     142
     192
     284
     421
     551
     618
     463
     382
     226
     148
     134
     109
     122
     120
     129
     111
     129
     134
     124
     120
     126
     127
     122
     128
     138
     143
     152
     129
     138
     131
     129
     135
     101
     106
     111
     118
     134
     113
     116
     123
     131
     103
     104
     118
     119
     106
     122
     128
     128
     132
     151
     134
     131
     134
     146
     134
     118
     126
     132
     114
     129
     128
     133
     145
     133
     119
     127
     139
     122
     130
     124
     124
     135
     150
     126
     133
     156
     179
     148
     140
     128
     111
     128
     138
     152
     114
     137
     132
     124
     143
     116
     116
     127
     137
     159
     141
     150
     142
     130
     111
     111
     127
     128
     108
     140
     120
     155
     122
     140
     129
     117
     130
     121
     132
     123
     126
     145
     138
     139
     127
     131
     120
     119
     128
     130
     110
     132
     134
     133
     125
     126
     120
     137
     130
     126
     130
     129
     144
     144
     132
     134
     139
     134
     120
     131
     137
     126
     122
     116
     127
     127
     126
     123
     141
     125
     114
     125
     126
     124
     126
     128
     103
     148
     131
     128
     116
     119
     134
     131
     131
     124
     127
     127
     155
     161
     131
     134
     147
     136
     114
     125
     118
     136
     140
     135
     167
     154
     195
     186
     162
     150
     125
     148
     125
     138
     111
     121
     128
     133
     120
     124
     138
     108
     119
     127
     128
     122
     124
     126
     127
     129
     133
     117
     128
     110
     118
     137
     132
     114
     117
     124
     151
     122
     150
     122
     134
     117
     125
     109
     138
     118
     117
     117
     106
     123
     102
     114
     122
     131
     114
     119
     139
     109
     132
     130
     135
     109
     131
     139
     131
     108
     121
     124
     128
     140
     126
     145
     161
     138
     158
     126
     135
     106
     138
     111
     125
     113
     118
     109
     111
      97
     126
     137
     136
     107
     117
     114
      87
     123
     105
     109
     115
     124
     129
      96
     114
     114
     117
     108
     115
     123
     133
     132
     101
     128
      95
     114
     146
     123
     115
     134
     119
     112
     124
     127
     111
     131
     130
     111
     113
     120
     113
     120
     144
     145
     112
     103
     120
     128
     115
      98
     112
     107
     109
     106
     101
     129
     118
     117
     129
     113
     121
     108
     139
     174
     311
     428
     507
     432
     311
     183
     140
     111
     108
     128
     119
     109
     107
     114
     113
     113
     101
     105
      97
      85
     124
     105
     102
     112
     102
     109
     108
     110
     120
     106
     118
     106
     112
     104
     106
     131
     110
     109
     124
     112
     106
     108
     116
     114
     100
     117
     112
     115
     143
     115
     110
     125
     107
     101
     115
     102
     108
     105
     109
     130
     118
     107
     122
     103
     116
     100
     117
     130
      83
     121
     133
     146
     123
     126
     139
     115
     113
     109
      99
     109
     105
     103
     106
      86
     124
     102
     133
     118
     110
     109
     120
     117
     108
     103
     110
     110
     118
      98
     113
     104
     108
      89
      99
     104
     104
     108
     100
     105
      95
      97
      94
     103
     105
      95
     133
     109
     113
      99
     104
     100
      98
     122
     102
     103
      85
      88
      99
     105
      97
      99
     108
     114
     101
      84
     110
      87
     120
     116
     116
     123
     121
      85
     101
      95
      95
      94
      99
     111
     126
     101
      97
      84
      94
      99
     101
     107
     102
     127
     106
      81
      91
     111
      83
      95
      88
      99
      82
      87
     107
     103
      95
     104
      95
      88
      91
     102
      94
      83
     106
      79
     102
      94
      97
     102
      98
      81
      80
     113
     136
     192
     244
     234
     224
     154
     123
     114
     102
      97
     111
     112
     123
      94
      96
      86
      96
      94
      96
      81
      91
      95
      96
      92
      96
      82
      94
      84
     104
     103
      84
      78
      86
      90
      94
      93
      92
      87
      84
      80
      78
      99
      86
     102
      92
      98
      90
      78
      77
      96
      90
      66
     101
      81
      95
      77
      82
      91
      83
     100
      83
      88
     105
     103
      77
      89
      76
      85
      88
     105
      85
     103
      92
      92
      89
      94
      88
      84
      85
      95
      71
      87
      90
      77
      90
      85
      78
      71
      82
      98
      77
      85
      79
     101
      71
      91
      91
      80
      74
      86
      69
      92
      83
      75
      82
      87
      74
      86
      89
      85
      78
      92
      99
      87
      90
      65
      86
      99
      94
      74
      89
      85
      69
      78
      76
      67
      72
      85
      85
      64
      89
      84
      69
      75
      72
      75
      77
      84
      64
      81
      89
      80
      85
      90
      76
      74
      72
      83
      76
      75
      75
      82
      65
      70
      63
      70
      67
      76
      76
      74
      89
      75
      86
      88
      70
      69
      89
      68
      88
      71
      88
      75
      84
      65
      84
      80
      65
      83
      75
      84
      84
      74
      95
      65
      73
      68
      77
      62
      76
      69
      64
      79
      84
      83
      78
      76
      81
      66
      68
      73
      75
      58
     104
      91
      82
     100
      86
      84
      82
      72
      56
      84
      57
      76
      61
      69
      66
      75
      65
      93
      85
      77
      81
      65
      58
      68
      69
      69
      86
      63
      77
      83
      83
      78
      73
      78
      69
      62
      72
      57
      77
      83
      83
      64
      70
      84
      66
      75
      60
      66
      63
      66
      62
      60
      55
      63
      67
      74
      70
      83
      67
      67
      78
      70
      67
      66
      73
      61
      62
      80
      67
      79
      65
      73
      72
      56
      68
      81
      75
      75
      73
      71
      74
      73
      59
      60
      52
      72
      79
      72
      62
      58
      56
      71
      64
      75
      65
      67
      63
      55
      72
      69
      76
      60
      57
      73
      69
      71
      75
      53
      70
      75
      63
      73
      69
      93
      55
      54
      58
      72
      58
      64
      77
      80
      78
      73
      62
      58
      62
      62
      64
      76
      78
      55
      75
      56
      64
      72
      63
      63
      68
      62
      58
      66
      65
      58
      66
      50
      61
      80
      81
      64
      58
      57
      58
      59
      79
      95
      97
      98
      85
      72
      62
      63
      70
      65
      47
      65
      58
      78
      75
      53
      61
      60
      58
      57
      65
      67
      57
      55
      49
      68
      54
      58
      62
      60
      56
      55
      55
      56
      67
      61
      58
      55
      54
      46
      57
      67
      61
      62
      70
      51
      76
      80
      79
      71
      90
      70
     103
      79
      66
      62
      72
      48
      56
      51
      55
      53
      55
      65
      65
      61
      72
      49
      54
      53
      64
      53
      60
      49
      64
      46
      62
      65
      65
      65
      48
      59
      85
      39
      64
      51
      55
      53
      55
      46
      62
      45
      53
      65
      64
      67
      53
      58
      60
      45
      53
      53
      51
      55
      55
      55
      43
      53
      65
      54
      51
      55
      44
      47
      53
      52
      57
      58
      61
      57
      57
      62
      44
      49
      52
      64
      41
      46
      55
      44
      49
      60
      56
      47
      53
      65
      67
      42
      58
      54
      46
      54
      56
      45
      49
      53
      48
      52
      56
      59
      57
      50
      44
      67
      56
      57
      51
      54
      62
      53
      47
      54
      60
      54
      56
      53
      53
      55
      51
      59
      57
      40
      41
      47
      54
      58
      67
      65
      60
      58
      53
      49
      50
      44
      47
      55
      51
      53
      61
      52
      57
      38
      54
      58
      59
      52
      45
      51
      42
      52
      64
      55
      41
      47
      49
      56
      46
      58
      52
      64
      60
      54
      54
      54
      49
      49
      58
      51
      51
      51
      43
      56
      55
      45
      51
      54
      49
      53
      48
      54
      61
      51
      46
      46
      36
      37
      57
      50
      50
      61
      50
      63
      51
      54
      55
      56
      49
      54
      37
      59
      53
      61
      48
      49
      52
      57
      42
      55
      54
      53
      50
      42
      54
      48
      61
      51
      58
      47
      44
      56
      39
      53
      48
      50
      52
      40
      51
      56
      58
      38
      50
      58
      55
      37
      48
      53
      40
      43
      48
      54
      52
      44
      36
      42
      46
      61
      50
      44
      50
      39
      54
      50
      66
      44
      45
      50
      58
      48
      48
      42
      47
      35
      49
      44
      55
      39
      53
      44
      42
      46
      54
      44
      35
      48
      60
      40
      49
      51
      54
      36
      40
      42
      66
      36
      40
      49
      37
      59
      56
      88
     128
     192
     288
     337
     300
     241
     164
      99
      54
      47
      45
      46
      48
      38
      39
      44
      43
      66
      47
      60
      37
      55
      47
      42
      54
      40
      43
      47
      47
      54
      52
      42
      40
      45
      50
      38
      45
      47
      56
      40
      35
      52
      41
      45
      51
      33
      44
      36
      42
      53
      47
      41
      37
      41
      32
      52
      49
      48
      47
      46
      38
      37
      54
      40
      49
      53
      43
      51
      40
      41
      39
      49
      46
      50
      40
      45
      36
      57
      50
      40
      33
      42
      50
      56
      35
      45
      51
      43
      42
      48
      37
      47
      53
      28
      44
      40
      37
      42
      44
      37
      43
      39
      48
      44
      42
      47
      57
      53
      44
      36
      52
      46
      33
      43
      41
      41
      45
      42
      46
      49
      37
      55
      48
      29
      50
      55
      40
      38
      40
      40
      50
      43
      43
      52
      56
      34
      33
      43
      44
      35
      46
      38
      40
      47
      41
      36
      38
      54
      36
      31
      26
      45
      35
      52
      50
      37
      30
      50
      44
      50
      45
      51
      46
      36
      40
      48
      34
      40
      40
      43
      53
      44
      42
      42
      33
      26
      35
      32
      40
      46
      38
      27
      35
      37
      46
      45
      36
      33
      27
      41
      36
      37
      36
      37
      40
      53
      44
      44
      37
      39
      34
      26
      47
      47
      42
      39
      43
      32
      34
      51
      37
      38
      32
      34
      39
      33
      55
      41
      49
      37
      32
      37
      36
      34
      34
      33
      41
      36
      37
      44
      43
      34
      39
      25
      31
      41
      32
      27
      27
      45
      30
      39
      39
      33
      39
      34
      26
      38
      44
      34
      33
      28
      35
      36
      38
      33
      43
      38
      44
      38
      24
      39
      42
      39
      24
      44
      49
      48
      49
      74
      73
     111
     126
     141
     219
     204
     268
     291
     283
     284
     252
     239
     174
     149
     117
      98
      86
      57
      77
      45
      46
      34
      33
      40
      39
      32
      37
      32
      39
      32
      44
      39
      33
      46
      36
      39
      38
      40
      33
      39
      42
      31
      33
      32
      33
      45
      28
      44
      30
      37
      36
      35
      49
      29
      28
      28
      39
      35
      33
      31
      32
      37
      27
      25
      35
      46
      33
      33
      36
      54
      27
      28
      38
      19
      27
      28
      30
      25
      35
      29
      29
      39
      28
      31
      36
      26
      37
      32
      39
      35
      37
      31
      28
      33
      42
      29
      21
      28
      32
      27
      43
      27
      44
      22
      31
      26
      39
      30
      26
      22
      28
      39
      34
      30
      26
      33
      28
      45
      27
      20
      29
      31
      35
      27
      31
      29
      26
      25
      29
      24
      19
      31
      34
      36
      27
      34
      32
      39
      20
      32
      29
      28
      40
      25
      38
      27
      33
      25
      31
      37
      37
      19
      36
      22
      30
      40
      24
      35
      28
      26
      40
      33
      25
      26
      25
      33
      30
      33
      28
      36
      31
      37
      32
      39
      36
      33
      37
      29
      29
      37
      33
      24
      29
      33
      34
      30
      34
      20
      29
      17
      31
      30
      26
      38
      37
      30
      34
      32
      27
      41
      33
      32
      30
      30
      34
      38
      29
      34
      31
      39
      33
      33
      40
      35
      39
      46
      43
      64
      70
      54
      51
      38
      35
      31
      21
      22
      21
      29
      28
      33
      24
      27
      25
      27
      35
      34
      35
      22
      37
      33
      43
      30
      25
      24
      37
      28
      23
      38
      26
      27
      35
      29
      27
      26
      44
      23
      27
      25
      33
      23
      34
      35
      40
      45
      61
      72
      57
      52
      52
      30
      32
      28
      14
      26
      30
      22
      36
      28
      34
      23
      20
      24
      31
      21
      31
      27
      30
      24
      22
      27
      30
      40
      29
      30
      31
      27
      33
      22
      31
      19
      25
      27
      36
      22
      30
      30
      24
      26
      25
      32
      29
      26
      29
      36
      34
      31
      41
      15
      30
      34
      36
      34
      27
      39
      40
      35
      21
      29
      47
      34
      36
      32
      30
      35
      25
      30
      14
      26
      20
      27
      32
      35
      33
      27
      22
      25
      28
      29
      26
      35
      27
      26
      35
      28
      30
      31
      34
      46
      48
      42
      48
      43
      31
      33
      24
      27
      23
      37
      25
      37
      30
      45
      67
      95
     138
     192
     209
     190
     161
     140
      81
      48
      36
      28
      23
      36
      26
      24
      40
      26
      32
      31
      28
      24
      32
      35
      23
      25
      33
      19
      31
      23
       8
      19
      26
      28
      24
      20
      20
      28
      27
      23
      31
      19
      24
      23
      22
      28
      27
      23
      25
      30
      20
      30
      39
      26
      34
      26
      21
      22
      26
      17
      16
      28
      30
      27
      19
      26
      30
      27
      25
      17
      41
      27
      26
      34
      36
      30
      25
      27
      22
      34
      26
      25
      22
      32
      15
      36
      24
      22
      37
      28
      26
      27
      25
      35
      32
      24
      23
      21
      23
      31
      20
      32
      22
      22
      33
      18
      21
      16
      18
      30
      34
      27
      22
      23
      23
      28
      22
      30
      20
      27
      30
      20
      23
      23
      25
      25
      32
      23
      22
      25
      26
      23
      19
      30
      18
      26
      22
      19
      31
      18
      20
      30
      23
      38
      33
      25
      20
      21
      28
      27
      22
      25
      26
      17
      32
      17
      13
      34
      25
      18
      23
      28
      26
      31
      29
      31
      22
      48
      63
     100
     162
     224
     280
     273
     307
     218
     148
      80
      51
      39
      21
      34
      34
      28
      15
      30
      37
      21
      24
      26
      31
      27
      28
      22
      20
      28
      17
      25
      26
      23
      20
      14
      27
      23
      23
      19
      24
      35
      22
      19
      19
      32
      23
      30
      21
      26
      24
      18
      26
      23
      19
      23
      20
      14
      23
      20
      13
      30
      20
      25
      23
      18
      15
      24
      22
      22
      19
      20
      19
      18
      20
      20
      27
      27
      18
      22
      20
      25
      20
      24
      20
      11
      22
      23
      16
      26
      25
      19
      21
      23
      19
      19
      17
      12
      14
      21
      35
      21
      20
      23
      16
      15
      28
      26
      18
      25
      25
      25
      15
      22
      18
      31
      29
      24
      23
      33
      26
      35
      27
      27
      21
      28
      20
      32
      21
      17
      23
      24
      21
      23
      26
      24
      32
      18
      29
      16
      25
      24
      22
      23
      21
      22
      29
      29
      23
      26
      26
      20
      11
      33
      21
      22
      24
      24
      33
      32
      18
      28
      24
      28
      28
      19
      17
      21
      16
      27
      22
      27
      18
      30
      29
      24
      22
      22
      26
      22
      21
      19
      24
      16
      21
      22
      28
      18
      18
      25
      25
      20
      20
      15
      19
      20
      24
      23
      15
      25
      18
      24
      15
      19
      18
      26
      23
      27
      23
      21
      19
      20
      26
      21
      31
      16
      25
      25
      19
      35
      36
      63
      88
     142
     149
     193
     167
     138
     111
      83
      45
      29
      20
      25
      19
      18
      25
      21
      25
      27
      22
      23
      38
      26
      38
      17
      17
      26
      18
      18
      15
      22
      21
      17
      23
      19
      21
      34
      23
      17
      19
      23
      19
      17
      18
      21
      28
      20
      23
      19
      28
      15
      19
      20
      23
      15
      12
      21
      20
      15
      19
      16
      16
      18
      17
      18
      17
      19
      19
      22
      18
      24
      25
      26
      21
      25
      28
      25
      29
      26
      18
      16
      17
      25
      15
      12
       6
      29
      23
      20
      15
      34
      23
      23
      22
      28
      24
      18
      26
      20
      32
      22
      14
      20
      16
      16
      13
      20
      19
      20
      29
      15
      12
      11
      19
      25
      10
      22
      20
      27
      12
      20
      16
      17
      20
      16
      23
      25
      18
      14
      15
      21
      22
      22
      19
      27
      20
      16
      19
      16
      21
      14
      20
      21
      20
      22
      19
      28
      17
      15
      15
      20
      31
      13
      16
      20
      18
      23
      31
      27
      39
      28
      21
      34
      18
      17
      19
      26
       9
      16
      21
      18
      13
      19
      20
      21
      13
      21
      15
       8
      30
      21
      12
      17
      15
      12
      22
      16
      15
      19
      19
      15
      25
      25
      10
      16
      21
      18
      10
      21
      11
       9
      15
      18
      25
      16
      14
      16
      16
      21
      12
      20
      17
      23
      21
      15
      22
      20
      21
      23
      18
      18
      15
      18
      14
      17
      25
      32
      12
      25
      13
      15
      22
      19
      14
      25
      24
      17
      23
      23
      20
      28
      26
      15
      20
      20
      18
      16
      26
      20
      21
      25
      21
      20
      21
      21
      24
      18
      18
      15
      15
      22
      23
      20
      30
      15
      23
      26
      18
      13
      20
      16
      13
      12
      26
      22
      15
      17
      19
      15
      17
      15
      17
      18
      12
      10
      23
      19
      20
      19
      17
      23
      30
      19
      18
      19
      19
      21
      18
      17
      19
      16
      20
      14
      20
      24
      18
      17
      21
      24
      23
      14
      20
      18
      15
      16
      17
      16
      17
      15
      23
      15
      16
      12
      16
      21
      11
      18
      19
      20
      14
      14
      14
      15
      19
      15
      18
      23
      20
      23
      15
      21
      11
      24
      11
      14
      15
      16
       8
      18
      16
      20
      18
      20
      26
      19
      16
      18
      20
      15
      28
      20
      23
      22
      21
      16
      15
      15
      16
      19
      22
      24
      22
      17
      24
      19
      15
      11
      13
      17
      10
      18
      14
      17
      12
      17
      16
      13
      19
      26
      18
      24
      17
      13
      16
      15
      18
      21
      16
      16
      19
      21
      14
      18
      17
      16
      18
      22
      15
      20
      14
      13
      22
      19
      19
      13
       8
      14
      21
      14
      19
      16
      21
      18
      21
      18
      14
      23
      17
      19
      22
      16
      20
      13
      17
      17
      21
      25
      32
       9
      22
      22
      23
      19
      13
      21
      22
      18
      24
      15
      15
      19
      15
      18
      15
      21
       9
      12
      21
      17
      12
      21
      20
      11
      19
      17
      17
      19
      23
      17
      21
      17
       9
      18
      21
      10
      16
      23
      18
      22
      17
      19
      16
      17
      23
      17
      23
      27
      18
      14
       6
      14
      18
      15
      23
      25
      18
      17
      25
      15
      18
      10
      15
      17
      21
      15
      19
      16
      15
      22
       8
      18
      14
      11
      15
      10
      14
      12
      20
      14
      20
      29
       8
      20
      17
      17
      16
      12
      14
      19
      11
      11
      19
      18
      16
      16
      19
      13
      10
      19
      15
      11
      18
      12
      15
      16
      15
      17
      14
      21
      22
      24
      11
      19
      11
      15
      16
      22
      15
      23
      24
      15
       9
      23
      18
      22
      19
      10
      21
      19
      18
      21
      13
      17
      15
       8
      13
      20
      19
      16
      14
      15
      18
      14
      26
      18
      15
      17
       8
      17
       5
       9
      19
      13
       9
      14
      14
      12
      16
      15
       9
      14
      19
      19
      11
      12
      16
      10
      18
      24
      17
      14
      12
      11
       9
      27
      17
      18
      14
      15
      19
      12
       7
      10
      19
      13
      15
      18
      20
      11
      11
      13
      20
      13
      13
      14
      14
      13
      15
       8
      13
      15
      14
      12
      13
      20
      17
      16
      15
      12
      23
      16
      22
      16
      11
      23
      14
       8
      13
      16
      12
      19
      15
      15
      20
      22
      15
      14
      17
      12
      21
      29
      26
      22
      22
      22
      45
      37
      39
      26
      36
      26
      18
      20
      19
      17
      10
      12
      17
      12
      22
       9
      10
      14
      18
       8
      15
      27
      22
      20
      12
       9
       9
      12
      17
      17
      19
      19
      18
      16
      10
      15
      10
      13
      16
      14
      13
      18
      20
      17
      13
      11
      15
      16
      18
       7
      11
      19
      14
      13
      16
      23
      13
      21
      12
       7
      13
       6
      15
      18
       9
      18
      10
      16
      12
      20
      11
      14
      11
      12
      15
      15
       8
       8
      15
      16
      19
      23
       7
      16
      11
      18
      15
      20
      11
      11
      21
      11
      17
      12
      12
      12
      14
      18
      23
      12
      19
      17
       9
      16
      25
      19
      16
      16
       7
      18
      11
      21
      10
      14
      18
      12
       6
      13
      12
      11
      11
      22
      14
      11
      13
      11
      19
       9
      12
      14
       9
       9
      14
      11
      17
      18
      10
       7
       7
      13
       8
      12
      17
      10
      25
       8
      12
      14
      12
      20
      16
      12
       4
      13
      12
      10
      12
       8
      17
      17
      17
      16
      13
       8
      13
      16
      10
      12
      19
      14
      11
      18
      18
      18
      10
      10
       9
      20
      14
      13
      23
      18
      22
      14
      12
      15
       8
      15
      22
      17
      18
      15
      21
      16
       9
      13
      22
      18
      15
      13
      16
      16
      18
      14
      17
      25
      25
      27
      36
      21
      25
      14
      18
      16
      17
      15
      12
      16
      11
      15
      11
      14
      17
      13
      18
      15
      12
      12
      19
      16
      21
      19
      21
      14
       8
      16
      21
       8
      11
      10
      14
      10
      12
       8
      12
      24
      16
      16
      12
      15
      14
       8
      17
      17
      19
      12
      17
      14
      12
      20
       9
      13
      14
      11
       9
      12
      19
      13
      12
      18
      16
       9
      11
      15
      14
      13
       7
      17
      10
      11
       7
      14
      12
      13
      11
       7
      14
      19
      11
      21
      14
      14
      16
      13
      17
      18
      17
      13
       9
      11
      18
      10
      13
      18
      14
       7
       8
      17
      10
      12
      11
      13
      15
       8
      21
      15
      15
      24
      31
      31
      28
      31
      30
      30
      21
      21
      18
      10
      20
      15
      14
      13
       9
      14
      14
      15
      15
       7
       7
      17
      16
      15
       9
      15
      19
      19
      13
      14
       9
      13
       9
      11
      20
      10
       3
       5
       8
      12
      12
      12
      10
      10
      14
       9
      10
      17
      17
      15
      12
      14
      12
      10
      13
      18
       7
      12
       9
      10
       9
      10
      11
      12
      14
      14
       8
      16
      17
      17
      14
      12
      17
       6
       9
       9
      10
       8
      17
       8
      16
      15
      10
      13
      17
      15
      20
       3
      11
      15
      10
      13
      12
      14
      15
      16
      13
      11
      11
      13
      10
      10
      18
      13
      13
      12
      11
      16
       8
      15
      15
      11
      11
       5
       8
       9
      14
      18
      12
      11
      18
      18
      12
      10
      10
      16
      11
       9
      12
      13
       7
      11
       8
       9
      20
      15
      13
      20
      12
      16
      20
      12
      11
      10
      14
      19
       8
      14
       9
      12
      11
      16
      17
       9
       8
      14
      12
      15
      15
      22
      10
      17
      17
       7
      17
      11
       8
      17
      10
      17
      11
      15
       9
      10
       9
       5
      10
      10
      20
      19
      14
      11
      12
      12
      17
      10
      10
       6
       7
      15
       5
      14
      17
      10
       9
      13
      12
      10
      18
      12
      15
      20
      15
      10
      17
       7
       5
      13
      11
      10
      19
      14
      10
      15
       9
      11
      18
       8
      10
      13
      14
      18
      21
      20
      21
      19
      22
      28
      22
      14
      23
      13
      17
      12
      14
       7
       7
      18
       7
       6
      12
      10
      13
      10
       9
      13
      18
      12
       6
      11
      12
      10
       9
       2
      13
       7
      16
      12
       8
       6
      17
      11
      20
       9
      12
      15
      19
       9
      13
      14
      16
       7
       8
      13
       9
      13
      12
       8
      12
      26
      13
      13
       8
      12
       9
      12
       9
      14
       8
       6
      15
       9
      20
      11
       3
      17
      16
      16
      17
      10
      16
      13
      12
       9
      10
      14
       9
      13
      12
      15
      18
      10
      13
       8
      10
      14
      14
       7
      12
      13
       9
       8
      13
      11
      10
       9
      13
      15
      11
       6
      13
      14
      15
       9
      10
       9
      13
       9
      16
       7
      19
       8
      13
      12
      12
      10
       9
       9
       9
      16
       8
      16
      13
       8
      11
      15
      11
       8
      11
      11
      14
      15
       9
      15
      15
      12
      13
      13
      10
       8
      13
      22
      11
      22
      11
      15
      17
      11
      14
       9
      12
      16
      14
      12
       6
      15
      15
       9
      12
      13
      15
      10
       9
      15
      18
      15
      10
      12
      10
       9
      15
      11
      20
       8
      11
      12
      10
      13
      14
      16
      15
      15
      18
      20
      10
      14
      12
       7
      11
      14
      14
      18
      14
      10
      10
      15
      18
      16
      22
      20
      20
      23
      11
      13
      11
      15
      12
      10
      13
      15
      10
      12
      12
      13
      14
       9
      15
      12
      13
      10
      10
      12
       5
      15
       7
      11
      15
       7
       7
      10
       8
      11
      18
      11
      12
      12
      11
      11
       9
      11
      10
       5
      16
       8
       4
      13
       9
      11
       8
      15
       7
      13
       9
       9
      12
      16
       7
      11
       7
       6
      13
       8
       4
       7
       5
       7
      10
       6
      13
       6
      10
      11
      11
      14
       5
      13
      11
       5
      15
       7
       7
       8
      13
       9
      11
       9
      13
      10
       7
       8
      12
      15
      12
       9
      13
       3
      17
       9
      15
      12
      13
      15
       7
      13
       9
      12
      13
      11
      12
      10
       6
      13
       4
       5
      11
      10
       7
       8
      10
       9
       8
      19
       9
      13
       9
      14
      12
      10
       8
      11
       9
      15
      13
       9
      10
      11
      14
      12
      15
       8
       8
       9
      11
      14
      10
      10
       9
       9
      12
      14
       8
      11
      11
      10
       9
       9
       9
       5
       2
      10
       7
       8
      12
      15
      14
      12
       5
      10
      12
       6
       4
      16
      10
      10
       8
      12
       9
       9
      15
       7
      15
      10
      10
      11
      11
       8
       9
       6
       7
      11
       5
      10
       5
      12
      13
      11
       6
      13
      17
      11
       5
       9
      11
      10
      15
      10
      10
      16
      14
      12
       8
      14
      11
       8
       3
      15
      11
      13
      10
      11
       8
      12
       6
       9
      11
      13
      11
       9
      14
      11
       7
       7
       8
      11
      16
       5
       9
      17
       9
       7
      11
       9
       7
      11
       9
       9
      11
      13
      15
      10
       9
      16
      13
       7
      10
      13
      10
      10
      13
      10
      15
      13
      12
       5
      11
       8
      10
       8
      13
       7
      10
      13
      14
      11
       9
      10
      11
      11
       7
       9
      11
      10
       7
      10
      12
      14
       7
      14
       8
       4
      15
      13
       9
      12
       8
       6
       5
      11
      11
      12
       6
      12
       8
      13
      13
      12
       8
      16
       7
       6
      11
      11
      10
      11
      17
      12
      12
      14
      10
       5
       9
       8
       5
      12
       7
      11
      11
       5
      14
      12
      15
      10
       8
       9
       9
       9
      16
      12
      14
       7
       6
      12
      12
      12
      10
      13
       9
      10
      11
      14
      11
      15
       4
      16
       9
       7
       6
       7
      12
       9
       9
      11
       9
      10
       7
       3
       4
      12
       7
      14
      12
      12
      11
       8
      13
       6
      10
      10
      13
       7
       7
      11
       8
       9
      15
       7
      15
      10
       7
       9
       8
       5
      12
      12
      15
      10
      13
       8
       7
       6
       8
       5
      12
      11
       8
      11
      11
       8
       8
       5
      12
      14
      12
      14
       9
       8
      11
      15
      13
      18
      16
       4
       5
      23
      10
      13
       8
      12
       4
      14
       6
       8
      15
      15
      12
      14
      13
      11
      13
      12
       7
       9
      13
       4
       9
      12
       8
      12
       7
       6
      10
      15
       7
       9
       5
       8
       9
      14
       4
      12
      10
       3
       7
       5
      10
       7
      11
       7
      13
       8
       4
       8
       6
       5
      13
       7
      12
      13
       6
       7
       8
       8
      10
       8
      15
      10
       6
       8
       7
       9
       8
       8
       9
      10
      10
      11
       7
       7
       8
       8
       9
       8
      16
       9
      11
       7
      12
      11
       9
      10
      14
      12
      11
       6
       5
       8
       7
       6
       9
       8
      11
       9
      12
      10
       8
       6
       5
      10
       3
       4
       6
      12
      11
      15
      10
       6
      12
       9
       7
       9
       9
      10
       7
       7
       8
       5
       5
       6
       7
      12
      10
      11
       8
       8
      13
       5
       9
       6
       8
       8
       2
      12
       7
       8
       8
      12
       5
      17
       6
      11
      13
      12
       9
       6
      19
       6
       9
      13
       5
       9
       8
       6
       7
       8
       7
       5
      10
       8
      12
      12
      11
       7
       6
       8
       8
       4
       7
      10
       8
       8
       8
      10
       9
       9
       7
       7
      15
       1
       4
       6
       9
       9
      10
      10
       9
       8
      11
       9
       7
       8
      12
       6
       7
       4
      13
       8
       7
       9
       6
       7
      10
       9
       9
       9
      15
       9
      10
      14
      10
       6
      11
       5
       8
      13
       9
      10
       4
       7
       7
       5
       5
      11
       9
      10
      10
       9
       8
       6
       7
      15
       5
       8
       4
      10
       7
       8
       9
      11
       8
       7
       8
       6
       5
      10
       9
       7
       6
       7
       7
       8
       6
      11
       6
       6
       6
       6
       6
       8
       7
       4
      12
      11
      10
       7
      17
       9
       5
       9
      12
      10
       3
       9
       4
      11
      10
       8
      11
      16
       7
       9
       8
       8
       4
      11
      10
       7
      13
       9
       8
      11
       6
       7
       6
       8
      11
      12
       7
       8
      11
      13
       7
       6
       8
      11
      10
       8
      13
       5
      11
       6
       7
       8
      15
      10
       6
       7
       7
       5
       9
       5
       8
       8
       8
       8
       8
       8
       3
       6
       4
       8
       6
      11
       4
       9
       7
      10
      10
       7
       9
      11
       3
       7
      12
       7
      12
      12
       5
       8
       4
      12
       8
       4
       9
       8
      10
       9
       7
      14
       3
      16
       6
       3
       8
       8
       8
       3
      10
      10
       5
       9
       7
      12
       6
       7
      11
       6
       6
       9
       8
       8
       4
      12
       8
       6
       9
       6
       7
      10
       6
      10
      10
       9
       7
       8
       6
      15
       8
       3
       7
       6
       7
       9
       9
       7
       4
      11
      12
      10
       5
      10
       7
       5
       5
       8
       9
       9
       9
       7
       4
       9
       7
       9
       5
       9
       9
      11
       7
       8
       5
      11
       4
       9
       6
       4
       3
       4
       7
       5
      13
      13
      10
       8
       6
       9
       7
       7
       5
       6
       6
      12
       7
       6
      10
       7
       7
       9
       7
       6
       6
       2
       8
       4
       5
       7
       4
      14
       6
       3
      11
       3
       9
       9
       4
      12
      10
       9
       8
       7
      11
       9
      16
      12
       5
       4
      16
       8
       5
       9
       9
      12
      10
       7
       5
       7
       6
       6
       5
       6
      10
       6
      12
       9
       7
       5
      11
      11
       8
       7
       8
       9
       4
       5
      11
      11
       9
       5
       7
      10
       9
       9
       5
       7
       7
       7
       9
       4
       6
       7
      12
       9
       5
       5
       7
       6
      11
       8
       3
       7
       6
       5
       9
       5
       9
       6
       8
       9
       7
      11
      12
       9
       9
       3
       5
       5
       5
       9
       8
       2
      11
       1
       4
       7
       5
       3
      10
       3
      12
       3
       8
       5
       8
      10
       7
       6
       6
       9
       7
       5
       9
       6
       6
      10
       3
       9
      11
       7
       9
      13
      11
       6
       9
       8
       8
       9
      12
      11
       9
      12
      11
      15
       5
       8
       6
      15
       7
       4
      10
       8
       2
       9
       6
       3
       8
       7
      10
       5
       4
       8
       8
       5
       8
       7
       5
       7
       5
       7
      12
       7
       9
      10
       5
      10
      10
       5
       7
       9
       5
      11
       7
       4
       4
      11
      12
       6
       8
       8
       7
       6
       2
       7
       6
       8
      10
       2
       6
       7
       9
       8
       7
       8
       5
       8
       2
       5
      13
       4
       5
       9
       8
      10
      12
       8
       4
      11
       7
       6
       1
       8
       9
       8
       6
       8
      15
       9
      13
       9
       8
       8
       4
       5
      11
       7
       4
       5
       8
       9
       6
       5
       3
       7
       9
       9
       3
      11
       3
       4
       5
      12
       8
       9
       4
       8
       8
      15
       6
       7
       6
       4
       7
       5
       5
       6
      12
       9
       5
       2
       6
       8
       6
       9
       6
       7
       8
       9
       3
       8
       6
       6
       8
       4
       6
       4
       5
       2
       9
       6
       3
       3
       3
       9
       5
       5
       4
      10
       6
       6
       9
       8
       7
       9
       9
       6
       5
       5
       8
       6
       9
       2
       6
       5
       7
      12
      10
      11
      19
      13
      19
      27
      41
      48
      41
      37
      38
      44
      40
      37
      33
      27
      22
      19
      18
       4
      16
       7
       8
       8
      13
       8
      13
       4
       7
       6
       7
       7
      11
       8
      10
       4
       6
       7
       7
      10
       7
       4
       4
      11
       8
       8
       8
       3
       6
       9
       6
       5
       6
       4
      10
       9
       9
       9
       4
       5
       6
       7
       8
       8
       8
       4
      10
       6
      11
       3
       6
       8
       5
       6
       4
       4
       7
       4
       9
       7
       4
       7
       9
       5
      10
       7
       4
       3
       7
       5
       7
       3
       9
       4
      10
       5
       6
       2
       7
       7
       3
      11
       4
       5
       9
       3
      10
       2
       7
       7
       5
       6
       6
       5
       2
       6
       5
       6
       3
       3
       7
       0
       4
       6
       3
       3
       5
       4
       8
       5
       5
       9
      10
       9
       6
       4
       9
       6
       6
       8
       9
       7
       3
       6
       3
       5
       6
       9
       7
       4
       8
       8
       5
       8
      15
       4
       5
       6
       7
       3
       9
      10
       6
      11
       5
       7
       4
       7
       4
       5
       6
       2
       3
       8
       6
       8
      10
      11
       5
       2
      13
      10
       9
      11
       8
       7
       6
       9
       8
       8
       9
      12
       5
       5
       8
       5
       6
      11
       8
       7
       3
       7
       3
       7
       6
       5
       6
       4
       5
      10
       7
       7
       3
       5
       3
       9
       2
       2
       4
       8
       7
       4
       7
       4
      11
       6
       4
       9
       9
       5
       6
       1
       6
       5
       5
       9
       8
       7
       9
       8
       5
       4
       5
      13
       2
       6
       7
       4
       4
       7
       6
      10
       9
       6
       4
       5
       3
       4
       8
       4
       4
       0
       7
       5
       8
       9
       2
       8
       6
       4
       5
       4
       8
       4
       5
       3
       6
       7
       9
       6
       3
       7
       3
       7
       7
      10
       6
       9
       7
       4
       7
      12
       5
       0
       4
       4
       5
       6
       1
       6
      10
       4
       3
       6
       6
       6
       4
       2
       6
       6
       9
       5
       3
       3
       5
       7
       7
       3
       4
       7
       8
       5
       3
       8
       4
       4
       4
       4
       3
       6
       1
       4
       5
       8
      10
       7
       7
       4
       5
       7
       7
       4
       6
       4
       4
       1
       9
       6
       3
       8
       5
       2
       9
       7
       3
       6
       5
       3
       6
       8
       6
      12
       4
       4
       2
       5
       7
       5
       2
       8
      10
       6
       3
       4
       6
       6
       4
       9
       5
       5
       6
       3
       5
       7
       5
       7
       5
       3
       6
       5
       7
       7
       2
       5
       5
       3
       5
       7
       8
       2
       8
       1
       4
       3
       3
       3
       6
       2
       5
       8
       6
       8
       8
       3
       8
       3
       5
       6
       8
       5
       6
       6
       4
       3
       4
       6
       4
       2
       2
       3
       3
       3
       3
       7
       6
       5
       1
       4
       6
       9
       8
       2
       9
       7
       1
       8
       7
       3
       4
       3
       5
       3
       6
       2
       6
       6
       6
       6
       3
       6
       5
       6
       8
       9
       9
       4
       7
      10
       7
      12
       8
       4
       4
       5
       6
       8
       8
       9
       9
       5
       7
      10
       5
       4
       6
       4
       5
       6
       8
       4
       3
       6
       8
       7
       4
       9
       6
       6
       5
       4
       6
       9
       7
       7
       5
       7
       5
       8
       5
      10
       2
       8
       6
       7
      10
       5
       7
       3
       9
       5
       5
       7
       7
       3
       3
       5
       5
       5
       7
       4
       6
       6
       9
       5
       3
       4
       3
       5
       3
      13
      10
       7
      11
       5
       5
       7
       7
       4
       6
       8
       3
       2
       3
       5
       6
       6
       2
       7
       4
       2
       7
       5
       8
       3
       7
       9
       4
       6
       5
       1
       4
       6
       4
       3
       6
       6
       7
       2
       4
       7
       8
      10
       3
       5
       7
       8
       3
       7
       6
       5
       6
       6
       5
       4
       8
       5
       3
       4
       9
       5
       7
       3
       6
       5
       5
       6
       5
       5
       4
      10
       7
       7
       6
       6
       7
       8
       8
       2
       6
       5
       6
       6
       4
       5
      10
       5
       8
       6
       3
       3
       5
       8
       5
       4
       5
       6
       1
       1
       5
       1
       4
      10
       1
       4
      10
       5
       7
       4
       6
       8
       4
       5
       5
       7
       3
       7
       2
       5
       5
       2
       5
       3
       5
       8
       3
       2
       2
       5
       6
       3
       6
       3
       9
       7
       4
       7
       5
       5
       8
       6
       1
       5
       4
       7
       6
       4
      11
      11
       3
       6
       0
       7
       3
       4
       2
       5
       4
       4
       6
       5
       8
       7
       7
       7
       6
       5
       3
       2
       4
       6
       8
       9
       6
       4
       3
       8
      14
       3
       7
       6
       5
       4
       7
       4
       5
       6
       4
       6
       1
       9
       4
       0
       3
       4
       9
       3
       6
       5
       4
       4
       9
       4
       9
       3
       7
       7
       3
       2
       8
       3
       3
       2
      12
       4
       4
       4
       7
       4
       5
       4
       3
       6
       3
       8
       6
       4
       6
       1
       4
       7
       4
       7
       7
       5
       8
       7
       6
       2
       9
       2
       6
       4
       5
       4
       4
       6
       3
       5
       4
       6
       3
       7
       2
       6
       4
       3
       4
       5
       7
       3
       2
       3
       4
       5
       5
       4
       6
       7
       7
       3
       6
       4
       2
       1
       5
       4
       2
       4
       4
       3
       6
       4
       4
       6
       3
       3
       4
       1
       6
       7
       2
       6
       3
       4
       6
       5
       4
       7
       3
       3
       9
       3
       7
       6
       3
       1
       3
       5
       4
      10
       1
       4
       4
       6
       5
       3
       5
       7
       3
       2
       7
       6
       5
       3
       3
       7
       3
       8
       3
       4
       9
       5
       3
       7
       5
       1
       2
       5
       2
       1
       2
       4
       5
       4
       6
       4
       8
       8
       1
       6
       2
       4
       3
      10
       5
       6
       5
       2
       4
       4
       9
       3
       7
       7
       3
       4
       3
       6
       7
       9
       5
       6
       3
       6
       6
       9
       3
       5
       1
       6
       6
       4
       2
       6
       3
       6
       3
       1
       5
       3
       4
       3
       7
       6
       3
       4
       3
       4
       6
       5
       3
       5
       4
       4
       7
       4
       4
       6
       3
       7
       2
       6
       0
       4
       8
       3
       1
       3
       4
       3
       7
      10
       6
       6
       6
       6
       5
       6
       5
       6
       7
       3
       4
       6
       7
       2
       9
       5
       2
       1
       1
       4
       3
       1
       3
       3
       4
       6
       5
       3
       4
       8
       4
       8
       4
       3
       3
       4
       2
       6
       4
       6
       2
       2
       2
       3
       5
       7
       6
       4
       0
       7
       3
       4
       6
       4
       9
       2
       2
       5
       1
       3
       9
       4
       5
       5
       5
       5
       4
       3
       3
       3
       7
       3
       3
       7
       6
       5
       5
       6
       2
       1
       5
       7
       3
       7
       2
       4
       5
       3
       6
       6
       5
       3
       7
       2
       6
       1
       2
       9
       1
       4
       5
       9
       6
       5
       4
       2
       4
       5
       3
       5
       4
       4
       9
       2
       4
       4
       6
       7
      10
       5
       6
      10
      13
      10
      10
      14
       2
      14
      19
      17
      21
      15
      16
      15
       9
      13
       7
       6
       7
       7
      11
       5
       6
       7
       5
       2
       1
       3
       1
       3
       3
       6
       5
       6
       4
       5
       5
       5
       3
       5
       3
       5
       4
       4
       5
       2
       5
       1
       4
       7
       3
       8
       5
       4
       7
       8
       5
       6
       5
       1
       3
       2
       4
       1
       1
       5
       5
       1
       4
       3
       4
       5
       6
       6
       2
       4
       3
       2
       4
       3
       5
       5
       3
       4
       4
       5
       7
       6
       4
       4
       2
       3
       1
       4
       1
       6
       0
       2
       1
       3
       2
       1
       5
       4
       5
       2
       3
       4
       4
       2
       5
       6
       4
       6
       6
       2
       5
       3
       5
       3
       4
       7
       3
       3
       2
       5
       4
       4
       8
       3
       5
       2
       6
       6
       3
       2
       3
       5
       8
       5
       1
       4
       3
       7
       6
       5
       7
       2
       1
       2
       4
       2
       3
       3
       9
       0
       5
       4
       4
       2
       5
       4
       3
       6
       2
       4
       5
       5
      10
       5
       3
       7
       4
       6
       4
       2
       3
       1
       7
       3
       4
       0
       5
       6
       8
       4
       5
       6
       3
       6
       0
       2
       2
       6
       2
       4
       2
       4
       3
       5
       4
       5
       5
       4
       5
       2
       3
       3
       0
       5
       2
       4
       2
       7
       7
       5
       1
       4
       3
       5
       5
       2
       7
       3
       2
       3
       7
       4
       4
       2
       7
       0
       1
       1
       3
       4
       6
       1
       2
       3
       4
       3
       3
       4
       7
       4
       5
       2
      10
       1
       5
       1
       5
       4
       6
       4
       5
       4
       8
       7
       2
       5
       5
       1
       7
       5
       3
       5
       2
       3
       4
       2
       5
       9
       1
       1
       5
       3
       4
       6
       0
       3
       2
       3
       3
       4
       4
       3
       7
       4
       4
       5
       5
       1
       4
       3
       6
       5
       3
       6
       3
       4
       7
       6
       7
       3
       4
       6
       5
       0
       5
       8
       3
       3
       4
       3
       7
       3
       5
       4
       4
       1
       3
       4
       5
       1
       3
       4
       5
       5
       7
       3
       2
       7
       1
       1
       4
       8
       2
       4
       4
       4
       3
       3
       4
       1
       1
       2
       2
       1
       3
       5
       2
       2
       6
       6
       4
       5
       6
       2
       7
       4
       4
       5
       3
       3
       3
       2
       2
       5
       5
       3
       2
       0
       4
       6
       3
       3
       9
       2
       5
       3
      10
       3
       7
       5
       2
       3
       3
       5
       2
       6
       2
       7
       0
       4
       3
       4
       2
       3
       7
       6
       6
       2
       2
       5
       4
       3
       5
       5
       4
       6
       1
       1
       5
       3
       0
       3
       4
       2
       4
       1
       5
       2
       1
       5
       5
       3
       2
       4
       3
       5
       1
       2
       3
       5
       4
       1
       1
       5
       6
       4
       6
       2
       3
       2
       3
       1
       4
       6
       1
       5
       2
       4
       6
       4
       5
       9
       5
       2
       5
       6
       1
       1
       6
       3
       6
       3
       2
       4
       5
       3
       2
       5
       6
       9
       4
       2
       1
       1
       4
       2
       0
       1
       3
       6
       2
       6
       4
       6
       6
       5
       4
       0
       4
       6
       5
       6
       7
       2
       2
       4
       3
       4
       6
       6
       4
       2
       9
       4
       3
       3
       6
       4
       1
       4
       1
       2
       4
       5
       3
       4
       2
       1
       0
       6
       3
       2
       1
       7
       5
       4
       4
       7
       3
       3
       2
       5
       3
       5
       3
       0
       3
       5
       0
       5
       2
       1
       3
       1
       5
       4
       5
       2
       3
       4
       2
       4
       4
       2
       2
       7
       3
       2
       2
       3
       3
       4
       6
       6
       2
       2
       4
       7
       6
       3
       2
       4
       4
       3
       1
       4
       1
       2
       2
       5
       2
       3
       5
       3
       0
       8
       2
       7
       3
       1
       1
       4
       1
       2
       9
       4
       4
       4
       6
       2
       2
       3
       2
       1
       3
       2
       3
       0
       3
       8
       3
       3
       4
       6
       0
       4
       3
       1
       2
       4
       4
       4
       2
       6
       6
       5
       4
       4
       6
       1
       4
       4
       5
       7
       1
       4
       4
       3
       3
       3
       3
       6
       0
       5
       2
       7
       5
       2
       1
       3
       0
       4
       2
       3
       2
       5
       5
       3
       3
       4
       2
       3
       0
       4
       2
       6
       1
       6
       3
       8
       5
       1
       5
       3
       3
       6
       1
       7
       7
       5
       2
       5
       5
       3
       6
       3
       3
       7
       1
       3
       2
       4
       3
       5
       3
       8
       3
       5
       4
       3
       2
       2
       5
       4
       6
       0
       7
       2
       2
       3
       4
       7
       4
       2
       5
       2
       5
       3
       2
       2
       3
       2
       3
       4
       5
       5
       6
       4
       4
       3
       7
       5
      10
       3
       6
       1
       5
       6
       3
       2
       3
       1
       1
       5
       2
       2
       2
       5
       3
       3
       6
       4
      10
       3
       6
       2
       2
       3
       6
       2
       5
       3
       4
       4
       4
       4
       4
       5
       5
       2
       3
       3
       4
       2
       3
       5
       3
       2
       3
       3
       3
       2
       2
       4
       3
       3
       2
       7
       3
       1
       5
       2
       7
       3
       1
       2
       5
       1
       3
       2
       4
       3
       5
       4
       1
       3
       2
       0
       1
       3
       2
       3
       3
       1
       2
       3
       2
       8
       4
       0
       2
       6
       4
       3
       1
       4
       0
       5
       4
       1
       5
       9
       6
       3
       2
       5
       5
       1
       4
       2
       1
       5
       5
       4
       4
       1
       3
       5
       3
       5
       0
       2
       2
       1
       2
       7
       2
       3
       2
       4
       7
       2
       3
       3
       1
       2
       3
       5
       0
       1
       3
       1
       1
       1
       0
       3
       2
       0
       1
       2
       1
       1
       3
       5
       5
       3
       5
       3
       3
       0
       1
       6
       2
       2
       4
       8
       3
       5
       1
       2
       4
       5
       6
       0
       1
       2
       1
       5
       1
       3
       5
       3
       5
       3
       9
       0
       4
       4
       4
       6
       2
       4
       5
       2
       3
       4
       1
       6
       5
       3
       3
       6
       3
       4
       6
       4
       3
       2
       5
       4
       2
       4
       1
       3
       4
       2
       4
       1
       6
       4
       4
       3
       4
       5
       4
       4
       2
       3
       4
       4
       5
       9
       2
       2
       2
       4
       3
       7
      11
       3
       4
       4
       3
       2
       5
       4
       3
       4
       1
       3
       1
       4
       4
       3
       3
       2
       1
       2
       5
       4
       1
       3
       2
       3
       4
       3
       0
       4
       3
       2
       6
       3
       2
       3
       2
       2
       6
       1
       5
       2
       2
       1
       5
       3
       5
       3
       1
       0
       2
       3
       4
       2
       4
       4
       2
       4
       2
       2
       3
       1
       2
       6
       3
       5
       1
       4
       6
       6
       0
       0
       1
       2
       5
       4
       2
       2
       4
       1
       1
       3
       2
       7
       2
       5
       4
       1
       2
       5
       1
       1
       1
       1
       2
       3
       1
       6
       5
       3
       3
       1
       3
       6
       2
       8
       2
       2
       2
       4
       2
       1
       4
       3
       2
       2
       3
       2
       2
       1
       3
       7
       2
       5
       1
       3
       8
       6
       1
       4
       1
       3
       4
       3
       3
       3
       2
       4
       5
       0
       5
       3
       3
       5
       1
      10
       0
       3
       6
       1
       2
       2
       3
       2
       8
       3
       3
       2
       6
       5
       0
       2
       3
       1
       3
       4
       4
       5
       0
       3
       1
       4
       3
       5
       0
       2
       6
       4
       2
       3
       4
       4
       3
       5
       2
       1
       2
       3
       4
       2
       3
       2
       1
       5
       6
       4
       6
       4
       6
       5
       1
       4
       2
       3
       6
       5
       6
       1
       1
       5
       8
       3
       3
       3
       1
       2
       1
       4
       1
       2
       4
       4
       4
       5
       2
       3
       1
       1
       4
       4
       4
       2
       2
       4
       6
       3
       3
       4
       5
       6
       7
      11
       6
       5
       7
       4
       6
       3
       2
       4
       2
       5
       2
       5
       4
       3
       7
       2
       3
       5
       2
       6
       0
       3
       1
       6
       1
       3
       0
       1
       4
       3
       2
       2
       1
       4
       2
       2
       5
       5
       0
       1
       2
       2
       7
       2
       4
       4
       1
       2
       3
       6
       3
       6
       4
       7
       5
       5
       6
       0
       4
       3
       2
       8
       5
       5
       4
       2
       7
       6
       2
       4
       0
       4
       3
       3
       4
       2
       1
       4
       3
       1
       4
       5
       1
       3
       6
       3
       3
       3
       3
       1
       4
       2
       3
       0
       3
       2
       3
       1
       3
       1
       1
       1
       5
       2
       2
       6
       5
       2
       3
       3
       2
       0
       3
       4
       3
       1
       4
       0
       5
       4
       6
       1
       3
       6
       3
       1
       3
       3
       2
       2
       2
       1
       2
       1
       2
       3
       3
       1
       3
       2
       2
       2
       1
       4
       3
       1
       4
       4
       3
       3
       4
       3
       2
       3
       4
       1
       2
       5
       3
       2
       1
       4
       3
       3
       4
       2
       3
       4
       2
       5
       0
       2
       1
       2
       4
       2
       5
       3
       3
       1
       3
       2
       1
       4
       3
       2
       3
       7
       5
       4
       3
       1
       2
       4
       1
       1
       2
       2
       1
       4
       0
       5
       5
       4
       2
       2
       6
       1
       3
       3
       1
       1
       4
       1
       3
       1
       3
       4
       4
       3
       3
       2
       2
       2
       4
       2
       4
       4
       1
       3
       1
       0
       3
       1
       5
       1
       5
       3
       1
       2
       1
       2
       1
       1
       1
       3
       4
       3
       6
       6
       5
       5
       3
       4
       1
       5
       4
       3
       4
       3
       5
       3
       3
       1
       1
       2
       2
       2
       2
       2
       4
       2
       2
       1
       1
       4
       3
       3
       5
       4
       5
       6
       3
       3
       2
       1
       3
       2
       3
       3
       3
       3
       3
       4
       3
       5
       9
       2
       1
       0
       1
       6
       3
       5
       2
       2
       1
       2
       3
       1
       4
       4
       3
       1
       4
       7
       1
       5
       4
       2
       3
       0
       3
       3
       4
       2
       4
       3
       4
       3
       3
       4
       2
       1
       4
       2
       4
       3
       1
       2
       4
       3
       1
       3
       1
       1
       3
       1
       3
       2
       1
       6
       4
       2
       6
      11
       6
       2
       6
       7
       7
       5
       4
       9
       4
       1
       3
       6
       4
       5
       9
       2
       4
       5
       1
       3
       6
       1
       2
       1
       4
       2
       6
       3
       1
       1
       3
       1
       4
       3
       4
       7
       5
       3
       4
       2
       4
       5
       2
       6
       1
       3
       2
       1
       1
       5
       4
       0
       1
       2
       6
       4
       2
       3
       4
       1
       4
       3
       2
       2
       3
       3
       3
       3
       4
       3
       4
       4
       4
       2
       6
       3
       5
       6
       4
       5
       3
      10
       5
       3
       3
       1
       4
       2
       1
       3
       1
       5
       5
       2
       1
       1
       2
       2
       3
       5
       6
       3
       3
       4
       2
       4
       2
       3
       2
       0
       2
       2
       3
       4
       4
       2
       1
       4
       4
       1
       3
       5
       2
       3
       3
       5
       5
       5
       1
       4
       1
       4
       1
       8
       2
       2
       3
       3
       3
       5
       3
       2
       2
       1
       4
       5
       1
       2
       4
       2
       4
       4
       2
       4
       3
       3
       2
       8
       4
       3
       3
       0
       4
       2
       3
       4
       2
       2
       4
       2
       2
       2
       1
       3
       5
       3
       1
       3
       3
       2
       3
       4
       4
       1
       2
       2
       1
       2
       1
       3
       3
       4
       5
       5
       3
       4
       1
       1
       3
       3
       2
       0
       1
       1
       4
       0
       0
       0
       0
       0
       0
       0
       0
       0
       0
       0
       0
       0
       0
       0
       0
       0
       0
       0
       0
       0
       0
       0
       0
       0
       0
       0
       0
       0
       0
       0
       0
       0
       0
       0
       0
       0
       0
       0
       0
       0
       0
       0
       0
       0
       0
       0
       0
       0
       0
       0
       0
       0
       0
       0
       0
       0
       0
       0
       0
       0
       0
       0
       0
       0
       0
       0
       0
       0
       0
       0
       0
       0
       0
       0
       0
       0
       0
       0
       0
       0
       0
       0
       0
       0
       0
       0
       0
       0
       0
       0
       0
       0
       0
       0
       0
       0
       0
       0
       0
       0
       0
       0
       0
       0
       0
       0
       0
       0
       0
       0
       0
       0
       0
       0
       0
       0
       0
       0
       0
       0
       0
       0
       0
       0
       0
       0
       0
$ROI:
0
$PRESETS:
None
0
0
$ENER_FIT:
-2.173939 0.279251
$MCA_CAL:
3
-2.173939E+000 2.792507E-001 0.000000E+000 keV
$SHAPE_CAL:
3
1.571259E+001 -1.155430E-003 0.000000E+000
