$SPEC_ID:
226Ra
$SPEC_REM:
DET# 1
DETDESC# MCB 132 Input 1
AP# Maestro Version 6.06
$DATE_MEA:
12/23/2021 13:51:45
$MEAS_TIM:
334895 334922
$DATA:
0 8191
       0
       0
       0
       0
       0
       0
       0
       0
       0
       0
       0
       0
       0
       0
       0
       0
       0
       0
       0
       0
       0
       0
       0
       0
       0
       1
    3402
   25949
    2208
     777
     650
     687
     751
     786
     829
     858
     826
     781
     791
     792
     757
     795
     989
     921
     759
     714
     634
     585
     612
     589
     558
     564
     551
     589
     561
     491
     519
     463
     457
     457
     481
     450
     456
     412
     420
     430
     397
     392
     398
     451
     391
     358
     414
     373
     354
     345
     357
     371
     366
     341
     323
     346
     318
     373
     330
     309
     306
     320
     306
     350
     276
     315
     273
     311
     307
     317
     291
     287
     288
     266
     276
     285
     277
     274
     265
     249
     265
     242
     238
     279
     282
     248
     263
     252
     286
     228
     247
     243
     252
     244
     236
     215
     242
     239
     258
     242
     228
     217
     232
     231
     257
     226
     253
     229
     205
     220
     226
     223
     251
     234
     218
     242
     227
     241
     195
     209
     189
     227
     213
     233
     216
     213
     210
     220
     220
     231
     198
     235
     214
     218
     214
     238
     214
     220
     232
     206
     207
     229
     242
     227
     309
     359
     395
     403
     311
     259
     206
     191
     200
     185
     199
     222
     209
     208
     213
     231
     203
     181
     229
     212
     215
     203
     216
     205
     198
     200
     269
     262
     283
     255
     223
     211
     196
     243
     197
     210
     222
     185
     187
     228
     193
     211
     205
     205
     220
     234
     215
     233
     293
     291
     260
     225
     234
     208
     219
     200
     237
     205
     227
     259
     348
     485
     630
     586
     418
     281
     221
     197
     194
     215
     195
     245
     258
     225
     207
     223
     222
     233
     238
     215
     218
     209
     213
     250
     216
     256
     218
     249
     269
     243
     253
     248
     276
     256
     275
     307
     305
     299
     286
     268
     239
     303
     334
     418
     448
     389
     288
     274
     255
     246
     296
     345
     347
     291
     268
     228
     250
     224
     246
     254
     238
     274
     243
     238
     262
     273
     250
     270
     234
     245
     250
     261
     232
     239
     320
     289
     383
     410
     442
     373
     387
     341
     254
     241
     242
     281
     301
     323
     341
     306
     285
     289
     228
     243
     251
     284
     279
     298
     271
     290
     270
     246
     292
     306
     473
     754
    1095
    1235
    1043
     729
     448
     353
     285
     259
     314
     297
     260
     246
     263
     274
     271
     255
     255
     234
     260
     260
     301
     323
     341
     332
     254
     249
     252
     247
     216
     229
     198
     244
     234
     257
     228
     228
     241
     214
     237
     223
     247
     216
     240
     229
     260
     234
     248
     304
     255
     277
     258
     245
     240
     280
     238
     225
     264
     241
     265
     266
     271
     269
     270
     267
     263
     269
     271
     285
     257
     256
     288
     262
     280
     324
     320
     295
     290
     296
     275
     272
     288
     276
     264
     259
     249
     236
     272
     244
     262
     245
     260
     274
     246
     244
     262
     266
     244
     276
     252
     223
     278
     253
     248
     303
     247
     250
     269
     244
     262
     230
     253
     245
     262
     274
     255
     254
     262
     255
     234
     252
     293
     290
     261
     282
     256
     258
     245
     263
     258
     265
     284
     282
     271
     250
     261
     231
     242
     255
     269
     262
     272
     229
     252
     255
     265
     296
     233
     232
     284
     274
     277
     233
     283
     257
     242
     254
     258
     259
     257
     250
     252
     256
     271
     257
     262
     267
     240
     286
     270
     283
     324
     285
     228
     236
     264
     272
     252
     278
     252
     267
     275
     279
     328
     398
     398
     378
     312
     283
     269
     259
     225
     263
     250
     275
     260
     241
     261
     263
     258
     241
     242
     247
     273
     246
     239
     275
     239
     271
     229
     269
     282
     254
     271
     253
     239
     270
     241
     241
     262
     248
     302
     256
     247
     223
     219
     285
     259
     227
     272
     261
     266
     261
     248
     234
     232
     232
     247
     259
     245
     266
     233
     260
     270
     268
     255
     270
     259
     244
     270
     235
     250
     269
     287
     278
     339
     288
     282
     264
     237
     237
     261
     244
     241
     240
     232
     249
     242
     258
     238
     221
     246
     256
     224
     238
     234
     271
     237
     241
     238
     234
     257
     217
     255
     259
     258
     219
     255
     251
     242
     213
     261
     268
     245
     251
     222
     237
     257
     234
     241
     250
     266
     240
     258
     248
     233
     205
     244
     229
     230
     249
     234
     244
     252
     244
     227
     242
     246
     234
     244
     227
     205
     240
     223
     238
     215
     244
     241
     240
     274
     269
     306
     421
     724
    1026
     956
     771
     545
     331
     243
     228
     239
     214
     233
     247
     216
     226
     239
     233
     235
     230
     210
     226
     233
     228
     248
     211
     235
     224
     223
     227
     210
     202
     210
     223
     239
     223
     249
     238
     245
     268
     230
     254
     251
     228
     210
     235
     242
     249
     256
     216
     251
     238
     216
     238
     217
     195
     216
     235
     224
     222
     200
     235
     241
     236
     230
     212
     240
     227
     229
     214
     211
     236
     256
     294
     273
     223
     246
     206
     196
     226
     211
     209
     193
     211
     229
     236
     232
     230
     212
     228
     227
     226
     214
     228
     218
     227
     208
     206
     204
     215
     205
     231
     216
     207
     208
     200
     163
     217
     201
     236
     232
     206
     226
     224
     241
     208
     191
     230
     221
     211
     205
     242
     223
     184
     215
     221
     215
     224
     198
     221
     168
     178
     201
     205
     206
     176
     212
     176
     188
     225
     203
     214
     202
     211
     213
     220
     204
     189
     197
     198
     190
     210
     192
     221
     197
     199
     212
     209
     224
     181
     191
     208
     195
     194
     225
     185
     193
     192
     197
     197
     206
     201
     200
     204
     218
     211
     183
     173
     195
     180
     205
     217
     177
     194
     210
     204
     212
     178
     194
     228
     318
     432
     527
     480
     409
     313
     232
     211
     170
     209
     224
     220
     237
     204
     193
     201
     187
     197
     194
     191
     178
     174
     187
     193
     184
     169
     182
     187
     172
     166
     180
     176
     191
     198
     183
     189
     174
     145
     168
     172
     181
     174
     172
     172
     200
     147
     182
     149
     180
     158
     215
     166
     186
     189
     176
     180
     181
     163
     166
     193
     152
     139
     175
     190
     159
     179
     194
     170
     176
     156
     180
     210
     196
     191
     173
     182
     163
     199
     164
     190
     165
     179
     177
     172
     155
     176
     180
     169
     184
     175
     176
     168
     177
     176
     164
     157
     163
     169
     155
     170
     190
     182
     162
     177
     166
     167
     156
     153
     156
     182
     165
     184
     173
     182
     177
     192
     175
     184
     163
     159
     177
     159
     171
     155
     155
     148
     174
     152
     172
     165
     142
     168
     146
     171
     145
     155
     156
     171
     163
     146
     174
     151
     171
     180
     144
     174
     179
     165
     169
     171
     149
     170
     149
     162
     159
     153
     152
     149
     163
     146
     133
     159
     152
     170
     157
     132
     170
     162
     139
     149
     151
     133
     153
     156
     143
     146
     151
     123
     157
     146
     166
     154
     134
     138
     152
     171
     142
     150
     148
     153
     159
     161
     152
     145
     150
     167
     139
     157
     167
     168
     146
     152
     150
     194
     161
     191
     160
     168
     135
     174
     142
     141
     144
     163
     146
     168
     133
     149
     124
     153
     159
     148
     158
     156
     139
     137
     133
     142
     172
     154
     153
     152
     132
     163
     131
     140
     167
     147
     154
     144
     156
     144
     141
     155
     142
     125
     150
     159
     145
     134
     127
     133
     142
     131
     113
     149
     129
     138
     161
     130
     130
     152
     154
     138
     148
     164
     130
     150
     128
     136
     142
     149
     143
     135
     150
     144
     131
     128
     134
     114
     162
     146
     151
     149
     145
     166
     148
     144
     116
     141
     139
     128
     127
     152
     151
     133
     134
     137
     128
     115
     151
     128
     145
     118
     156
     151
     128
     138
     123
     135
     139
     110
     127
     144
     124
     133
     147
     120
     133
     143
     131
     140
     125
     142
     130
     136
     141
     123
     143
     142
     124
     122
     154
     142
     126
     132
     145
     124
     125
     140
     128
     116
     130
     150
     117
     130
     127
     136
     136
     119
     133
     128
     114
     134
     147
     149
     169
     176
     176
     172
     163
     159
     129
     116
     119
     126
     109
     128
     140
     125
     140
     117
     121
     132
     110
     144
     136
     127
     129
     131
     124
     138
     115
     117
     139
     124
     122
     132
     143
     130
     108
      99
     116
     141
     131
     105
     138
     121
     124
     137
     124
     146
     129
     123
     148
     163
     183
     205
     161
     155
     117
     109
     130
     108
     105
     110
     111
     131
     111
     138
     138
     126
     105
     115
     108
     110
     113
     110
     101
     121
     114
      92
     110
     118
     128
     112
     119
     102
      99
     110
     103
      97
     100
     105
     128
     123
     111
     104
     129
     115
     117
     108
     122
     114
     129
     107
     108
     103
     120
     124
      99
     102
     118
     120
     116
     125
     119
     118
      97
     122
     119
     113
     127
      92
     123
     107
     138
     111
     121
     109
     106
     103
     131
     109
     118
      94
     124
     137
     103
     117
     117
      92
     109
     128
     100
     125
     112
     125
     106
     117
     120
     107
      99
     103
     116
     118
     117
     116
     106
     107
     118
     105
     113
     112
     105
     105
      91
     120
     124
     118
     108
      97
     112
     102
     105
     111
      97
     112
     119
     109
     107
     121
     122
     107
     109
      97
     105
     115
     106
     107
     108
     103
      96
     129
      93
     105
     112
     106
      96
     101
     101
      97
     119
     112
      94
     114
      90
      96
      96
     101
     101
      92
      99
     107
      95
      99
     105
      99
      94
     100
      92
     104
     130
     127
     108
     104
     114
     106
      94
     117
      83
     109
     105
     102
     105
     102
     107
      94
     107
      97
     102
     112
      87
     112
     107
      93
     119
     112
      96
      97
     125
      94
     104
      95
      89
      92
      98
     102
     124
      93
      95
     112
     120
     107
     104
     102
      92
     112
     100
      89
      92
     106
      98
      91
     106
     104
     104
      90
     109
     100
     103
      95
     107
      91
     101
      75
     109
     111
     112
      96
      97
     112
      98
     114
     103
      91
     119
      91
     100
     111
      90
     100
      91
      97
      97
      92
      96
      91
     105
     109
     100
     123
      83
      96
      77
     108
     103
      84
      99
     106
      96
      93
      93
     104
     105
      90
     108
      97
      87
     107
     128
     104
      94
      89
      94
     105
      91
      96
      91
      92
      93
      87
     104
     110
      95
     179
     240
     386
     553
     661
     609
     486
     355
     232
     117
     104
     111
      90
      71
      95
      96
      90
      98
      88
     105
      98
      83
      88
      97
      96
      96
      88
     102
     108
      82
      96
     101
      96
      85
      92
      92
      86
      83
      87
      82
      96
      95
      87
      90
      91
      94
      90
      91
      80
     106
      75
      88
      82
      67
      82
      96
      89
      80
      71
      94
     106
      77
      96
      80
      81
      76
      82
      81
      93
      97
      73
      94
      80
     105
      72
      85
      74
     107
      82
      92
      95
      82
      85
      72
      93
      79
      91
      84
      82
      76
      84
      94
      98
      92
      67
      85
      91
      88
      88
      97
      92
      83
      65
      88
      92
      93
      97
     103
     110
     107
     102
      94
      95
      98
      73
      95
      92
      84
      93
      92
      93
      90
      96
      71
     100
      84
      84
      80
      83
      72
      88
      90
     103
      79
      83
      86
      85
      88
      89
      84
      79
      89
      86
      71
      76
      88
      92
      83
      75
      73
      79
      81
      90
      73
      79
     101
      78
     103
      94
      70
      97
      93
      99
      73
      85
      76
      87
      83
      83
      86
      82
      89
      83
      84
      84
      74
      89
      82
      71
      75
      77
      78
      82
      87
      90
      76
      68
      96
      80
      74
      79
      79
      81
      78
      82
      76
      77
      84
      95
      78
      75
      87
      69
      79
      78
      77
      66
      68
      96
      63
      77
      76
      82
      72
      77
      73
      69
      79
      74
      85
      88
      86
      73
      76
      61
      86
      67
      65
      97
      74
      65
      66
      81
      72
      84
      76
      80
      93
      82
      62
      82
      78
      82
      88
      83
      88
      64
      91
      88
      71
      81
      79
      61
      67
      70
      70
      73
      76
      97
      72
      68
      78
      91
      97
      86
      85
     104
      97
     102
     111
     128
     135
     188
     239
     277
     358
     438
     522
     549
     583
     546
     530
     466
     401
     341
     279
     214
     169
     150
     117
     116
      92
      87
      93
      82
      57
      72
      68
      99
      84
      61
      82
      69
      65
      76
      78
      75
      68
      75
      54
      66
      63
      77
      69
      72
      81
      61
      64
      71
      73
      68
      70
      79
      82
      71
      50
      83
      82
      70
      71
      49
      67
      68
      57
      69
      64
      69
      63
      57
      74
      70
      83
      74
      55
      66
      66
      74
      84
      75
      67
      67
      82
      78
      52
      55
      66
      68
      62
      85
      69
      67
      73
      70
      77
      60
      74
      59
      71
      68
      54
      76
      65
      78
      80
      62
      67
      61
      67
      66
      66
      79
      54
      62
      66
      65
      60
      53
      72
      69
      72
      63
      59
      84
      56
      75
      48
      53
      61
      74
      52
      75
      70
      63
      70
      58
      70
      52
      68
      73
      62
      57
      62
      52
      65
      67
      65
      61
      61
      56
      50
      59
      63
      73
      60
      56
      61
      50
      76
      52
      78
      62
      57
      63
      85
      60
      58
      62
      60
      54
      78
      62
      69
      66
      68
      57
      69
      70
      63
      50
      66
      37
      62
      46
      72
      60
      55
      66
      66
      64
      58
      76
      50
      72
      70
      65
      61
      59
      49
      54
      49
      53
      73
      65
      63
      60
      69
      62
      60
      59
      73
      52
      76
      66
      69
      68
      82
      93
     100
     116
     112
     103
     108
      85
      72
      63
      63
      69
      57
      64
      64
      52
      51
      52
      52
      58
      60
      69
      63
      66
      66
      71
      40
      62
      45
      50
      49
      56
      44
      58
      61
      55
      60
      42
      54
      48
      58
      56
      63
      57
      59
      51
      65
      76
      60
     113
     119
     115
     137
     139
     132
      95
      67
      58
      64
      52
      47
      50
      63
      48
      66
      76
      66
      41
      64
      72
      73
      56
      54
      58
      69
      52
      50
      53
      54
      63
      50
      40
      53
      64
      54
      62
      57
      67
      51
      57
      53
      58
      68
      54
      48
      55
      66
      67
      65
      65
      62
      69
      70
      68
      68
      51
      71
      63
      64
      80
      63
      65
      65
      69
      54
      58
      77
      48
      58
      71
      66
      73
      69
      55
      66
      70
      61
      44
      56
      57
      54
      73
      61
      52
      55
      80
      70
      60
      66
      66
      67
      55
      83
      94
      89
      96
      95
      94
      83
      83
      62
      62
      77
      57
      49
      48
      68
      92
     100
     188
     226
     351
     399
     418
     431
     324
     193
     155
     106
      83
      63
      68
      65
      65
      47
      57
      70
      61
      64
      48
      47
      58
      61
      59
      49
      60
      62
      53
      54
      64
      51
      53
      54
      54
      43
      56
      50
      50
      56
      53
      50
      56
      53
      66
      51
      47
      64
      48
      46
      52
      47
      53
      60
      55
      37
      53
      53
      49
      40
      54
      54
      54
      50
      46
      53
      46
      72
      53
      44
      51
      65
      53
      47
      51
      54
      54
      38
      44
      45
      43
      44
      51
      41
      49
      48
      52
      56
      48
      45
      44
      61
      41
      45
      62
      49
      56
      41
      41
      45
      52
      63
      51
      41
      40
      54
      52
      45
      35
      56
      46
      46
      49
      50
      55
      51
      51
      55
      60
      40
      53
      49
      55
      58
      43
      45
      43
      57
      51
      48
      34
      55
      46
      32
      56
      52
      48
      40
      40
      37
      48
      63
      43
      50
      39
      41
      53
      59
      49
      50
      61
      46
      42
      52
      45
      43
      47
      38
      64
      55
      52
      42
      52
      57
      54
      63
      70
     100
     118
     225
     297
     395
     525
     557
     532
     443
     282
     212
      86
      72
      65
      48
      41
      52
      48
      47
      44
      50
      51
      49
      45
      32
      34
      48
      46
      49
      45
      45
      42
      55
      54
      47
      59
      52
      55
      37
      68
      54
      44
      45
      48
      59
      51
      55
      49
      41
      49
      38
      44
      34
      46
      43
      51
      47
      38
      53
      52
      45
      54
      43
      39
      53
      52
      44
      46
      38
      49
      33
      53
      43
      41
      50
      47
      35
      51
      45
      45
      36
      45
      49
      27
      56
      51
      38
      35
      54
      50
      49
      41
      43
      54
      46
      46
      48
      43
      60
      49
      54
      43
      45
      58
      49
      47
      40
      34
      51
      55
      43
      56
      50
      46
      43
      48
      48
      57
      64
      51
      52
      55
      70
      47
      62
      57
      44
      72
      55
      52
      67
      45
      54
      53
      52
      58
      39
      35
      50
      52
      51
      64
      57
      61
      48
      39
      42
      45
      49
      50
      64
      44
      57
      50
      48
      36
      42
      50
      55
      49
      45
      56
      39
      56
      49
      33
      35
      36
      58
      38
      43
      49
      51
      43
      47
      46
      60
      51
      45
      48
      38
      47
      32
      43
      47
      41
      46
      44
      45
      59
      45
      42
      50
      42
      40
      50
      41
      49
      43
      55
      49
      47
      61
      39
      59
      37
      42
      42
      57
      39
      49
      53
      52
      56
      41
      55
      50
      61
      73
      79
     130
     159
     234
     310
     360
     350
     302
     230
     173
     116
      83
      53
      47
      40
      41
      33
      60
      59
      54
      53
      50
      53
      43
      46
      42
      54
      56
      44
      45
      46
      43
      47
      42
      44
      42
      40
      40
      61
      53
      38
      41
      56
      50
      34
      33
      46
      40
      41
      47
      56
      44
      39
      43
      32
      44
      32
      39
      32
      36
      30
      39
      51
      38
      29
      37
      54
      51
      36
      39
      46
      48
      34
      37
      54
      47
      38
      61
      53
      54
      72
      37
      42
      45
      51
      33
      41
      42
      52
      31
      43
      37
      39
      42
      36
      54
      48
      37
      45
      45
      48
      43
      44
      32
      37
      47
      34
      46
      33
      43
      46
      40
      28
      46
      39
      48
      36
      47
      44
      47
      38
      46
      44
      37
      43
      36
      38
      30
      31
      36
      40
      43
      52
      25
      26
      36
      33
      54
      38
      47
      40
      39
      47
      39
      50
      39
      44
      39
      41
      37
      44
      32
      38
      49
      33
      41
      45
      44
      62
      57
      66
      50
      65
      53
      46
      48
      50
      44
      38
      48
      39
      32
      31
      33
      27
      40
      31
      44
      35
      47
      41
      39
      45
      39
      45
      55
      45
      43
      30
      36
      41
      30
      44
      40
      46
      43
      37
      44
      37
      42
      36
      36
      35
      42
      31
      37
      37
      31
      41
      37
      42
      36
      45
      37
      31
      38
      33
      34
      29
      37
      42
      50
      42
      32
      44
      30
      51
      49
      36
      50
      44
      43
      33
      30
      52
      46
      34
      44
      44
      31
      48
      34
      43
      50
      33
      32
      32
      41
      38
      39
      34
      30
      39
      42
      34
      45
      35
      34
      37
      40
      43
      40
      33
      39
      43
      39
      30
      31
      43
      39
      28
      31
      28
      43
      32
      31
      32
      33
      35
      17
      48
      31
      33
      31
      43
      33
      45
      37
      38
      42
      40
      49
      42
      46
      56
      33
      35
      41
      38
      57
      33
      46
      37
      33
      39
      35
      33
      35
      25
      45
      45
      39
      40
      39
      35
      46
      33
      36
      33
      37
      48
      36
      39
      41
      35
      42
      31
      45
      29
      42
      39
      47
      41
      30
      36
      36
      35
      37
      28
      34
      37
      38
      32
      38
      35
      34
      27
      33
      33
      28
      26
      44
      41
      39
      28
      24
      29
      39
      30
      29
      34
      47
      32
      30
      38
      33
      36
      32
      27
      33
      43
      34
      39
      44
      43
      30
      26
      33
      32
      41
      36
      38
      43
      35
      37
      35
      46
      41
      43
      24
      31
      45
      29
      42
      48
      36
      33
      33
      36
      34
      32
      40
      34
      44
      38
      28
      26
      27
      44
      47
      36
      37
      33
      35
      41
      35
      48
      39
      29
      28
      32
      40
      30
      37
      37
      35
      43
      41
      39
      30
      36
      42
      44
      46
      41
      42
      48
      44
      52
      34
      32
      37
      47
      35
      34
      36
      40
      35
      38
      33
      37
      41
      26
      39
      28
      34
      42
      36
      26
      30
      38
      30
      24
      42
      47
      28
      33
      44
      33
      30
      38
      26
      35
      36
      29
      32
      39
      29
      34
      30
      35
      45
      47
      33
      32
      39
      43
      38
      42
      41
      35
      35
      49
      30
      41
      42
      35
      36
      43
      34
      34
      35
      36
      49
      36
      36
      38
      38
      36
      35
      37
      28
      35
      34
      32
      37
      30
      29
      36
      33
      38
      48
      42
      39
      37
      26
      28
      30
      34
      40
      27
      28
      25
      35
      32
      39
      33
      43
      25
      34
      44
      19
      33
      34
      31
      38
      37
      36
      30
      29
      17
      27
      31
      34
      22
      22
      24
      26
      25
      40
      28
      43
      34
      36
      27
      26
      33
      31
      49
      39
      50
      32
      45
      35
      23
      38
      26
      33
      39
      29
      34
      26
      43
      27
      31
      33
      34
      37
      36
      23
      26
      30
      33
      40
      30
      29
      24
      35
      29
      35
      33
      41
      27
      29
      38
      28
      20
      32
      29
      33
      35
      43
      36
      32
      28
      36
      36
      29
      30
      38
      33
      40
      38
      29
      34
      32
      33
      29
      38
      45
      40
      37
      38
      34
      32
      30
      31
      36
      33
      27
      30
      24
      28
      19
      35
      24
      29
      39
      35
      26
      26
      28
      34
      31
      39
      30
      27
      28
      23
      35
      28
      28
      20
      26
      43
      24
      39
      33
      34
      33
      40
      33
      42
      42
      61
      62
      73
      77
      62
      73
      74
      54
      45
      40
      35
      34
      22
      27
      25
      30
      32
      38
      35
      38
      26
      34
      31
      22
      37
      34
      29
      30
      28
      40
      33
      26
      23
      30
      27
      24
      38
      33
      32
      23
      34
      43
      19
      25
      31
      30
      33
      18
      28
      30
      25
      30
      28
      38
      25
      26
      14
      35
      29
      30
      36
      30
      26
      23
      30
      31
      25
      31
      29
      28
      23
      27
      33
      24
      31
      40
      32
      25
      30
      24
      34
      31
      24
      26
      31
      26
      30
      26
      36
      33
      33
      31
      30
      29
      31
      28
      32
      22
      27
      27
      28
      28
      38
      33
      37
      29
      35
      34
      45
      29
      32
      26
      19
      32
      31
      26
      31
      29
      23
      27
      26
      31
      36
      19
      29
      37
      27
      29
      35
      26
      26
      26
      30
      30
      31
      27
      32
      23
      41
      26
      43
      32
      30
      23
      32
      25
      21
      38
      37
      23
      27
      35
      32
      21
      25
      23
      33
      28
      23
      33
      30
      31
      29
      30
      37
      23
      31
      29
      29
      25
      36
      32
      26
      33
      42
      39
      24
      25
      33
      32
      36
      28
      36
      33
      32
      29
      37
      27
      29
      38
      19
      43
      34
      31
      29
      31
      34
      30
      35
      21
      30
      40
      20
      24
      26
      41
      45
      51
      63
      56
      57
      53
      52
      40
      38
      37
      24
      22
      38
      32
      26
      24
      29
      32
      22
      41
      30
      27
      38
      29
      28
      26
      30
      23
      21
      22
      28
      25
      30
      30
      16
      35
      22
      23
      28
      24
      31
      23
      18
      39
      16
      21
      30
      20
      24
      24
      25
      27
      27
      32
      32
      30
      33
      21
      32
      27
      29
      19
      34
      28
      25
      38
      23
      27
      24
      34
      28
      20
      28
      36
      27
      30
      31
      28
      36
      18
      22
      26
      19
      28
      19
      33
      26
      27
      30
      24
      32
      32
      38
      28
      31
      28
      28
      30
      23
      20
      36
      41
      22
      26
      33
      35
      23
      25
      33
      23
      24
      20
      43
      41
      45
      56
      60
      78
      72
      68
      57
      67
      45
      37
      37
      24
      22
      36
      27
      19
      24
      24
      30
      25
      29
      17
      23
      26
      36
      29
      31
      29
      17
      29
      23
      21
      35
      26
      19
      29
      26
      28
      22
      24
      23
      34
      21
      31
      26
      26
      29
      24
      32
      33
      35
      38
      28
      35
      32
      28
      28
      32
      30
      22
      31
      35
      22
      30
      30
      21
      19
      18
      21
      28
      22
      29
      26
      34
      22
      31
      26
      28
      22
      26
      21
      36
      18
      24
      22
      28
      32
      25
      35
      24
      36
      26
      33
      28
      25
      32
      35
      22
      26
      25
      27
      17
      24
      27
      23
      17
      22
      32
      34
      28
      21
      32
      26
      33
      23
      22
      28
      30
      23
      25
      23
      31
      31
      26
      30
      23
      19
      24
      27
      24
      30
      24
      28
      26
      20
      28
      33
      22
      24
      27
      23
      35
      22
      30
      22
      27
      24
      26
      26
      20
      25
      24
      28
      28
      27
      26
      29
      22
      20
      27
      31
      23
      25
      31
      23
      26
      24
      28
      32
      35
      38
      28
      32
      23
      28
      27
      42
      18
      21
      23
      17
      35
      28
      24
      23
      27
      27
      21
      16
      22
      19
      22
      19
      19
      22
      28
      21
      20
      23
      25
      24
      23
      23
      28
      25
      29
      31
      27
      21
      23
      25
      19
      26
      26
      16
      22
      29
      16
      37
      26
      34
      25
      30
      22
      49
      41
      40
      35
      31
      52
      45
      51
      33
      31
      26
      20
      25
      26
      30
      25
      24
      26
      29
      20
      25
      21
      23
      31
      31
      18
      17
      23
      24
      28
      20
      35
      18
      21
      30
      25
      14
      18
      22
      21
      26
      24
      18
      20
      29
      26
      28
      24
      24
      24
      29
      32
      22
      29
      20
      20
      24
      24
      20
      24
      35
      25
      26
      21
      15
      23
      29
      20
      17
      23
      23
      16
      34
      22
      28
      19
      28
      17
      30
      26
      31
      26
      21
      24
      15
      25
      20
      27
      32
      17
      15
      16
      25
      16
      20
      21
      23
      24
      14
      27
      22
      24
      20
      36
      15
      24
      19
      21
      24
      30
      20
      20
      24
      16
      26
      28
      27
      18
      18
      24
      21
      25
      21
      25
      24
      26
      23
      25
      20
      20
      15
      26
      21
      24
      20
      14
      28
      13
      21
      24
      27
      25
      21
      24
      24
      21
      27
      28
      21
      23
      26
      18
      27
      27
      15
      25
      17
      17
      19
      26
      15
      22
      27
       9
      19
      23
      17
      19
      22
      14
      19
      25
      30
      20
      32
      29
      20
      18
      28
      21
      27
      25
      28
      23
      19
      25
      28
      21
      23
      24
      21
      31
      25
      21
      21
      12
      22
      21
      28
      30
      29
      22
      31
      31
      34
      43
      49
      26
      41
      38
      21
      26
      14
      28
      23
      24
      27
      27
      17
      22
      27
      26
      20
      20
      18
      22
      15
      25
      18
      27
      21
      23
      23
      23
      26
      25
      21
      26
      17
      20
      16
      35
      26
      23
      14
      23
      19
      32
      18
      21
      28
      22
      11
      16
      23
      19
      23
      25
      26
      25
      18
      23
      25
      18
      19
      20
      26
      26
      25
      21
      23
      25
      34
      22
      21
      15
      21
      20
      22
      21
      20
      21
      24
      23
      21
      17
      20
      13
      18
      20
      29
      18
      20
      19
      27
      22
      21
      25
      25
      21
      19
      21
      31
      24
      24
      18
      21
      20
      29
      18
      22
      31
      27
      28
      28
      23
      28
      18
      18
      21
      23
      22
      19
      16
      22
      19
      22
      25
      23
      28
      23
      19
      28
      27
      18
      19
      27
      19
      23
      15
      26
      19
      26
      20
      26
      23
      23
      31
      31
      18
      19
      19
      21
      23
      25
      20
      19
      19
      27
      19
      16
      19
      21
      20
      25
      18
      14
      19
      14
      27
      22
      19
      21
      27
      23
      23
      17
      21
      16
      16
      21
      19
      20
      18
      25
      13
      22
      21
      22
      25
      29
      19
      24
      22
      20
      30
      19
      24
      21
      26
      18
      18
      16
      19
      25
      21
      28
      19
      26
      24
      19
      22
      15
      23
      24
      24
      22
      20
      28
      18
      23
      21
      22
      17
      18
      31
      27
      23
      18
      18
      16
      22
      19
      24
      23
      27
      26
      19
      16
      22
      16
      16
      17
      32
      29
      22
      13
      18
      18
      23
      17
      24
      29
      20
      17
      22
      21
      22
      29
      17
      23
      29
      19
      20
      28
      19
      26
      19
      15
      28
      31
      27
      20
      20
      16
      23
      24
      19
      17
      19
      24
      26
      26
      28
      25
      25
      15
      22
      20
      18
      16
      18
      17
      26
      18
      18
      16
      25
      19
      21
      22
      17
      16
      16
      16
      23
      22
      26
      19
      20
      25
      26
      21
      15
      14
      20
      21
      20
      27
      21
      23
      17
      21
      26
      19
      21
      19
      25
      23
      17
      17
      13
      26
      16
      11
      21
      19
      15
      20
      18
      17
      24
      20
      24
      20
      15
      27
      18
      28
      18
      29
      20
      16
      17
      22
      17
      17
      30
      19
      20
      17
      15
      22
      24
      22
      19
      16
      18
      17
      20
      16
      22
      28
      24
      19
      20
      15
      15
      14
      24
      32
      21
      20
      35
      23
      22
      27
      27
      17
      26
      20
      13
      27
      15
      17
      17
      23
      23
      16
      20
      18
      23
      20
      24
      11
      21
      19
      18
      19
      25
      20
      19
      18
      12
      22
      25
      24
      21
      15
      25
      29
      16
      28
      28
      31
      23
      23
      20
      30
      23
      29
      22
      20
      12
      14
      20
      17
      15
      15
      10
      23
      18
      18
      20
      14
      19
      20
      16
      13
      21
      26
      23
      29
      16
      20
      22
      22
      15
      22
       9
      16
      16
      22
      23
      20
      21
      22
      22
      23
      17
      16
      25
      22
      20
      23
      23
      31
      21
      16
      14
      14
      18
      18
      18
      17
      14
      12
      21
      23
      15
      16
      10
      18
      18
      13
      21
      19
      18
      15
      20
      26
      10
      25
      28
      15
      25
      21
      22
      19
      19
      17
      16
      18
      20
      14
      14
      16
      23
      16
      18
      20
      15
      16
      22
      19
      23
      21
      16
      20
      18
      13
      17
      22
      17
      28
      21
      10
      21
      18
      25
      14
      15
      17
      21
      23
      22
      20
      15
      21
      23
      21
      22
      22
      22
      17
      18
       8
      26
      19
      16
      19
      19
      25
      18
      16
      23
      14
      24
      11
      14
      14
      21
      17
      20
      17
      17
      12
      16
      20
      13
      18
      20
      22
      23
      21
      20
      21
      16
      16
      19
      14
      14
      20
      11
      12
      20
      12
      19
      16
      18
      20
      18
      18
      13
      20
      17
      24
      20
      15
      16
      23
      27
      16
      18
      14
      17
      12
      19
      15
      16
      17
      25
      23
      19
      18
      17
      14
      22
      15
      21
      11
       7
      11
      17
      19
      17
      14
      10
      13
      16
      19
      20
      13
      26
      17
      21
      16
      18
      19
      18
      20
      22
       8
      11
      16
      12
       8
      13
      25
      15
      18
      14
      21
      22
      18
      17
       9
      13
      21
      17
      18
      22
      23
      17
       8
      20
      13
      12
      22
      23
      16
      13
      17
      12
      16
      16
      18
      18
      15
      18
      11
      18
      23
       7
       9
      15
      25
       7
      11
      11
      20
      20
      11
      10
      13
      13
      14
      19
      19
      16
      13
      18
      19
      13
      18
      13
      19
      16
      14
      18
       8
      17
      26
      11
      15
      14
      12
      18
      18
      10
      12
      19
      13
      16
      13
      17
      23
      21
      14
      19
      16
      19
      15
      12
      16
      15
      11
      15
      19
      17
      18
      15
      22
      18
      17
      15
      12
      24
      11
      16
      15
      15
      23
      20
      20
      16
      20
      21
      19
      16
      20
      16
      14
      11
      13
      18
      14
      14
       8
      12
      20
      19
      27
      29
      14
      16
      13
      22
      20
      17
      17
      20
      18
      11
      12
      15
      11
      18
      13
      16
       9
      11
      13
      13
      15
      22
      15
      13
      16
      13
      13
      15
      13
      21
      23
      20
      15
      11
      13
      16
      10
      15
      19
      11
      19
      13
      14
      25
      13
      14
      16
      13
      17
       5
      15
       8
      17
      20
      15
       8
      14
      14
      17
       9
      15
      15
      16
      13
      18
      12
      15
      19
      14
      13
      22
      25
      11
      18
      17
      17
      17
      18
      23
      21
      16
      16
      15
      18
      14
      12
      12
      19
      24
      13
      14
       7
      12
      18
      13
      11
      12
      15
      12
      10
      18
      16
      11
      14
      18
      16
      16
      19
      15
      14
      19
      22
      11
      14
      11
      23
      18
      16
      17
      23
      18
      11
      12
       6
      19
      10
      14
      18
      22
      15
      21
      16
      13
      21
      25
      15
      21
      16
      10
      20
      19
      14
      33
      17
      12
      22
      10
      13
       9
      18
      20
       9
      13
      18
      19
      10
      20
      15
      15
      11
      11
      12
      15
      14
      16
      14
      20
      23
      18
      19
      17
      13
      18
      20
      19
      19
      13
      15
      11
      20
      15
      21
      13
      11
      13
      13
      16
      16
      21
      11
      13
      16
      17
      16
      13
      15
      14
      21
      11
      15
      13
      12
      16
       2
      16
      12
      12
      17
      14
       8
      13
      18
      18
      10
      16
      11
      14
      15
      17
      17
      22
      15
      20
      24
      13
      14
      20
      23
      18
      15
      13
      19
       7
      17
      16
      16
      19
      10
      23
      16
      13
      12
      18
      16
      15
      12
       9
      24
      14
      23
      12
      14
      14
      11
      16
       9
      17
      14
      20
      10
      15
      17
      18
      17
      16
      14
      19
      15
      15
      14
      16
      12
      14
      14
      21
      15
      14
      12
      18
       8
      19
      17
      12
      18
       8
      14
      15
      18
      14
      12
      13
      16
      10
      15
      15
       7
      12
      15
      14
       8
      17
      12
      12
      17
      23
      11
      16
      18
      13
      18
      19
      12
      15
      16
      12
      18
      23
      17
      15
      17
      11
      14
      15
      19
      18
      16
      14
      12
      19
      10
      10
      15
      10
      12
      15
      12
      12
      12
       9
      12
      14
       9
      20
      16
      14
      15
      14
      13
       7
      16
      23
      13
      20
       7
      12
      12
      15
      15
       9
      17
      11
      10
      14
      12
      12
      17
      15
       9
      15
       9
      10
      13
      11
      18
      14
      16
      14
      18
      20
      15
      13
      12
      11
      14
      17
       8
      17
      13
      12
      10
      17
       9
      16
      16
      12
       6
       7
      14
      19
      14
      16
       5
      13
      17
       8
      12
      14
      12
      18
      11
      20
       7
       8
      18
      10
      20
      13
      15
      15
      13
      17
      19
       9
      12
      16
      19
      25
      18
      32
      25
      43
      54
      59
      69
      85
      90
     103
      71
      82
      73
      73
      63
      33
      37
      34
      21
      13
      19
      14
      18
      19
      12
      11
      14
      11
      16
      10
      12
      14
       8
      15
       9
      12
      12
      15
      14
      12
       5
      11
      17
      15
      19
      12
      17
      10
      17
      14
      10
      10
      14
      17
       9
      13
      18
      17
      12
      13
       9
      13
       5
      11
      13
       9
      16
      12
       8
      11
      16
      12
      14
      10
      19
       6
      14
      13
      15
      11
       9
       7
      11
      22
      13
      12
      14
      17
      16
      15
      16
      16
      11
      11
      18
       9
      14
      13
      14
      16
       9
       9
      14
      16
      15
      16
      10
      10
      26
      12
      17
      14
      10
      12
      13
      18
      14
      12
      12
      17
       9
      15
       9
      12
      12
      12
      12
      19
      11
      18
      17
      16
      19
      15
       9
      11
      21
      14
       9
       8
      13
      11
       8
       9
       8
       9
      10
      10
      13
       8
      22
       8
       9
      12
       9
       9
      12
      19
      18
       6
      13
      11
       6
       9
      12
      17
       9
      15
      16
       6
      14
      15
      14
      16
      11
       9
      15
      18
      11
      15
      14
      25
      20
       8
      18
      22
      10
      22
      15
      13
      11
      11
      10
      17
       9
      10
      11
       9
       8
       7
      10
      10
      18
       8
      17
      12
      17
      13
      11
      13
      18
      16
      14
      12
      10
       8
      10
      11
      11
      20
      13
       8
       8
       8
       7
      14
      13
      10
      15
       9
      13
      15
      12
      19
      13
       9
      10
      11
       9
       7
       6
       5
      11
       6
      13
       8
      17
      11
      10
      10
      11
      13
      12
       9
      18
      19
      11
      14
       6
      19
      10
      13
      13
       9
      16
       9
      17
      13
      21
      15
      17
       7
      13
      11
      18
       9
       7
      18
      15
      11
      10
       7
       9
      15
      13
      15
      11
      20
      10
      11
      16
      10
      13
       9
      12
      16
       9
      13
      11
      11
      20
      12
      16
      16
      13
      13
       9
       9
       8
      14
      18
      14
      12
      12
      13
      13
      12
      12
      15
      12
       5
       8
      14
       9
      14
       8
      14
      16
       9
      12
      11
      14
      11
       7
      11
      11
      10
      16
      11
      14
       6
      14
      12
      20
      10
      17
      10
       8
      11
       9
      12
       9
      16
       4
      13
      13
       9
       8
       9
       9
      13
      11
      14
      10
      15
       7
       8
      12
      20
      20
      15
       8
      11
      11
       9
      13
      16
      14
      13
      11
      10
      16
       8
      12
       8
       9
      17
      11
       7
      13
      15
      11
       5
      13
      14
      12
      13
      12
      14
      17
      11
      13
      15
      16
      12
       8
      15
      12
       6
       5
      12
       9
      13
      14
      18
      12
      14
       7
      13
      15
      15
      14
       4
       6
      10
      12
      14
       6
      10
      16
      12
      14
      12
      10
      10
      13
      10
      18
      19
      13
      13
      13
      13
      10
      10
      18
      10
       8
      19
       8
       6
      15
      14
      10
       8
       6
      23
      15
      12
      15
       9
      17
      17
      17
      16
      15
      14
      13
      13
      11
       7
       9
      22
      15
      19
       9
      13
      15
      28
      21
      14
       9
       8
       8
      12
      14
       5
      12
       9
      10
       8
      10
       7
      12
      15
      13
      13
      10
      14
      13
      11
      17
      14
      14
      11
      15
      17
      14
       9
      15
      17
      16
      17
       8
      13
       8
       7
       9
      10
      12
       6
       9
      13
       5
       5
      10
       6
      13
      15
       5
       9
      12
      15
      14
      11
      10
       7
       9
       9
      15
       4
      10
      12
       9
       6
      11
      12
       9
      10
      12
      10
      12
       7
      11
      13
       9
      12
       6
      10
      16
      10
      13
      18
       8
      13
      12
       9
      15
      15
       8
       8
      15
      12
      12
       9
      11
      13
      15
      16
      19
      20
       8
      19
       6
      16
       7
       7
       7
       8
       8
      11
      12
       7
      11
       9
      12
       9
       9
      16
      11
       5
      14
       5
       9
       7
      14
       8
      15
       6
      14
      14
       9
       9
      10
      15
       9
      15
      14
      11
       8
      13
      11
      13
      17
       7
       9
      18
       6
       8
      10
       8
      11
      16
       5
       7
      12
      10
       6
       9
       7
      12
      10
      10
      17
      10
      12
       7
      18
       8
       8
       9
      11
      12
      10
      10
       9
       5
       8
       8
       8
       9
       8
      14
      13
      11
      13
       6
      13
       9
       6
      12
       9
       9
       7
      14
      13
       9
       9
      15
       8
       3
       7
      11
       7
       9
       7
       3
       9
      14
      11
      10
      11
       7
      12
       5
      14
       6
      14
       7
      11
      12
       9
       8
      12
       8
       9
       9
       9
       6
       6
      11
      14
       9
      13
      10
      11
       5
      16
      10
      10
       8
       7
      15
      12
      12
      11
      10
      13
      12
       9
       9
       9
       7
       9
       2
       9
       5
       6
      14
      10
      10
      13
      10
      13
       6
       9
       7
      11
       9
      10
       7
      10
      13
      10
       8
      12
       7
      11
       5
       7
       5
       7
       7
      10
       9
       6
       9
      13
      10
      14
       7
       9
       4
       8
       4
       9
       8
       8
      14
       2
      10
       9
      10
      11
       7
      11
       4
      10
       7
      10
       5
      12
      12
      10
      10
      12
      10
       5
      12
       8
       6
       7
       9
       4
      10
       8
      14
       8
      15
       7
       6
      13
       4
      11
      12
       6
      11
       8
       5
      13
      10
       8
      11
       6
       9
       7
      12
       9
      10
      12
       6
       6
       8
       8
       6
      14
      10
       7
      10
       8
      10
      10
       9
      16
       7
       5
      12
      17
       7
       9
      10
      12
      11
       9
       5
       5
       8
      12
      10
       6
      10
      19
       6
      10
      11
       8
      14
      11
       5
      12
       9
       9
       8
       8
       8
      15
       8
       9
      10
      10
       4
      11
       9
       2
       7
      13
      10
      10
       7
      12
       6
       8
       9
       7
       7
       6
       8
       7
      15
       6
       8
       9
      10
       7
      10
       8
       7
      11
       8
      11
      11
       9
      14
       8
       6
       9
       8
      11
      12
      12
      10
      14
       7
      12
       6
      10
       4
       8
       7
      14
       9
       9
      10
      15
       7
      12
       7
      13
       8
       9
      10
      12
      13
       6
      11
      11
      14
       7
      10
       7
       7
      13
      11
       8
      10
      16
      12
       8
       7
      15
      11
       7
      14
       9
      11
      16
      12
      17
       7
      19
      16
      17
      16
      15
       9
       8
      13
      11
      13
       6
      11
       5
       5
      10
      10
       7
      10
      13
      16
       8
      10
       7
      12
       6
      11
      10
      14
      14
      16
       9
       9
       5
      15
      10
       3
       9
      12
       5
      10
      10
       7
       9
       9
      17
      18
       6
       9
       8
      13
      17
       8
       7
      12
       9
       8
       8
       9
      10
       7
      12
       7
       6
       4
       6
       5
      11
      11
       6
      10
      12
      14
      10
      13
      10
      12
       6
      11
       9
       7
      10
       5
       9
       6
       4
      12
       6
       7
       9
       7
       5
       7
       8
       6
      13
      10
       7
       2
      15
      10
      13
      13
       8
       9
       9
       7
       9
       7
      13
      15
       6
       7
      12
      17
      12
      16
      16
      21
      23
      24
      23
      25
      40
      29
      43
      31
      20
      30
      32
      20
      19
      21
      12
      13
      14
       9
       9
       7
       9
       7
       7
      14
       9
       8
       6
       6
       8
       8
       8
       7
       3
       6
      11
       9
       7
       4
      10
      10
       5
      11
       8
      13
      10
      13
       5
       6
       9
       5
       9
       6
       6
      10
      10
       5
      13
      11
      13
       6
       7
       8
       7
       7
       7
       8
      11
       6
       6
      11
       9
       8
       3
       9
       7
      12
       5
       7
       7
      14
       6
       8
       8
       8
       9
       8
       6
       4
       6
      10
       8
       5
       8
       7
       7
       8
      10
      11
       5
       5
       6
      12
       3
       5
       8
      10
       8
       9
       7
       8
       6
       5
       9
       6
       4
       9
       9
       7
       5
       7
       5
       7
      14
       6
      14
       9
       8
      12
       9
      11
       7
       7
      10
       9
       5
       9
       9
      12
       9
       7
       7
       7
       7
       8
       5
       7
       9
       4
       5
       9
       9
       7
       8
      12
      14
       7
       8
       8
       7
       7
       8
       4
       6
       6
       5
       7
      10
       7
       3
       7
      15
      12
       7
      11
       8
       5
       6
       9
      12
       9
       4
      10
       6
      16
       6
       9
       6
       4
       4
       7
      11
       9
       2
       5
       6
       9
       5
       4
       7
      16
       8
       8
       5
       7
       5
       5
       5
       9
       9
       7
      15
      12
      11
       5
       5
       5
      12
       8
       8
      14
      11
       7
       5
       7
       8
       7
      17
       4
      16
       9
       9
      12
       8
       9
      10
      13
      11
       7
      10
       7
      12
       8
      13
      11
      12
       8
       4
       8
      11
       6
       9
      10
       9
       8
       9
       9
       3
       5
       7
       8
      15
       5
       8
       7
      12
       8
       6
      12
      13
      12
       6
      10
      11
       9
       6
       3
      14
       5
       3
       7
       9
      12
       7
       5
       6
       3
       6
       7
       3
       9
       7
       9
      13
      12
      11
       4
      10
      10
      10
      13
       7
      14
      13
      11
      11
       8
      12
      14
       5
      13
       6
       7
       8
       7
      12
       8
      14
       4
       4
       9
       8
       6
      12
       8
      10
       6
       5
       7
       9
       9
       6
       9
       8
       4
       7
       8
       9
       9
       8
       4
       6
      12
       6
       8
       6
       8
       6
       5
       9
       6
       7
       9
       9
      11
       7
      12
      11
       8
      10
      10
       5
      11
       6
      10
       9
       1
      13
       7
       8
       6
       6
       9
       9
      12
      11
      11
      10
       6
       8
      10
       7
       9
       8
       8
      10
      11
      11
      11
       7
       8
       2
      13
       8
       6
       5
       9
       9
       8
       6
      13
       6
      12
       4
       8
       9
       5
       8
       4
       9
       7
      11
       9
       9
       5
       8
      10
       4
       4
      17
       9
       6
       5
      12
       5
       5
       6
      14
      11
       8
       5
       0
       6
       9
       9
       9
       6
       8
       8
       9
       3
       6
       9
      10
       7
      11
       8
       9
      12
      14
      10
       9
      10
       3
       4
       4
       9
      10
       6
       7
       5
       4
       7
       9
       5
       7
       6
       8
      10
      12
       7
       7
       7
       5
      10
       9
      11
       2
       5
       5
       9
      10
       7
       6
       7
      11
       8
       6
       8
       3
       9
       5
       8
       6
       6
       8
       5
       8
       7
      11
       8
      10
      11
       7
       6
       5
      11
       6
       9
      12
       7
       7
       8
      13
       8
      11
       7
       6
       8
      13
      11
       9
       7
       6
      10
       6
       7
       6
       9
      10
       3
       3
       6
       6
      14
       8
       7
      10
       5
       4
       8
      12
       7
       5
       6
       7
       7
      10
      11
       6
       9
       6
       7
      11
       8
       9
       4
       5
       4
       9
       7
      11
      11
       6
       9
       9
       5
      10
       5
       8
       4
       6
       9
       7
      11
       4
       7
       7
       5
       7
      14
      10
      10
       6
      11
       9
       8
       6
      12
       6
       6
      10
       8
       7
       5
       8
      11
       5
      10
       7
      11
       7
       9
       8
       9
      11
       9
       3
       5
       8
      12
       9
       7
       5
       8
       8
       9
       9
       9
       9
       6
       7
       4
       9
      11
       6
       9
      12
       6
      10
       9
       2
       8
       9
       7
       8
       5
       5
       4
       9
       5
       9
       8
       9
       9
      10
       4
       5
       5
       7
      13
       4
       7
      11
       5
       8
       5
      13
       8
       3
       8
      11
       6
       8
       5
       9
       4
       6
       5
       4
       8
       7
       7
       6
       8
       7
       7
       6
       6
       7
      10
       7
      10
       8
       8
       6
      11
       7
       9
       6
       4
       4
      11
       7
      11
       5
       7
       6
       7
       7
       8
       7
       9
       5
       8
       3
       6
       9
       8
      11
      11
       6
       9
       6
       8
       6
      10
       9
       5
       8
       6
       9
       7
       8
      12
       6
       8
      10
       8
       7
      13
       5
       7
       8
       9
       6
      10
       8
       6
       3
       8
       8
       8
       7
       5
       2
      14
       9
       9
       9
       6
       4
       2
      10
      10
       8
       9
      12
       5
       9
       9
       3
       7
       7
       7
       4
      11
      12
       7
       4
       5
      10
       8
       9
       9
       7
      10
       7
       5
       5
       5
      11
       6
       5
       2
       4
       6
       8
       7
       9
       5
       7
       6
       8
      14
       8
      11
       4
       7
       8
       7
       9
       9
      11
       5
       6
       8
       9
       9
       6
      12
       9
       4
       4
      15
       8
       2
       6
       7
       4
      11
       8
      11
       8
      13
       5
      10
       3
       8
       6
       9
      12
       7
       8
       4
       5
       3
       8
      11
       4
       5
       7
       9
       6
       6
       5
       2
      10
       9
       4
       9
      15
       8
       5
       1
       7
       8
       6
       4
       8
       4
       4
       6
       4
      11
       6
       3
       3
       9
       8
       4
       5
       5
       8
      11
       7
       8
       8
       7
       2
      12
       7
       5
      11
       3
       3
       3
      10
       8
       5
       0
       4
       7
       6
       7
       3
      10
       5
       9
       7
       8
       3
      13
       6
       7
      11
       5
       3
       2
       9
       9
       6
       6
       8
       4
       8
       6
       8
       4
      14
       6
      10
       4
      11
       8
       7
       7
      15
       5
       5
       9
       4
       9
       7
      10
       7
       9
      10
       6
       8
       7
      12
       7
      10
       9
       4
       6
       9
       4
       7
       5
       5
       6
       9
       6
       7
       9
       7
      11
      10
       5
       8
       2
       7
       4
       5
       7
       7
       5
       4
       9
      11
       6
       8
       4
       9
       6
       7
       5
       5
       2
       6
       2
      10
       7
       6
       6
       6
       4
       8
       3
       7
       6
       9
       6
       7
      10
       6
       3
       3
       4
       8
      10
       4
       6
       7
       6
       2
       8
       7
       9
      10
       7
       7
       8
       4
       6
       9
       3
       7
       1
       5
       5
       7
       8
      10
       3
       3
       8
       8
       9
       8
       4
       7
       8
       5
      11
       4
       9
       5
       4
       8
       3
       8
       9
       7
       8
       5
       7
      11
       7
       3
      11
       2
       5
      10
      10
       9
      10
       6
       3
      11
       3
       4
       6
       5
       7
      11
      11
      11
       6
       6
       7
       1
       7
       7
       9
       7
       2
       6
       3
       4
       7
       5
       7
       9
       8
       8
       5
       5
       6
       7
       5
       1
       8
       4
       7
       4
      10
       6
       4
       2
      11
       9
       8
      15
       5
       3
       9
      12
       5
       8
       6
       5
       5
       8
       4
       6
       7
       7
       7
      11
       4
       8
       4
       6
       2
       9
       7
       7
       7
       6
       7
       6
      11
       4
       6
      10
       5
       2
       6
       3
       0
       7
       7
       9
       6
       5
       3
       7
       6
       6
       6
       6
       9
       2
       6
       5
       8
       6
       4
       5
       8
       3
      10
       8
       6
       5
      10
       9
       4
       4
       3
      12
       8
       7
       7
       5
       7
       4
       6
       7
       4
       3
       8
       7
       6
       3
       4
       9
       5
       3
       5
       7
       4
       4
       7
       4
       8
       5
       7
       9
       7
       9
       5
      16
       6
      10
       9
      14
      10
       8
       9
      15
       8
      16
       8
       8
      13
      17
       7
      10
       8
      16
      11
       8
       5
      10
       7
       6
       8
       7
       7
       5
       6
      11
       8
       5
       5
       3
       4
       3
       5
      11
       9
      10
      10
       7
       9
       6
       9
       7
      11
       6
       6
       8
      10
       5
       8
       8
       7
       6
      10
       9
      12
      12
       5
       7
      12
       6
       7
      10
       7
      10
       6
      10
       6
       7
       6
       6
       6
       9
       5
       7
      10
       1
       6
       6
       9
       5
       8
       6
       7
       9
       7
      13
       6
       3
       2
       9
       8
       4
       6
       6
       6
       7
       6
       7
       6
       3
      10
       4
       9
       5
       8
       7
       5
       4
       8
       8
       9
       6
       6
       8
       5
       6
      10
       8
       7
       5
       9
       9
       8
       4
       4
       9
       4
      10
      11
       6
       7
       5
       3
       5
       6
       8
       3
       5
       4
       2
       6
       8
       7
       6
      11
       5
       7
       5
       5
       7
       6
       7
       2
       2
       2
       6
       2
       5
       8
      10
       6
       5
       4
       6
       6
       2
       6
       7
       8
       4
      11
       7
      11
       3
       9
       6
       4
       7
       4
       4
       6
       4
       7
       1
       8
       7
       4
       6
       9
       8
       8
       9
      13
       5
       2
       9
       8
      11
       6
       1
       8
       6
       7
       7
       7
       9
       5
       2
       7
       8
       8
       7
       4
       7
       8
       6
       6
       9
      11
       3
       5
       7
       7
       5
       5
       6
       7
       6
       2
       5
       2
       9
       6
      13
       7
      10
       6
       6
       8
       3
       8
       3
       6
       7
       7
       8
      11
       3
       2
       6
       7
       5
      11
       2
       3
       3
       8
       4
       9
       7
       9
       8
       9
       9
      10
       5
       8
       6
       8
       5
      10
       2
       2
       3
      11
       9
       6
       9
      11
       4
       4
       8
       9
       9
       5
       7
       4
       3
       9
       4
      10
       5
       3
       4
       4
       3
       5
       7
       6
       5
       5
       5
       6
       2
       4
       4
       7
       4
      10
      11
       5
      13
      10
       6
       3
       9
       4
       4
       5
       3
       6
      11
       3
       7
       4
       8
      11
       7
       3
       7
       7
       5
       9
      10
       5
       6
       6
       6
       6
       2
       4
       7
       5
       7
       7
       3
       9
       3
       7
       6
       9
       8
       6
       9
      10
       5
      12
      11
       6
      12
      15
      14
      19
       9
      16
      14
      12
      14
       8
       8
       7
      15
       8
      12
      12
       8
       6
       6
       8
       2
      10
       5
       8
       8
      14
       3
       5
       4
       7
       3
       6
       6
       5
      13
      10
       7
       7
       4
       5
       7
       4
      11
       5
       5
       3
       5
       7
       3
      11
       6
       5
       7
       6
       4
       5
       9
       4
       6
       5
       9
      11
       3
      10
      11
      12
       6
       3
       9
       5
       8
       8
       2
       6
       5
       5
       3
       6
       7
       5
       5
       3
      10
       3
       9
       6
       6
      10
       3
       6
       5
       7
       4
       6
       6
       4
       5
       7
       3
       7
      10
       1
       6
       9
       4
       4
       5
       5
       3
       2
       7
       4
       5
       3
      12
       4
       2
       6
       3
       7
       6
       8
       5
       5
       6
       8
       6
       9
       6
       4
       4
       5
       8
       8
       7
       7
       6
      13
       7
       9
       4
      10
       4
       2
      10
       7
       7
       5
       6
       4
      10
       5
       3
       7
       4
       7
       5
       5
       4
       4
      11
       4
       6
       6
       5
      10
       6
       6
       6
       2
       3
       3
       2
       4
       6
       6
       7
       7
       8
      12
       4
       3
       5
      10
       5
       4
       5
       4
       1
       7
       9
       9
       4
       8
       5
       6
       4
       4
       9
       0
       0
       0
       0
       0
       0
       0
       0
       0
       0
       0
       0
       0
       0
       0
       0
       0
       0
       0
       0
       0
       0
       0
       0
       0
       0
       0
       0
       0
       0
       0
       0
       0
       0
       0
       0
       0
       0
       0
       0
       0
       0
       0
       0
       0
       0
       0
       0
       0
       0
       0
       0
       0
       0
       0
       0
       0
       0
       0
       0
       0
       0
       0
       0
       0
       0
       0
       0
       0
       0
       0
       0
       0
       0
       0
       0
       0
       0
       0
       0
       0
       0
       0
       0
       0
       0
       0
       0
       0
       0
       0
       0
       0
       0
       0
       0
       0
       0
       0
       0
       0
       0
       0
       0
       0
       0
       0
       0
       0
       0
       0
       0
       0
       0
       0
       0
       0
       0
       0
       0
       0
       0
       0
       0
       0
       0
       0
       0
$ROI:
0
$PRESETS:
None
0
0
$ENER_FIT:
-2.173939 0.279251
$MCA_CAL:
3
-2.173939E+000 2.792507E-001 0.000000E+000 keV
$SHAPE_CAL:
3
1.571259E+001 -1.155430E-003 0.000000E+000
