$SPEC_ID:
226Ra
$SPEC_REM:
DET# 1
DETDESC# MCB 132 Input 1
AP# Maestro Version 6.06
$DATE_MEA:
12/27/2021 11:00:48
$MEAS_TIM:
263037 263059
$DATA:
0 8191
       0
       0
       0
       0
       0
       0
       0
       0
       0
       0
       1
       0
       0
       0
       0
       0
       0
       0
       0
       0
       0
       0
       0
       0
       0
       3
    2667
   20313
    1675
     588
     541
     558
     572
     603
     594
     655
     638
     665
     605
     663
     640
     696
     717
     689
     615
     552
     498
     439
     448
     436
     448
     425
     423
     468
     393
     372
     415
     372
     411
     341
     366
     340
     343
     340
     358
     297
     326
     326
     316
     299
     313
     296
     286
     293
     284
     294
     290
     291
     260
     315
     264
     251
     278
     241
     273
     274
     277
     287
     263
     238
     260
     209
     235
     229
     264
     237
     239
     228
     208
     210
     224
     216
     244
     205
     244
     248
     189
     204
     192
     217
     201
     189
     214
     210
     215
     182
     196
     196
     203
     232
     177
     181
     185
     208
     182
     169
     174
     223
     178
     196
     180
     155
     155
     193
     207
     183
     202
     184
     180
     183
     182
     182
     156
     171
     183
     175
     190
     186
     181
     156
     181
     174
     169
     171
     199
     178
     193
     196
     159
     180
     161
     181
     158
     192
     166
     167
     175
     175
     175
     177
     214
     262
     364
     341
     265
     174
     167
     168
     138
     170
     147
     161
     166
     152
     175
     177
     157
     146
     179
     160
     160
     173
     128
     166
     180
     181
     188
     215
     194
     202
     201
     170
     158
     178
     188
     147
     152
     164
     173
     144
     177
     171
     216
     170
     168
     172
     155
     169
     217
     221
     216
     188
     170
     162
     176
     176
     195
     178
     173
     203
     292
     431
     518
     463
     344
     245
     170
     157
     161
     168
     188
     176
     155
     216
     190
     176
     191
     169
     179
     176
     162
     175
     199
     196
     188
     176
     198
     188
     206
     182
     218
     191
     197
     201
     201
     224
     236
     245
     214
     200
     191
     233
     288
     354
     368
     314
     241
     193
     176
     187
     262
     273
     255
     235
     221
     209
     196
     203
     186
     206
     193
     190
     196
     181
     215
     216
     181
     194
     200
     192
     195
     194
     202
     197
     216
     262
     248
     318
     288
     299
     274
     271
     216
     210
     169
     190
     214
     253
     247
     226
     259
     189
     200
     200
     196
     210
     219
     219
     251
     227
     208
     202
     200
     247
     339
     608
     876
     934
     836
     599
     373
     277
     238
     217
     205
     182
     189
     190
     184
     191
     178
     194
     154
     177
     192
     192
     219
     217
     232
     188
     212
     191
     192
     194
     183
     149
     189
     180
     195
     176
     207
     172
     201
     153
     175
     200
     174
     193
     173
     188
     193
     199
     216
     208
     227
     183
     196
     200
     180
     197
     190
     197
     206
     232
     232
     215
     193
     212
     208
     248
     192
     223
     204
     232
     221
     219
     213
     222
     256
     236
     242
     218
     230
     193
     198
     209
     229
     196
     208
     205
     209
     173
     188
     211
     222
     178
     183
     197
     190
     197
     204
     178
     216
     182
     160
     215
     223
     212
     211
     199
     192
     171
     196
     202
     186
     199
     194
     217
     213
     182
     229
     184
     198
     203
     198
     190
     201
     187
     215
     196
     196
     209
     197
     192
     197
     226
     193
     226
     206
     223
     193
     202
     183
     216
     213
     195
     193
     205
     225
     186
     181
     228
     205
     193
     223
     215
     191
     218
     199
     217
     204
     198
     217
     217
     210
     189
     204
     195
     194
     210
     207
     215
     186
     210
     219
     223
     255
     203
     203
     205
     232
     213
     205
     184
     185
     182
     192
     233
     269
     335
     337
     294
     225
     196
     167
     193
     180
     226
     178
     184
     236
     203
     188
     193
     182
     191
     176
     211
     190
     203
     188
     209
     193
     193
     205
     218
     203
     186
     185
     208
     199
     208
     207
     200
     215
     197
     198
     212
     200
     186
     219
     193
     205
     193
     210
     209
     217
     188
     190
     196
     176
     212
     196
     189
     224
     226
     226
     181
     196
     191
     201
     191
     200
     190
     171
     199
     200
     223
     249
     260
     243
     237
     222
     195
     181
     170
     189
     191
     200
     215
     194
     189
     197
     184
     180
     180
     184
     195
     177
     185
     167
     196
     198
     182
     213
     197
     235
     201
     204
     185
     177
     210
     171
     197
     190
     206
     181
     196
     190
     184
     192
     208
     203
     180
     193
     198
     189
     203
     199
     181
     168
     213
     191
     199
     197
     171
     207
     215
     201
     192
     165
     197
     201
     183
     173
     198
     180
     186
     221
     176
     200
     196
     201
     193
     160
     204
     231
     369
     576
     688
     762
     603
     368
     226
     198
     184
     185
     189
     167
     182
     176
     190
     171
     198
     195
     180
     208
     180
     184
     202
     182
     188
     162
     185
     168
     178
     170
     199
     195
     199
     212
     181
     192
     180
     156
     188
     192
     171
     170
     172
     180
     190
     187
     201
     190
     192
     188
     176
     187
     193
     190
     186
     170
     186
     168
     185
     180
     182
     180
     185
     158
     156
     157
     178
     188
     196
     183
     196
     190
     229
     229
     191
     186
     192
     166
     169
     164
     162
     180
     175
     148
     161
     189
     172
     198
     186
     177
     151
     172
     160
     154
     155
     182
     171
     147
     178
     173
     138
     178
     189
     173
     169
     178
     192
     166
     160
     162
     155
     182
     137
     155
     165
     147
     164
     158
     159
     152
     155
     166
     176
     132
     166
     133
     153
     165
     149
     158
     170
     173
     158
     151
     165
     163
     140
     158
     182
     178
     130
     138
     159
     152
     169
     174
     153
     133
     139
     150
     151
     174
     149
     150
     170
     157
     165
     169
     162
     160
     162
     143
     169
     162
     146
     159
     154
     160
     139
     149
     142
     157
     166
     133
     153
     191
     162
     160
     143
     135
     154
     156
     147
     151
     157
     173
     157
     157
     174
     232
     300
     384
     421
     325
     265
     197
     153
     140
     162
     162
     188
     146
     185
     171
     159
     148
     180
     147
     144
     152
     152
     132
     129
     136
     129
     148
     166
     140
     149
     140
     128
     128
     143
     163
     160
     151
     136
     134
     136
     166
     130
     147
     140
     141
     136
     143
     155
     143
     134
     168
     155
     133
     128
     145
     148
     139
     135
     120
     137
     136
     129
     110
     167
     150
     135
     133
     157
     148
     183
     124
     136
     118
     141
     142
     153
     143
     163
     119
     145
     122
     140
     145
     142
     141
     134
     150
     136
     117
     112
     128
     131
     128
     128
     110
     141
     123
     115
     115
     131
     153
     117
     120
     138
     124
     150
     138
     122
     113
     128
     118
     124
     128
     147
     144
     141
     159
     123
     124
     154
     147
     131
     149
     125
     129
     141
     127
     138
     127
     112
     132
     112
     122
     127
     117
     106
     142
     100
     129
     127
     124
     130
     134
     139
     132
     125
     138
     106
     139
     122
     107
     102
     115
     107
     113
     133
     131
     112
     134
     104
     108
     103
     120
     118
     110
     112
     131
     130
     139
     125
     119
     152
     111
     127
     127
     139
     121
     117
     111
     130
     115
     117
     131
     124
     132
     122
     118
     113
     128
     146
      92
     138
     118
     109
     131
     110
     125
     105
     112
     144
     120
     116
     135
     134
     176
     170
     128
     119
     105
     126
     129
     101
     108
      99
     123
     132
     105
     111
     109
     116
     134
     132
     123
     116
     116
     133
     125
     132
     123
     104
     128
     109
     115
     118
      97
     115
     117
     100
     112
     124
     106
     125
     103
     113
     105
     105
     125
     110
     118
     114
     102
     115
     116
     103
     123
     112
     112
     111
     101
      83
     123
      98
     102
      98
     110
     107
      90
     130
     108
     100
     101
     105
     111
      92
     108
     109
     101
     105
     109
      99
      96
     115
     111
     132
     101
     103
     111
     117
     105
     105
     100
     113
     124
     120
     104
     116
     114
     105
     122
     116
      90
     143
      91
     102
     109
     105
     114
     115
     103
      90
      88
     112
     101
     118
      96
     106
     110
     111
     122
     108
     126
     123
     118
     117
     104
     119
     112
     115
     100
     110
     100
     111
      96
      95
      99
     103
      98
     120
     100
      82
      98
      91
     107
     110
     100
     106
      86
      99
     106
      96
      93
      98
     109
     103
     119
     108
     121
     136
     139
     161
     151
     120
      97
      98
     106
      93
      93
      94
     100
      87
      92
     104
     100
      92
      97
      93
      97
      99
     113
     104
      77
      92
      88
      86
     100
      94
      99
      85
      91
      97
      72
      99
     110
     105
      96
      96
      87
      88
     110
      74
     105
      98
      97
      95
     124
     127
     146
     135
     161
     117
     110
     112
     100
      92
      87
      93
      79
     100
      84
     102
     113
      85
      99
     103
      89
     104
      99
      93
      86
      93
     107
     116
      85
     104
      90
      90
      87
      97
     116
      90
      93
      89
      94
      91
      93
      86
     103
      92
     100
     102
      90
      95
      88
      94
      95
      82
     107
      92
      87
      74
      84
      79
     101
      74
      81
     125
      99
     101
      93
      91
     107
      98
      71
      81
      76
      78
      81
      83
      69
      80
      91
      84
      83
      89
      84
      76
      89
      80
      96
      96
      76
      97
      93
      90
      88
     107
      68
      83
      80
      78
     113
      77
      92
     101
      94
      83
      87
      79
      84
      80
      92
      96
      86
      62
      84
      96
      84
      93
      97
      88
      89
      91
      89
      79
      77
      82
      98
     105
      97
      82
      76
      80
      69
      73
      96
      77
      94
      83
      91
      84
      86
      87
      75
      82
      86
      85
      79
      85
      72
      82
      86
      91
      85
      89
      58
      81
      81
      86
      95
      70
      91
      80
      85
      77
      89
      91
      89
      74
      96
      82
      85
      71
      84
      72
      64
      83
      80
      73
      81
      68
      77
      89
      90
      54
      96
      96
      71
      83
      87
      79
      69
      86
     106
      72
      79
      82
      78
      79
      92
      79
      81
      76
      84
      92
      82
      67
      62
      92
      72
      86
      79
      97
      91
      85
      85
      63
      74
      68
      87
      78
      79
      68
      83
      76
      66
      71
      85
      79
      82
      73
      55
      87
      89
      80
      89
      84
      60
      82
      80
      61
      77
      69
      90
      85
      72
      71
      68
      73
      77
      85
      76
      80
      71
      71
      76
      75
      79
      74
      80
      81
      77
      89
      73
      76
      72
      74
      64
      80
      74
      67
      80
      71
      56
      87
      89
      80
      79
      76
      72
      82
      80
      80
      85
      83
      90
      84
      88
      77
      63
      64
      94
      76
      81
      76
     101
     117
     174
     309
     402
     476
     532
     420
     315
     179
     120
      86
      80
      76
      76
      78
      77
      81
      74
      62
      70
      61
      66
      69
      77
      68
      78
      65
      76
      70
      71
      79
      52
      87
      61
      75
      73
      69
      77
      69
      88
      52
      65
      62
      73
      62
      86
      67
      69
      86
      74
      68
      76
      77
      76
      71
      78
      60
      59
      75
      62
      66
      74
      81
      70
      68
      73
      61
      85
      70
      70
      63
      73
      65
      83
      67
      63
      66
      78
      69
      76
      68
      69
      63
      68
      59
      69
      58
      65
      77
      73
      63
      56
      80
      72
      67
      69
      64
      83
      76
      74
      75
      65
      72
      75
      79
      69
      65
      83
      94
      96
      82
      75
      86
      70
      72
      62
      75
      66
      68
      60
      63
      66
      70
      60
      79
      68
      64
      67
      74
      61
      64
      56
      72
      68
      65
      74
      77
      55
      68
      93
      61
      67
      73
      76
      65
      79
      64
      69
      66
      60
      66
      57
      75
      56
      70
      62
      67
      71
      70
      61
      65
      62
      60
      78
      57
      58
      66
      71
      44
      60
      76
      62
      64
      58
      73
      66
      52
      59
      60
      61
      62
      69
      60
      58
      71
      63
      58
      52
      76
      68
      49
      65
      58
      58
      67
      60
      65
      71
      59
      69
      54
      50
      59
      52
      64
      70
      58
      66
      61
      59
      59
      59
      67
      51
      47
      60
      65
      59
      59
      77
      52
      56
      61
      56
      50
      57
      67
      58
      64
      57
      53
      61
      66
      64
      77
      55
      70
      67
      62
      57
      51
      56
      66
      57
      54
      65
      46
      61
      62
      56
      48
      46
      52
      58
      52
      68
      62
      61
      68
      42
      43
      74
      50
      67
      62
      64
      69
      77
      94
      91
     101
     114
     118
     176
     236
     289
     335
     386
     439
     443
     451
     436
     423
     332
     282
     229
     189
     123
     142
     116
      88
      81
      69
      74
      65
      56
      63
      53
      45
      60
      55
      65
      67
      62
      53
      51
      55
      49
      58
      61
      52
      56
      39
      49
      56
      55
      52
      59
      52
      34
      51
      69
      50
      48
      50
      67
      36
      54
      36
      52
      78
      56
      58
      60
      61
      41
      45
      52
      53
      63
      55
      45
      56
      45
      55
      57
      56
      47
      49
      49
      44
      47
      51
      60
      53
      56
      53
      58
      52
      62
      45
      50
      51
      65
      51
      57
      51
      48
      57
      47
      51
      51
      39
      63
      67
      51
      49
      64
      51
      56
      46
      49
      46
      57
      52
      45
      46
      55
      49
      66
      51
      52
      57
      45
      36
      49
      40
      45
      46
      45
      41
      52
      38
      49
      48
      37
      61
      49
      49
      41
      54
      46
      37
      53
      43
      40
      52
      52
      54
      50
      41
      60
      46
      45
      53
      47
      47
      60
      38
      50
      56
      53
      56
      39
      50
      33
      38
      51
      54
      44
      59
      52
      35
      41
      43
      49
      53
      49
      39
      52
      57
      39
      51
      57
      53
      34
      44
      47
      56
      32
      36
      41
      44
      43
      43
      48
      44
      52
      54
      48
      34
      47
      45
      54
      50
      49
      61
      46
      48
      49
      51
      33
      53
      49
      45
      60
     101
      70
      85
      79
      85
      78
      71
      64
      56
      56
      46
      41
      48
      49
      48
      46
      49
      51
      53
      34
      55
      60
      38
      42
      42
      51
      50
      49
      55
      46
      42
      55
      44
      52
      55
      49
      42
      53
      46
      48
      45
      46
      47
      43
      45
      40
      56
      60
      72
      84
      99
     100
      97
     110
      80
      67
      55
      50
      47
      40
      44
      49
      44
      43
      35
      50
      55
      30
      53
      29
      40
      50
      54
      42
      38
      43
      40
      43
      37
      40
      45
      35
      40
      61
      56
      50
      31
      32
      45
      40
      38
      32
      36
      52
      54
      36
      43
      50
      54
      54
      60
      54
      52
      47
      55
      63
      54
      50
      37
      43
      58
      45
      48
      41
      53
      57
      44
      50
      48
      60
      60
      65
      55
      36
      55
      42
      47
      45
      48
      56
      43
      44
      42
      40
      44
      45
      51
      53
      55
      50
      49
      64
      60
      73
      74
      81
      58
      49
      54
      54
      44
      52
      54
      49
      45
      49
      57
      67
     105
     178
     243
     292
     343
     328
     281
     170
      96
      85
      61
      56
      37
      40
      29
      41
      51
      36
      56
      36
      52
      34
      58
      48
      36
      43
      31
      41
      46
      45
      44
      41
      52
      41
      35
      45
      38
      42
      47
      39
      44
      41
      43
      48
      45
      42
      47
      55
      27
      45
      40
      48
      36
      38
      40
      57
      39
      32
      38
      39
      44
      40
      38
      41
      35
      41
      49
      37
      36
      37
      48
      48
      31
      35
      32
      53
      55
      49
      40
      35
      52
      40
      36
      31
      30
      40
      32
      33
      45
      38
      52
      48
      39
      38
      40
      39
      47
      41
      38
      38
      43
      49
      47
      41
      38
      47
      36
      28
      36
      54
      36
      45
      37
      39
      27
      36
      38
      46
      38
      33
      43
      30
      40
      38
      44
      48
      37
      41
      31
      38
      43
      38
      30
      41
      49
      41
      29
      39
      36
      36
      36
      45
      35
      43
      45
      40
      44
      34
      23
      47
      41
      50
      38
      37
      27
      32
      47
      37
      37
      31
      43
      44
      31
      40
      30
      41
      59
      50
      83
     145
     210
     308
     414
     408
     446
     344
     262
     173
     103
      79
      44
      41
      42
      27
      35
      34
      41
      48
      41
      33
      32
      35
      38
      41
      37
      39
      44
      43
      39
      38
      33
      46
      41
      42
      33
      32
      43
      33
      50
      34
      32
      30
      28
      28
      40
      35
      33
      34
      31
      32
      23
      40
      50
      38
      37
      30
      29
      31
      27
      41
      51
      34
      32
      39
      44
      35
      41
      31
      32
      39
      41
      31
      38
      32
      36
      39
      32
      42
      36
      30
      31
      33
      42
      35
      40
      31
      30
      38
      32
      44
      30
      38
      28
      38
      30
      35
      39
      42
      36
      39
      38
      25
      30
      39
      44
      24
      35
      33
      43
      39
      36
      37
      38
      37
      41
      40
      43
      37
      48
      39
      38
      36
      51
      35
      35
      36
      40
      38
      42
      50
      39
      34
      46
      34
      41
      36
      39
      48
      43
      39
      30
      50
      38
      42
      40
      36
      35
      44
      36
      43
      45
      31
      33
      41
      30
      28
      49
      36
      35
      43
      36
      36
      34
      32
      41
      34
      38
      40
      50
      42
      47
      34
      51
      34
      46
      35
      31
      41
      42
      42
      46
      39
      42
      36
      41
      33
      37
      34
      30
      42
      32
      36
      40
      32
      34
      38
      32
      37
      33
      38
      34
      23
      26
      44
      33
      38
      41
      38
      28
      42
      32
      38
      43
      38
      48
      52
      78
      82
     123
     164
     213
     250
     273
     242
     208
     145
     103
      56
      58
      46
      37
      30
      40
      33
      46
      43
      38
      45
      36
      46
      36
      36
      38
      30
      28
      26
      20
      24
      31
      38
      28
      33
      21
      35
      32
      34
      32
      32
      35
      30
      33
      29
      38
      27
      32
      38
      36
      40
      28
      37
      31
      30
      31
      30
      28
      35
      34
      34
      28
      26
      37
      30
      35
      28
      29
      27
      17
      36
      45
      37
      33
      29
      47
      33
      40
      33
      33
      32
      26
      39
      32
      36
      39
      32
      29
      28
      37
      28
      31
      36
      32
      23
      32
      33
      33
      32
      40
      40
      42
      28
      30
      37
      27
      30
      28
      28
      25
      37
      25
      33
      29
      31
      34
      27
      24
      35
      41
      27
      21
      19
      43
      30
      30
      28
      27
      36
      30
      38
      29
      25
      34
      29
      34
      35
      32
      25
      35
      31
      31
      30
      31
      21
      29
      42
      27
      31
      27
      39
      23
      29
      38
      41
      35
      42
      33
      48
      52
      46
      51
      43
      41
      32
      32
      30
      27
      27
      29
      39
      38
      37
      29
      29
      36
      34
      31
      37
      37
      43
      38
      40
      39
      39
      33
      21
      38
      30
      30
      33
      27
      27
      31
      30
      32
      29
      28
      26
      27
      32
      22
      39
      36
      27
      29
      34
      32
      30
      41
      25
      36
      31
      22
      37
      25
      30
      30
      20
      26
      29
      27
      24
      36
      25
      37
      36
      29
      31
      32
      33
      42
      38
      38
      28
      27
      25
      27
      37
      25
      22
      34
      29
      29
      18
      33
      26
      26
      27
      26
      22
      30
      31
      38
      37
      27
      28
      35
      25
      38
      34
      38
      34
      31
      37
      32
      20
      24
      30
      26
      25
      24
      26
      39
      24
      27
      24
      24
      41
      25
      23
      24
      37
      15
      31
      27
      29
      33
      38
      29
      39
      39
      40
      26
      32
      31
      21
      23
      20
      29
      22
      27
      13
      21
      31
      23
      31
      24
      30
      30
      38
      33
      27
      23
      21
      27
      26
      31
      31
      24
      34
      33
      32
      28
      34
      30
      35
      32
      37
      28
      29
      30
      22
      27
      25
      34
      26
      31
      28
      21
      40
      23
      32
      41
      25
      32
      32
      24
      39
      29
      32
      28
      30
      31
      28
      29
      26
      19
      29
      30
      34
      30
      30
      32
      21
      23
      30
      24
      33
      37
      23
      29
      29
      30
      27
      24
      31
      26
      28
      27
      28
      31
      29
      36
      23
      17
      32
      26
      26
      38
      24
      20
      24
      26
      25
      24
      28
      29
      26
      24
      24
      23
      31
      29
      34
      25
      28
      32
      32
      30
      25
      23
      24
      28
      23
      33
      26
      22
      37
      36
      26
      29
      24
      21
      24
      36
      31
      19
      31
      28
      28
      31
      28
      32
      32
      27
      31
      39
      33
      32
      35
      26
      28
      38
      24
      26
      21
      36
      28
      30
      42
      29
      28
      29
      23
      39
      27
      16
      32
      17
      32
      24
      25
      27
      30
      22
      23
      31
      29
      23
      22
      32
      37
      18
      34
      26
      27
      29
      28
      31
      31
      22
      25
      28
      31
      29
      16
      25
      25
      28
      32
      30
      23
      36
      30
      37
      33
      25
      25
      22
      25
      23
      23
      24
      25
      21
      31
      26
      28
      21
      25
      26
      24
      29
      29
      20
      22
      28
      20
      34
      32
      26
      19
      33
      32
      16
      31
      34
      36
      18
      22
      23
      31
      25
      27
      27
      23
      20
      23
      31
      24
      30
      15
      23
      29
      25
      17
      31
      22
      24
      31
      22
      33
      28
      27
      23
      18
      15
      19
      23
      24
      37
      24
      22
      29
      34
      23
      29
      34
      32
      18
      31
      23
      22
      29
      24
      30
      21
      27
      29
      26
      23
      24
      29
      21
      27
      26
      13
      21
      21
      22
      28
      10
      34
      23
      20
      20
      32
      26
      23
      24
      22
      23
      21
      26
      20
      26
      24
      35
      26
      25
      27
      21
      20
      23
      23
      20
      25
      25
      30
      29
      21
      23
      24
      22
      27
      24
      22
      22
      22
      35
      30
      27
      25
      28
      28
      27
      25
      27
      30
      24
      29
      39
      31
      24
      17
      27
      21
      33
      23
      25
      24
      27
      24
      30
      34
      19
      23
      22
      23
      16
      17
      22
      25
      25
      23
      20
      29
      29
      18
      33
      21
      37
      35
      47
      61
      60
      61
      56
      45
      38
      34
      27
      34
      27
      23
      26
      28
      16
      23
      24
      29
      26
      23
      23
      24
      25
      23
      33
      25
      27
      32
      23
      23
      32
      24
      23
      27
      20
      20
      17
      22
      26
      24
      23
      15
      32
      24
      24
      33
      31
      23
      17
      27
      17
      19
      17
      24
      21
      20
      18
      16
      32
      24
      26
      28
      20
      18
      21
      22
      14
      13
      21
      21
      18
      21
      25
      20
      19
      23
      12
      28
      31
      25
      23
      23
      33
      28
      28
      21
      25
      30
      16
      23
      18
      14
      25
      29
      21
      22
      21
      26
      33
      20
      21
      26
      22
      24
      23
      16
      23
      18
      20
      21
      29
      20
      26
      23
      17
      18
      18
      26
      24
      24
      15
      14
      24
      31
      21
      21
      31
      16
      19
      29
      23
      33
      23
      25
      17
      16
      24
      27
      17
      22
      24
      26
      23
      21
      19
      19
      13
      22
      15
      21
      24
      27
      20
      21
      17
      22
      27
      22
      18
      28
      29
      27
      26
      32
      31
      19
      23
      18
      21
      16
      20
      18
      11
      27
      28
      26
      23
      19
      28
      29
      34
      22
      32
      26
      28
      27
      23
      21
      25
      18
      36
      31
      34
      27
      40
      19
      27
      36
      26
      24
      31
      32
      19
      20
      36
      27
      42
      43
      33
      36
      43
      39
      33
      32
      29
      29
      19
      24
      21
      20
      14
      22
      21
      24
      21
      17
      22
      21
      22
      24
      16
      24
      24
      19
      28
      15
      20
      31
      28
      17
      23
      16
      24
      23
      14
      15
      22
      14
      16
      25
      26
      17
      20
      27
      25
      18
      20
      17
      18
      15
      19
      23
      23
      15
      26
      19
      23
      24
      25
      20
      22
      22
      20
      17
      23
      20
      23
      18
      28
      15
      20
      23
      21
      25
      20
      16
      25
      27
       9
      24
      11
      24
      17
      23
      19
      24
      10
      22
      17
      21
      17
      24
      15
      22
      16
      25
      21
      14
      14
      15
      22
      24
      27
      18
      23
      21
      18
      24
      32
      38
      25
      47
      55
      43
      56
      49
      57
      33
      31
      22
      17
      24
      16
      23
      15
      19
      22
      30
      22
      16
      23
      32
      18
      25
      20
      19
      20
      20
      28
      20
      15
      17
      19
      27
      17
      15
      21
      28
      21
      26
      16
      20
      28
      26
      23
      20
      20
      20
      27
      29
      18
      29
      29
      15
      23
      21
      14
      22
      20
      24
      28
      24
      22
      23
      28
      21
      21
      17
      14
      17
      15
      22
      20
      19
      14
      23
      26
      18
      19
      27
      17
      18
      21
      17
      24
      23
      24
      27
      24
      17
      27
      26
      14
      23
      23
      12
      21
      23
      19
      24
      21
      16
      21
      18
      19
      21
      21
      14
      21
      19
      24
      19
      21
      19
      26
      17
      25
      22
      17
      25
      17
      23
      21
      17
      15
      15
      21
      14
      17
      17
      20
      21
      19
      20
      24
      19
      18
      23
      26
      21
      19
      17
      24
      28
      13
      17
      16
      18
      17
      23
      11
      17
      29
      22
       9
      24
      14
      15
      20
      32
      25
      21
      19
      16
      23
      24
      26
      14
      19
      24
      25
      25
      17
      19
      16
      15
      17
      22
      22
      17
      15
      22
      13
      13
      24
      21
      17
      20
      22
      24
      11
      17
      21
      19
      22
      18
      15
      14
      27
      30
      21
      21
      21
      24
      17
      25
      25
      23
      28
      18
      14
      19
      25
      24
      17
      11
      14
      27
      25
      21
      18
      26
      23
      24
      32
      35
      29
      31
      27
      26
      32
      29
      25
      29
      22
      11
      15
      23
      24
      17
      18
      26
      21
      19
      22
      22
      21
      21
      12
      20
      12
      22
      18
      19
      18
      16
      15
      19
      24
      21
      11
      18
      20
      20
      12
      21
      23
      21
      20
      14
      25
      10
      18
      23
      23
      20
      18
      23
      26
      21
      20
      12
      21
      26
      15
      15
      15
      20
      28
      14
      23
      20
      23
      10
      20
      16
      22
      17
      13
      18
      18
      12
      20
      22
      20
      27
      23
      20
      15
      15
      21
      15
      22
      13
      13
      22
      14
      15
      21
      23
      22
      13
      18
      14
      23
      13
      23
      23
      15
      25
      22
      15
      16
      13
      22
      19
      18
      20
      18
      12
      11
      24
      26
      20
      15
      19
      14
      28
      16
      18
      12
      16
      26
      14
      15
      24
      15
      12
      14
      20
      19
      10
      13
      18
      18
      19
      15
      18
      17
      19
      19
      17
      15
      21
      16
      15
       7
      18
      10
      14
      18
      26
      21
      29
      20
      18
      21
      18
      19
      19
      25
      24
      19
      23
      17
      18
      20
      18
      11
      17
      10
      15
      16
      20
      25
      23
      19
      13
      21
      17
      19
      20
      20
      20
      22
      21
      17
      15
      16
      26
      17
      25
      18
      19
      22
      25
      34
      22
      40
      30
      27
      26
      26
      24
      13
      24
      13
      24
      18
      20
      14
      18
      22
      13
      14
      20
      21
      19
      12
      24
      21
      20
      17
      17
      23
      11
      17
      21
      19
      22
      20
      20
      15
      15
      15
      20
      20
      23
      21
      12
      18
      30
      19
      20
      17
      25
      22
      22
      15
      10
      13
      13
      20
      21
      22
      13
      12
      18
      16
      19
      23
      17
      18
      15
      16
      16
      16
      19
      22
      10
      22
      18
       6
      14
      15
      16
      22
      18
      24
      20
      21
      25
      16
      23
      18
      20
      20
      14
      12
      11
       8
      17
      22
      16
      13
       9
      20
      14
      16
      20
      16
      18
      15
      18
      17
      20
      13
      13
      20
      20
      16
      17
      12
      12
      17
      19
      13
      20
      26
      11
       9
      16
      16
      21
      20
      17
      16
      17
      20
      20
      12
      10
      15
      18
      20
      15
      10
      16
      14
      12
      24
      21
      20
      19
      24
      19
      13
      18
      18
      18
      22
      19
      21
      15
      15
      21
      14
      19
      19
      16
      23
      14
       9
      16
      10
      11
      13
      19
      15
      21
      22
      12
      13
      15
      19
      17
      14
      16
      10
      22
      17
      13
      19
      15
      15
      20
      15
      23
      11
      18
      20
      16
      20
      20
      17
       8
      20
       8
      25
      13
      15
      26
      14
      15
      24
      18
      20
      19
      11
      17
      19
      21
      17
      12
      21
      14
      19
      15
      14
      14
      20
       9
      27
      17
      15
      19
      16
      13
      17
      10
      18
      14
      11
      17
      14
      18
      14
      15
      22
      14
      10
      10
      16
      14
      16
      18
      18
      13
      17
      21
      25
      19
      14
      15
      19
      17
      20
      15
      17
      18
      13
      16
      21
      28
      10
      17
      17
      22
      17
      14
      21
      13
       8
      17
      12
      22
      18
      15
      14
      13
      14
      12
      14
      20
       8
      18
      16
      22
      15
      20
      16
      24
       9
      13
      24
      19
      13
      12
      23
      19
      13
      20
      16
      14
      12
      18
      17
      21
      15
      28
      20
      11
      14
      15
      18
      12
      16
      15
      21
      17
      16
      21
      18
       6
      24
      17
      19
      13
      16
      15
      11
      10
      17
      11
      23
      18
      15
      22
      15
      20
      22
      13
      11
      15
      11
      17
      13
      14
      15
      16
      15
      18
      20
      16
      18
      10
      14
      19
      17
      13
       7
      20
      22
      20
      18
      14
      15
      10
      16
      18
      11
      10
      24
      16
      22
      21
      19
      19
      14
      18
      22
      23
      12
      21
      17
      11
      21
      11
      14
      19
      16
      15
      22
      15
      18
      19
      11
      11
       9
      16
      13
      15
      15
      10
      13
      19
      19
      12
      15
      15
      22
      21
      19
      15
      21
      15
      27
      17
      18
      17
      17
      18
      23
      20
      22
      15
      20
      14
      16
      14
      15
      10
      12
      17
       9
      10
      14
      13
      20
      16
      17
      16
      12
      17
      15
      10
      16
      14
       9
      14
      14
      16
      16
      18
      12
       9
      16
      11
      12
      16
      13
      12
      11
      16
      13
      15
      16
      13
      14
      21
      14
      16
      10
      12
      15
      15
      18
      14
      11
      16
      13
      28
      15
      19
      11
      14
      13
      14
      15
      14
       6
      13
      18
      11
      16
      18
      15
      17
      13
      15
      21
      14
      12
      19
       9
      19
      19
      13
      17
      13
      11
      13
       8
      15
      12
      12
       8
       7
      11
       7
      10
      17
      10
      13
      14
      15
      14
      13
      10
      10
      15
      15
      12
      14
      11
      15
       9
      19
      10
      17
      19
      12
      21
      13
      15
      16
      14
      15
      15
      13
      15
      19
      10
      10
      16
      11
      17
      18
      13
       9
      16
      19
      16
      16
      20
      17
       7
      14
      15
      19
       8
      16
      16
       8
      12
      16
      20
      17
      20
      14
      14
      11
      17
      16
      15
      17
      14
      16
      22
      14
      20
      12
      13
      11
      14
      12
      20
      15
      18
      17
      11
      10
       9
      14
      16
      16
      21
      14
      13
      11
       8
      14
      13
      18
      12
      21
      12
      10
      19
      26
      11
      21
      14
      19
       4
      14
      13
      15
      18
      15
       7
      14
      14
       8
      17
      11
      11
       8
      16
      15
      21
      14
      20
      10
      12
      13
       8
      17
      16
      13
      16
      18
      14
      10
      11
      14
      18
      16
       9
      14
      12
      19
       9
      13
      18
       9
      20
      13
      19
      10
       8
      13
      16
       9
      18
       7
      17
      14
      15
      11
      15
      13
      21
       5
      13
      11
      15
      12
       9
       6
       8
      17
      16
      12
      15
      12
      12
      10
      10
      11
      18
       9
      13
       7
      14
       9
      10
       8
       9
      16
      14
      12
       9
      17
      12
      15
      21
      17
      16
      15
      10
       7
      17
      12
      17
      11
       9
      11
      11
      18
      16
      13
      16
       7
      12
      13
      18
      12
      16
      19
      14
      15
      11
      15
       7
      11
       7
      15
      17
      14
       5
      17
      16
      10
      18
      17
       8
      16
      15
      11
      12
      11
      16
      20
       8
      12
      16
      11
      13
      20
       7
      13
      18
      14
      20
      16
      13
      13
      12
      14
      11
      14
      11
      11
      11
      15
      14
      11
      11
      14
      12
      13
       6
      15
       8
      13
      12
      15
      12
       6
      13
      12
      14
      16
      13
      13
      13
      13
      12
      13
      14
       6
      18
      16
      10
      12
      14
       9
       8
      12
      13
      15
       8
      11
      18
      18
      16
      15
      20
      11
      12
      10
      15
       4
       8
      16
      11
       9
       8
      10
      13
      14
      17
       8
      11
      23
       9
      12
       8
      13
      10
       9
      11
      14
      19
      19
      10
       9
      11
      12
      13
      10
       6
       8
      21
      14
      10
      10
       9
       9
      12
      19
       7
      13
      16
      16
      19
       8
      16
      18
      14
      22
      10
       7
       6
      12
      12
      14
      14
       9
      20
      13
      10
      12
       8
      10
      12
      17
      19
      17
      12
      16
      12
      13
      10
       8
       8
      17
      12
      13
      13
      14
      13
      13
      16
      15
      19
      16
      16
      15
      20
      12
      19
      12
      21
       9
      14
       9
       7
      19
      13
      14
       7
      19
      15
      16
      10
      16
      14
      13
      14
       9
      11
       7
      17
      21
      17
      11
      17
      14
      10
      12
       8
      12
       9
      15
      13
      18
      12
      12
      15
      19
      15
      17
       6
      14
      10
      15
      12
      16
      16
       6
      12
      10
       7
      15
      11
       8
       8
      13
      13
      17
       8
      14
       8
      13
       4
      11
      16
      14
      13
      18
      17
       9
      10
      11
      12
      10
       9
      17
      14
      13
      14
      16
       9
       9
      19
      14
       8
      15
      15
      14
       9
      11
      16
      16
      10
      10
      11
      17
      11
      11
      15
      19
       9
      20
      14
      23
      12
      12
      12
      10
       9
       9
      15
       7
      10
      18
      13
      10
      12
       9
       8
       9
      15
      12
      14
      12
       6
       9
      12
      15
       8
      10
      12
      11
      10
      10
      16
       9
       9
       8
      15
       5
      11
       5
       9
       6
      10
      11
      14
      11
      13
      14
       5
       8
      12
       4
       7
      12
       5
      14
      15
      13
      10
      16
      17
      14
      14
      11
      13
      13
      13
       9
       8
      11
      12
      11
       8
       7
      10
      17
       7
      12
       8
      12
      19
      10
       9
      12
       9
      13
      10
      15
      14
       9
       8
       7
      13
      10
      12
      15
      18
      13
       9
      10
      12
      10
      14
      10
      11
      11
       6
      13
      12
      13
      10
      12
      13
      16
      10
      12
       9
      13
      16
      14
       5
       8
      10
       9
       6
      14
       7
      12
       9
      14
      10
      13
       9
      10
       8
       6
       8
       7
      14
      12
       7
       9
       7
      12
       8
       9
      15
      13
      12
       8
      16
      15
       7
       7
      14
       9
       8
       6
      13
      11
      11
      11
       9
      11
       8
      17
      12
      14
      11
      13
       9
       8
      11
      14
      17
      13
      10
       8
      12
      18
      25
      23
      34
      39
      57
      70
      80
      73
      66
      62
      73
      40
      54
      37
      32
      19
      22
      19
      18
      16
      14
      10
      12
       6
      17
       6
      10
      10
      10
       4
       6
       8
       9
       5
      10
       4
      10
       8
       8
      12
       7
       8
      13
       5
       6
      15
       9
       8
      14
      10
      12
      12
      12
       7
      11
      11
      13
       7
       9
      12
      10
       4
       5
      11
      12
       6
      13
      13
      14
       9
       8
      12
       5
       5
      13
      12
      12
      13
       9
      10
       9
       6
      14
      13
      10
       8
       8
      10
      13
      12
      10
      10
      11
       6
      12
      11
      13
      12
       7
      14
       4
       8
      10
      16
       5
      12
       8
       7
       9
       5
       8
       8
      11
      10
       9
      15
      18
       9
      14
       3
      11
       9
      12
       9
       8
       3
      12
      10
      16
      10
      11
       9
       7
      15
       5
      12
       9
       7
      16
       8
       9
       8
      18
      11
      10
       4
       8
      16
      14
      11
       9
       9
       8
      11
      18
       9
       7
      14
       7
      12
      13
       9
       5
       7
       4
       7
      12
      14
      14
       4
      14
      17
       9
       9
      11
      14
      15
       7
      10
       7
      14
      19
      12
      10
      13
      12
      10
      14
      14
      11
      16
      12
       9
       6
      11
       5
      12
      13
      15
       8
       9
      12
       7
       7
      16
       7
      12
      15
      12
      10
      11
      11
      10
      10
      12
      12
      12
      10
       8
       6
       7
       6
       5
       4
       8
      11
       6
       7
      11
      17
       6
       5
      10
      11
      10
      12
       7
       9
       8
      12
      11
      10
       9
      15
      11
       9
       4
       8
       9
       5
       7
       7
       5
      10
       7
       4
      18
       7
      17
      10
       8
       8
      11
      10
       6
      10
      14
       8
       8
      13
      11
      11
      11
       6
       7
       7
       9
       8
       5
      10
       6
      16
      11
      13
       6
       9
      11
      16
      16
       5
       8
      14
      10
       8
      14
      13
      13
       4
      15
       7
      12
       9
      10
      14
      10
       7
      15
       9
      10
       4
      11
       6
      10
       8
      13
       4
       7
       3
       3
      12
      16
       9
       9
       6
      13
       7
       6
       6
       8
       6
       8
       9
       9
      15
       7
      10
       9
       7
      11
      12
       8
       8
      12
       6
       6
       3
      13
       4
       5
       7
       4
      10
      10
       8
      12
      11
       7
       2
      11
       5
      15
       9
       7
       8
       5
      11
      12
      10
       8
       9
       5
       7
      12
       9
       9
       6
       7
       8
      10
       6
      13
      11
      10
      14
       8
      16
      10
       7
       6
      10
      15
      13
       7
       4
       9
       9
       7
      11
      10
       9
       5
       8
       9
       8
       7
       6
       6
       8
       9
       9
       8
      13
      13
       1
       9
      10
      14
      13
       8
      17
       7
       6
       5
       7
      11
       7
       7
      12
       7
       7
       9
       5
       8
       9
       6
       9
      12
       8
       8
       5
      14
      10
      11
       7
       9
       8
      15
       8
       8
       8
      12
       9
      15
       9
       4
       9
      12
      11
       5
      17
      13
      13
       8
      15
      12
      18
       6
      12
      10
       3
      10
       8
      14
       8
       7
       9
      11
      12
      15
      15
       2
      13
      12
      13
       9
      10
       6
       9
       9
       8
      11
       9
       5
      10
       7
       6
       7
       4
      10
       6
       8
       8
       6
      13
      10
       8
       5
       7
       9
       7
       6
       8
       3
      10
       8
       8
      15
      11
       8
      11
       5
       7
      11
      11
       4
       5
       9
       1
       4
       5
       6
       9
      11
      15
       9
      11
       5
       6
      16
       3
       7
       8
       7
       6
      13
      11
      12
       8
       8
       8
      10
      14
      15
       7
       8
      11
      16
       7
       8
       9
      12
      18
       7
      14
      11
       4
       9
      13
       4
       8
       8
       9
       3
       7
      14
      12
      16
      10
      12
       8
      11
      10
       6
      11
       8
       8
       7
      10
       8
       9
      11
       8
       3
       5
      12
       9
      13
       9
       8
      15
      10
      10
       6
       8
      12
       8
      11
      11
      12
       7
       9
      11
      12
       7
      10
       5
       9
       8
       6
      12
      11
       7
      13
      12
       7
       5
      13
      10
       7
       7
      12
      10
       6
      10
       8
       8
      11
       6
      11
       7
       9
       7
       8
       8
       4
       8
       6
       7
       5
      10
       8
       5
       7
       7
       7
      12
       7
       9
       8
       4
       4
      13
       9
      11
       2
       5
      12
       5
       6
       3
       8
       9
       7
      11
       7
      12
       9
       8
       9
       9
      10
       9
       7
       9
      12
       6
      11
       8
       7
       5
       5
       6
       6
       6
       3
       9
       8
       8
       7
       5
       9
       7
       5
       8
      10
       8
      11
      11
       4
       9
      10
      13
       9
      15
       8
       9
       5
      13
       8
      14
       5
       9
       7
      11
       7
       7
      13
      13
      11
       9
      10
       9
       5
      11
      10
       4
       6
       1
       7
       6
       9
       2
       4
       6
       9
       6
       7
       5
      10
       8
      11
      11
       6
       9
       8
      13
       4
       7
       7
       6
       9
       5
       5
      10
       1
       9
       5
       5
      13
       8
       3
      10
       9
       8
      11
      14
       5
       9
       3
       6
       7
       9
       7
      11
       6
      10
      10
       6
       7
      13
      11
       8
       5
       5
      11
       9
       0
       5
       6
       7
       5
       7
       9
       5
      10
       4
       5
       5
      10
      10
       2
       7
       9
       4
       5
       7
       3
       9
       6
       7
       7
       5
      10
       6
      10
      12
       6
       5
      12
       5
       7
       5
       7
       9
       5
       7
       6
       8
       5
       8
      11
       2
      10
       7
      11
       8
       7
       4
       4
       8
       7
       5
      14
       5
       7
       9
       7
       5
       5
       9
      10
       4
       5
      10
       9
       7
       4
       9
       9
       5
       3
       4
       8
      14
       3
       8
       4
       8
       3
       6
       7
       4
      12
       6
       7
       9
       9
       7
       3
      14
       5
       7
       7
       9
       7
       8
      10
       2
       6
      16
       8
       5
       6
       7
       8
       5
      10
      14
       8
      15
       9
       6
       6
       2
       2
       6
       6
       7
       7
       8
      12
       7
       5
       9
       7
      10
       5
       7
       7
       9
       8
       4
       4
       8
       2
       4
       6
       5
       5
      11
       3
      10
      12
       4
       5
      11
       7
       2
       9
       8
       4
       9
       9
       7
       7
      10
       8
       6
       9
       8
      15
      11
       8
       7
      13
      10
      11
      13
      10
      16
      12
       8
       8
       5
       9
       4
       7
      10
       7
       5
       9
      13
       5
       4
       3
       7
      13
       4
      11
      10
      14
       9
       7
       6
       6
       3
       6
       9
       7
      11
       6
       5
       6
      12
      11
       7
       7
      12
       9
       9
      10
       5
      10
      11
       6
       6
       5
       9
       3
       6
       7
       2
      11
       2
       5
       6
       5
       3
       6
       4
       5
       7
       8
       7
       5
       4
       9
       4
       7
       7
       7
       8
       7
       3
      10
       7
      12
       5
       8
       6
       3
       4
      12
      11
       5
       8
      11
       6
       4
      10
      10
       9
      10
       6
       2
       7
       3
       6
       9
       9
       8
       9
       8
       4
      13
       3
      10
       8
       6
       9
      10
       8
       8
      10
      14
      11
      20
      17
      24
      25
      26
      23
      29
      23
      25
      23
      18
      10
      20
      22
      10
       5
       5
       4
       5
       6
       5
       4
       7
       8
      11
       7
       8
       9
       6
      10
       8
       5
       7
       4
      12
       5
       4
       7
       9
      13
      10
       5
       8
       4
       6
       5
      12
      10
       8
       9
       5
      10
      10
       6
      13
       8
       6
       7
       4
       7
       7
       6
       9
       7
       7
       2
       6
       3
       7
       7
      13
       8
       4
       8
       7
       7
       4
       6
      11
      14
       6
       1
       4
       9
       8
      10
       4
       5
       5
       8
       8
       8
      12
       9
       7
       8
       6
       5
       5
       9
       6
       6
       6
       7
       9
       2
      10
       5
       8
       3
       8
       7
       8
       5
       8
       5
       9
       6
       5
       5
       7
       3
       4
       3
      12
       7
       2
       8
       3
       5
       3
       1
       5
      10
       7
       7
       7
      11
       5
      10
       8
       6
       6
       8
       6
      12
       8
       6
       4
       9
       6
       4
       4
      12
       4
       6
       3
       8
      11
       7
       3
       7
       7
       9
       8
       4
      11
       8
       5
      11
       4
       5
       5
      10
       6
       4
       7
      12
       5
       9
       7
       7
       3
       8
      10
       6
      11
       6
       7
       9
       6
       7
       5
       6
       5
       4
       6
      10
       6
       4
       8
      10
      11
       6
      11
       3
       7
       1
       7
       6
       7
       8
       6
       4
       5
       6
       6
       7
       9
       6
       3
       6
       3
       5
       9
       5
       8
       6
       7
      10
       4
       7
       7
       3
       6
       5
       7
       7
       6
      10
       8
       6
       2
       7
       8
       7
       5
       7
       8
       5
       7
       6
       4
       8
       8
       3
      11
       3
       6
       5
      13
       4
       8
       3
       7
       6
       9
       8
       5
       5
       6
       7
       6
       9
       4
       3
       4
       4
       9
       8
       9
       4
       8
      10
      10
       7
       7
       8
       6
       5
       6
       9
       3
       9
       8
       5
       7
      11
      13
       8
      13
       9
       6
       5
       7
      10
       8
       4
       3
       7
       9
       7
       5
       5
      12
       5
       7
       5
       8
       8
       5
       3
       7
       9
      10
      10
      10
       5
      13
       8
       7
       6
       5
       5
       4
       7
       9
      11
       5
       6
       6
       8
       5
       8
       3
       8
       4
       6
       8
       9
       5
       3
      11
       7
       5
       4
       7
       1
       3
       3
       6
       1
       2
       5
       1
       8
       5
       6
       7
       5
       8
       7
       9
       6
      12
       9
       4
       5
      10
      10
       8
       9
       6
       5
       8
       8
      12
       2
       4
       6
       8
       6
       8
       7
       7
       9
       8
       9
       7
       1
       5
       9
       7
      11
       7
       3
       3
       7
       3
       6
       6
       7
       8
       4
       3
      10
       5
       5
       8
       4
       6
       2
       5
       6
       5
       8
       7
       1
       5
       5
       5
      10
       7
       5
       2
       3
       9
       2
       4
       4
      13
       6
       3
       7
       4
       7
       3
       6
      11
      13
       5
       8
       8
       6
       7
       9
      10
       9
       4
       7
       2
       4
       4
       4
       9
      11
       3
       5
       9
       6
       7
       6
       9
       4
       8
       5
       6
       3
       9
       6
       9
       9
       4
       5
       2
       4
       6
      10
       7
       6
       6
      10
       3
       3
      11
       4
       8
       8
       6
       5
       7
       8
      10
      11
       4
       2
       9
       4
       6
       3
       8
       5
       7
       6
       3
      10
       6
       9
       2
       4
       6
       8
       7
       4
       6
       8
       7
       7
       3
       8
       2
       7
       2
       6
       8
       5
       6
       9
       6
      12
       7
       7
       3
       3
       3
      10
       8
       7
       6
      11
       7
       9
      12
       8
       2
       1
       8
       5
       6
       4
       7
       8
       8
       4
       3
       4
       5
       2
       4
       6
      14
       3
      10
       6
       6
       6
       6
       9
       7
       5
       6
       7
       3
       6
       5
       4
       6
       6
       3
       4
       6
       5
       7
       5
       4
       7
       6
       6
       7
       6
       4
       8
       5
       4
       6
       9
       5
       5
       5
       6
       7
       6
       6
       4
       9
       4
       6
       3
       3
       6
       4
       9
       3
       5
       4
       3
       9
       8
       6
       7
       4
       4
       8
       6
       3
       5
       6
       2
       8
       4
       8
       4
       9
       4
       6
       5
       5
       7
       3
       4
       5
       4
       3
       6
       1
       8
       4
       4
       9
       5
       6
       3
       8
       7
       8
       6
       0
       2
       3
       1
       6
       8
       4
       4
       4
       5
       6
       9
       5
       6
       6
       4
       1
       4
       2
       7
       1
       4
       8
       3
       3
      10
       4
       4
       6
       7
       3
       7
       9
       5
       4
       4
       8
       4
       9
       5
      10
       5
      12
       3
       2
       5
       5
       4
       2
       8
      11
       5
       5
       4
       5
       6
       8
       6
       7
       9
       7
       6
       5
       7
       6
       7
       7
       3
       6
       5
       4
       4
       5
       5
       9
       6
       6
       3
       7
       7
       1
       5
       5
       4
       3
       8
       5
       5
       6
       5
       9
       5
       7
       6
       8
       6
       5
       2
       4
       6
       8
       2
       8
       6
       6
       8
       8
       5
       5
       7
       4
       4
       5
       2
       5
       5
       9
       4
       6
       5
       5
       8
       6
       6
       3
       6
       6
       6
       4
       4
       6
       9
       7
      10
       9
       0
       4
       9
       8
       5
       5
       5
       8
       4
       8
       5
       3
       3
       5
       5
       4
       6
       5
       3
       6
       7
       4
       2
       2
       8
       2
       3
       5
       5
       8
       8
       5
       9
       6
       8
       4
       4
       3
       4
       8
       5
      12
       8
       2
       5
       8
       5
       8
       8
       4
       9
       6
       2
       2
       9
       4
       4
       8
       6
       7
       4
       5
       7
       8
       7
       5
       5
       4
       5
       7
       8
       8
       5
       6
       3
       6
       9
       3
      10
       6
       3
       8
       3
       4
       7
       6
       7
       6
       6
       4
       5
       8
       6
       6
       5
       7
       5
       6
       5
       5
       5
       4
       9
       7
       5
       8
       8
      10
       4
       5
       3
       2
       8
       9
       5
       8
       4
       3
       4
       7
       1
       7
       7
       6
       4
       9
       5
       3
       6
       3
       4
       6
       3
       1
       5
       6
       7
       7
       4
       7
       3
       5
       6
       6
       5
       6
       2
       7
       8
       3
       6
       2
       8
       4
       3
       2
       6
       8
       6
      10
       8
       5
       3
       3
       7
       6
       7
       7
       8
       5
       4
       3
       3
       9
       9
       6
       5
       8
       7
       9
       9
       7
       2
       2
       5
       8
       4
       5
       7
       6
       7
       4
       3
       6
       4
       6
       6
       3
       1
       3
       4
       4
       8
       6
      10
       3
       3
       1
       9
       1
       4
       3
       7
       8
       2
       5
       5
       5
       2
       5
       3
       5
       4
       8
       3
       5
       4
       6
       3
       4
       6
       9
       5
       5
       5
       7
       4
       1
       4
       5
       8
       7
       6
       8
       6
       7
       2
       9
       3
       6
       5
       3
      11
       5
       5
       7
       3
       5
       9
       5
       5
       4
       3
       6
       5
       4
       6
       8
       8
       5
       3
       5
       4
       4
       3
       8
       7
       1
       5
       3
       5
       6
       7
       8
       8
       5
       5
       5
       8
       3
       7
       3
       4
       5
       1
       3
       2
       2
       5
       5
       4
       1
       2
       4
      11
       4
       6
      11
       6
       6
       5
       5
       7
       4
       9
       8
       7
       3
       6
       2
       3
       5
       5
       8
       3
       5
       5
       5
       3
       3
       4
       4
       0
       2
       3
       7
       2
       6
       6
       3
       9
       3
       2
       7
       3
       4
       6
       1
       6
       4
      10
       5
       6
       5
       5
       8
       1
       3
       6
       6
       7
       5
       1
       2
       3
       8
       4
       6
       5
       6
       7
       5
       4
       2
       3
       5
       4
       3
       3
       7
       4
       9
       4
       6
      11
       7
       3
       4
       5
       1
       5
       7
       5
       2
       5
       5
       6
       1
       6
       7
       4
      10
       2
       9
      11
       7
       3
      12
       8
       9
      11
       6
      10
      25
       9
      10
       6
       8
       9
       8
       8
       9
       9
      12
      11
       7
       8
       8
       6
       3
       6
       5
       8
       5
       6
       9
       5
       7
       6
       8
       7
       4
       3
       3
       4
       4
       8
       5
       5
       4
       7
       7
       3
       3
       5
       0
       4
       4
       8
       2
       6
       3
       8
       7
       8
      13
       9
       3
       4
       7
       8
       6
       6
       3
       6
       5
       7
       7
       4
       3
       5
       4
       6
       6
       6
       4
       6
       6
       7
       3
       6
       3
       6
      11
       7
       5
       4
       5
       2
       5
       5
       3
       5
       6
       3
       4
      11
       7
       3
       4
       1
       3
       7
       6
       5
       3
       9
       3
       7
       4
       8
       1
       6
       6
       5
       6
       2
       5
      10
       7
       5
       7
       6
       5
       4
       4
       0
       2
       3
       7
       7
       4
       2
       5
       3
       3
       7
       4
       7
       2
       6
       8
      12
       7
       3
       8
       9
       7
       8
       4
       7
       7
       6
       4
       1
       4
       4
       3
       7
       8
       9
       6
       5
       5
       5
       5
       4
       4
       8
       3
       3
       1
       4
       5
       4
       7
       5
       4
       7
       5
       3
       2
       4
       6
       4
       5
       7
       2
       2
       4
       6
       0
       8
       6
       7
       2
       5
       4
       3
       5
       4
       4
       2
       4
       4
       5
       6
       5
       3
       3
       3
       4
       5
       5
       9
       6
       4
       2
       5
       9
       8
       3
       1
       5
       3
       5
       5
       2
       5
       5
       6
       5
       3
       1
       4
       7
       9
       7
       3
       4
       4
       4
       6
       6
       9
       3
       5
       4
       8
       5
       3
       3
       1
       7
       4
       3
       6
      10
       8
       5
       5
       3
       8
       6
       6
       6
       6
       2
       3
       5
       7
       9
       2
       3
       9
       4
       3
       5
       6
      10
       5
       5
       1
       3
       6
       1
       7
       3
       9
       3
       5
       2
       5
       7
       5
       2
       4
       6
       2
       4
       3
       5
       4
       8
       2
       5
       4
       7
       6
       8
      11
       4
       8
       3
       7
      12
       6
       7
       4
       4
      11
       9
       3
       5
       7
       1
       7
       3
       5
       0
       6
       4
       4
       5
       7
       4
       7
       4
       3
       4
       5
       3
       5
       3
       3
       1
       3
       1
       2
       2
       5
       9
       4
       5
      11
       8
      10
       7
      13
       9
      12
      13
       9
       8
      10
       9
      13
      14
      12
       7
      10
       5
      12
       3
       9
       7
       7
       3
       1
       7
       5
       2
       4
       2
       6
       5
       7
       6
       8
       3
       6
       4
       4
       5
       0
       3
       7
       7
       4
       4
       3
       2
       5
       6
       7
       6
       3
       3
       4
       9
       6
       5
       4
       3
       6
       2
       2
       5
       3
       5
       8
       1
       7
       3
       3
       4
       8
       7
       5
       6
       4
       5
       4
       6
       6
       6
       3
       6
       6
       5
       2
       4
       3
       4
       1
       5
       4
       8
       4
       6
       3
       1
       4
       2
       8
       4
       4
       1
       3
       6
       3
       4
       2
       3
       3
       1
       5
       5
      11
       4
       6
       2
       3
       1
       3
       2
       4
       9
       4
       1
       8
       3
       4
       7
       5
       3
       6
       4
       6
       4
       6
       1
       2
       2
       6
       5
       5
       2
       3
       3
       2
       1
       7
       4
       9
       5
       7
       1
       4
       6
       6
       5
       6
       5
       9
       5
       5
       9
       7
       6
       5
       5
       5
       8
       4
       6
       5
       6
       5
       4
       6
       5
       2
       5
       5
       6
       4
       1
       6
       7
       4
       6
       4
       6
       4
       7
       7
       3
       7
       8
       3
       5
       4
       6
       5
       0
       0
       0
       0
       0
       0
       0
       0
       0
       0
       0
       0
       0
       0
       0
       0
       0
       0
       0
       0
       0
       0
       0
       0
       0
       0
       0
       0
       0
       0
       0
       0
       0
       0
       0
       0
       0
       0
       0
       0
       0
       0
       0
       0
       0
       0
       0
       0
       0
       0
       0
       0
       0
       0
       0
       0
       0
       0
       0
       0
       0
       0
       0
       0
       0
       0
       0
       0
       0
       0
       0
       0
       0
       0
       0
       0
       0
       0
       0
       0
       0
       0
       0
       0
       0
       0
       0
       0
       0
       0
       0
       0
       0
       0
       0
       0
       0
       0
       0
       0
       0
       0
       0
       0
       0
       0
       0
       0
       0
       0
       0
       0
       0
       0
       0
       0
       0
       0
       0
       0
       0
       0
       0
       0
       0
       0
       0
       0
$ROI:
0
$PRESETS:
None
0
0
$ENER_FIT:
-2.173939 0.279251
$MCA_CAL:
3
-2.173939E+000 2.792507E-001 0.000000E+000 keV
$SHAPE_CAL:
3
1.571259E+001 -1.155430E-003 0.000000E+000
