$SPEC_ID:
226Ra
$SPEC_REM:
DET# 1
DETDESC# MCB 132 Input 1
AP# Maestro Version 6.06
$DATE_MEA:
01/27/2022 12:58:24
$MEAS_TIM:
272947 272967
$DATA:
0 8191
       0
       0
       0
       0
       0
       0
       0
       0
       0
       0
       0
       0
       0
       0
       0
       0
       0
       0
       0
       0
       0
       0
       0
       0
       0
       5
    4498
   19666
    1186
     585
     578
     533
     573
     596
     616
     625
     618
     648
     662
     616
     646
     739
     744
     679
     588
     533
     463
     466
     457
     466
     470
     492
     435
     446
     458
     427
     425
     400
     356
     366
     360
     334
     333
     340
     340
     359
     355
     323
     329
     285
     298
     330
     281
     284
     282
     270
     298
     244
     274
     269
     258
     280
     266
     247
     234
     234
     273
     247
     260
     250
     263
     217
     230
     253
     236
     253
     250
     230
     244
     209
     206
     240
     225
     187
     217
     237
     215
     215
     220
     230
     195
     188
     220
     189
     188
     195
     175
     190
     229
     203
     162
     175
     185
     154
     173
     190
     178
     206
     180
     177
     203
     184
     189
     171
     180
     197
     165
     163
     188
     153
     188
     160
     191
     180
     160
     181
     157
     160
     177
     204
     181
     177
     182
     156
     174
     170
     156
     162
     187
     181
     169
     176
     181
     184
     150
     163
     167
     148
     194
     171
     174
     263
     355
     371
     313
     230
     187
     170
     161
     150
     152
     179
     182
     133
     183
     158
     188
     156
     159
     174
     148
     194
     185
     160
     162
     167
     199
     235
     222
     194
     195
     149
     175
     177
     190
     182
     169
     170
     150
     196
     157
     158
     167
     157
     160
     174
     172
     178
     208
     204
     239
     215
     193
     175
     176
     161
     166
     184
     181
     206
     244
     331
     418
     542
     453
     302
     229
     162
     164
     169
     153
     152
     181
     195
     205
     184
     161
     173
     190
     160
     174
     212
     177
     199
     196
     209
     157
     199
     197
     193
     186
     198
     209
     216
     232
     204
     238
     258
     256
     240
     204
     194
     235
     293
     342
     355
     298
     264
     200
     207
     220
     244
     269
     269
     220
     200
     229
     191
     203
     202
     177
     212
     200
     209
     214
     198
     191
     183
     200
     189
     203
     194
     197
     208
     190
     241
     219
     273
     320
     314
     311
     310
     234
     216
     193
     215
     219
     214
     245
     255
     261
     223
     215
     202
     199
     218
     212
     237
     221
     225
     232
     211
     192
     213
     244
     384
     611
     852
    1007
     882
     635
     397
     255
     206
     215
     197
     243
     189
     203
     200
     183
     171
     198
     199
     202
     208
     193
     209
     234
     257
     238
     190
     223
     174
     211
     186
     185
     188
     181
     190
     191
     176
     185
     183
     179
     178
     206
     217
     191
     187
     232
     194
     234
     226
     200
     214
     211
     206
     189
     222
     190
     203
     212
     190
     222
     200
     213
     260
     220
     233
     245
     222
     222
     247
     248
     233
     233
     215
     255
     226
     279
     228
     230
     196
     220
     223
     191
     214
     204
     196
     207
     196
     219
     218
     202
     217
     202
     193
     199
     221
     192
     189
     193
     198
     195
     193
     201
     203
     195
     231
     219
     223
     212
     216
     189
     184
     179
     184
     203
     211
     241
     197
     202
     215
     211
     218
     190
     197
     187
     209
     215
     213
     238
     194
     233
     210
     210
     225
     226
     227
     191
     221
     206
     189
     196
     196
     190
     214
     202
     237
     211
     190
     200
     210
     236
     192
     232
     205
     209
     211
     198
     214
     210
     231
     213
     224
     203
     198
     230
     201
     199
     200
     209
     239
     211
     217
     252
     219
     243
     245
     230
     210
     189
     201
     211
     225
     206
     203
     242
     228
     297
     364
     298
     288
     244
     236
     202
     191
     202
     178
     217
     195
     188
     193
     190
     203
     223
     202
     206
     192
     193
     209
     204
     207
     201
     208
     204
     216
     200
     210
     206
     205
     213
     215
     201
     210
     206
     202
     200
     191
     212
     188
     208
     213
     198
     194
     200
     207
     232
     186
     201
     199
     202
     215
     202
     203
     206
     215
     188
     213
     203
     187
     200
     193
     194
     199
     185
     192
     177
     207
     248
     247
     246
     231
     208
     203
     203
     190
     209
     188
     211
     173
     201
     202
     199
     204
     183
     186
     193
     188
     178
     210
     193
     188
     193
     195
     185
     184
     217
     205
     198
     211
     204
     231
     202
     186
     205
     190
     211
     192
     200
     188
     192
     184
     188
     199
     197
     192
     219
     166
     187
     180
     194
     199
     216
     208
     222
     209
     189
     199
     181
     217
     189
     226
     178
     172
     196
     209
     194
     215
     174
     190
     211
     175
     203
     186
     230
     168
     231
     313
     508
     732
     791
     635
     458
     274
     211
     178
     177
     174
     152
     180
     193
     195
     196
     179
     173
     190
     197
     212
     180
     181
     175
     189
     150
     193
     171
     186
     171
     170
     191
     173
     195
     191
     204
     173
     197
     190
     195
     185
     198
     174
     171
     195
     186
     197
     195
     206
     210
     223
     188
     168
     178
     175
     178
     148
     170
     182
     174
     168
     176
     185
     180
     164
     211
     171
     203
     213
     176
     197
     184
     237
     237
     188
     189
     167
     163
     189
     173
     160
     177
     190
     173
     167
     176
     199
     194
     209
     171
     205
     160
     182
     171
     168
     170
     148
     201
     168
     173
     159
     193
     160
     175
     156
     161
     169
     160
     167
     181
     184
     164
     189
     172
     177
     157
     157
     174
     161
     161
     165
     155
     176
     153
     170
     174
     159
     168
     176
     178
     169
     173
     168
     149
     155
     158
     151
     155
     173
     128
     168
     165
     158
     171
     172
     159
     153
     168
     159
     171
     138
     183
     148
     185
     169
     164
     149
     148
     164
     171
     149
     167
     155
     153
     132
     152
     176
     153
     151
     171
     145
     139
     149
     157
     145
     131
     169
     141
     149
     155
     161
     139
     157
     150
     156
     171
     169
     141
     167
     191
     226
     325
     396
     378
     312
     239
     189
     153
     156
     175
     191
     152
     180
     174
     155
     156
     159
     163
     152
     146
     123
     155
     153
     128
     134
     158
     161
     133
     150
     157
     161
     168
     127
     137
     147
     164
     132
     141
     151
     151
     161
     159
     138
     152
     147
     158
     135
     140
     153
     126
     156
     138
     143
     134
     155
     150
     129
     140
     130
     136
     127
     135
     147
     124
     141
     147
     147
     144
     150
     116
     147
     152
     156
     125
     150
     133
     142
     129
     131
     135
     155
     146
     123
     143
     136
     149
     155
     135
     155
     112
     154
     124
     116
     147
     160
     128
     139
     138
     142
     132
     173
     114
     123
     136
     118
     129
     120
     128
     123
     135
     127
     125
     124
     146
     134
     144
     138
     154
     139
     140
     136
     119
     136
     143
     123
     128
     141
     151
     141
     106
     128
     128
     135
     119
     127
     127
     111
     111
     148
     129
     136
     135
     140
     134
     152
     132
     139
     142
     109
     121
     116
     131
     110
     143
     124
     107
     144
     128
     114
     117
     115
     120
     116
     125
     126
     121
      99
     113
     112
     121
     135
     126
     124
     116
     117
     122
     118
     129
     116
     120
     126
     131
     115
     121
     125
     111
     125
     129
     107
     127
     112
     120
     106
     119
     120
     109
     135
     131
     128
     120
     130
     144
     136
     121
     132
     127
     140
     142
     122
     123
     105
     125
     121
     127
     101
     122
     114
     121
     127
     123
     139
     122
     126
     115
     123
     115
     124
     128
     125
     116
     115
     111
     110
     109
     108
     131
      94
     109
     102
     123
     112
     120
     110
     120
     100
     114
     115
     127
     110
     100
     119
     126
     118
     118
      96
     111
     104
     100
     123
     108
     109
      89
     112
     105
      98
     111
     115
      93
     105
     113
     116
     103
     119
     114
     107
     118
     118
     115
     106
     102
     113
     104
     112
     113
      98
     109
     103
      86
     120
     106
     113
     111
     114
     121
     109
     109
     106
     106
     115
     118
      92
     108
      85
     101
     124
     110
     111
     102
     107
     104
     117
     117
     114
      83
     106
     110
     111
     106
     109
     102
      97
     119
     108
     118
     113
     114
     110
     113
     117
     127
     107
     125
     126
     119
     139
      94
     117
     122
     105
     100
     102
     101
     108
     116
      99
     121
      98
     130
     112
     112
      99
     103
      92
      97
     110
      96
      95
     139
     126
     150
     157
     111
     123
     111
     106
      92
      94
      91
      94
     127
     111
     107
     105
      93
     102
     101
     102
     114
     106
     116
      81
      90
      99
      94
      84
      98
      98
      87
     105
     106
      94
      88
     101
     104
      97
      81
      82
     103
      90
     112
      96
      96
     107
     102
      91
     103
      99
     131
     118
     121
     120
     115
     108
     102
     103
      87
      97
      90
      84
      90
      82
      98
     106
      95
     107
      80
      90
     103
      83
      73
     102
     110
      92
      77
      93
      99
      94
     112
      81
     104
      86
     101
      75
      88
      99
     101
      95
     103
      95
      90
     107
      75
      78
      87
      96
     101
     106
     112
      95
      86
      86
      97
      95
     105
      91
     102
      88
      95
      81
      84
     100
      83
     103
      92
     101
     103
      90
      95
     101
      89
      92
      91
      82
     100
      96
      96
      89
      92
      83
      84
      93
     106
      76
      93
      99
      75
      82
      92
      80
      87
      84
      77
      83
      76
     117
      91
      97
     100
      98
      93
      94
      75
      86
      84
      75
      83
      78
      94
      77
      74
      97
      94
      87
      74
      66
      90
      88
      96
      88
      97
     112
      79
      80
      78
      84
      75
      81
      91
      76
      80
      86
      80
     104
      72
      82
     112
      86
      72
      83
      88
     103
      89
      83
      70
      92
      91
      68
      98
      85
      76
      81
      76
      86
      85
      77
      82
      71
      86
      78
      84
      73
      87
      78
      99
      71
      99
      82
      69
      85
      77
      77
      90
      86
     103
      81
      67
      90
     106
      64
     100
      58
      74
      83
      73
      76
      69
      81
      85
      65
      77
      71
      85
      85
      73
      76
      85
      84
     107
      79
      66
      68
      80
      94
      76
     100
      84
      71
      86
      90
      93
      87
      87
      82
      94
      87
      69
      76
      75
      79
      88
      92
      65
      80
      79
      89
      87
     101
      62
      88
      93
      72
      84
      78
      63
      84
      61
      82
      74
      75
      58
      81
      69
      72
      81
      84
      71
      83
      81
      79
      67
      67
     100
      78
      91
      75
      69
      78
      76
      68
      67
      81
      76
      84
      94
      70
      81
      96
      65
      75
      74
      71
      84
      89
      83
      76
      71
      65
      70
      84
      68
      76
      65
      87
      79
      90
      92
     107
     108
     135
     268
     381
     497
     579
     473
     383
     216
     138
     106
      92
      82
      69
      73
      79
      72
      85
      78
      67
      89
      67
      81
      75
      87
      80
      75
      78
      76
      72
      63
      58
      88
      67
      73
      66
      82
      80
      82
      72
      87
      71
      73
      83
      73
      59
      69
      66
      74
      77
      81
      75
      68
      75
      76
      75
      83
      74
      78
      71
      64
      49
      69
      76
      71
      86
      85
      63
      77
      75
      80
      65
      74
      70
      58
      64
      80
      90
      69
      85
      74
      72
      89
      87
      77
      70
      76
      80
      69
      80
      66
      74
      75
      64
      75
      64
      70
      65
      66
      67
      68
      69
      88
      69
      69
      66
      78
      77
      84
      74
      68
      65
      69
      71
      71
      65
      63
      67
      60
      83
      71
      63
      69
      72
      67
      70
      61
      64
      56
      81
      78
      58
      85
      62
      66
      59
      78
      55
      65
      70
      67
      59
      56
      52
      64
      68
      87
      75
      80
      77
      53
      67
      62
      76
      78
      90
      76
      69
      67
      62
      70
      70
      62
      67
      81
      71
      69
      67
      64
      53
      78
      60
      66
      86
      75
      75
      69
      63
      61
      75
      68
      78
      71
      71
      76
      57
      57
      67
      57
      62
      64
      54
      79
      59
      62
      55
      71
      78
      57
      57
      52
      65
      62
      71
      60
      59
      67
      63
      76
      61
      57
      62
      61
      60
      67
      72
      51
      58
      66
      60
      59
      65
      61
      68
      61
      70
      66
      53
      66
      56
      61
      51
      54
      68
      68
      71
      52
      69
      68
      75
      60
      51
      57
      51
      64
      52
      74
      50
      69
      76
      61
      61
      64
      43
      53
      69
      61
      62
      59
      63
      68
      73
      45
      62
      76
      55
      63
      72
      56
      81
      77
     102
      99
     137
     159
     192
     250
     336
     380
     434
     468
     472
     439
     408
     369
     282
     236
     197
     140
     116
     122
      89
      82
      59
      80
      73
      61
      72
      66
      71
      63
      59
      63
      61
      79
      72
      55
      46
      52
      64
      58
      55
      61
      53
      55
      61
      50
      60
      49
      69
      51
      64
      60
      57
      47
      53
      60
      60
      59
      55
      63
      59
      52
      44
      67
      51
      45
      61
      57
      54
      47
      56
      64
      52
      52
      42
      44
      46
      48
      59
      57
      59
      50
      42
      52
      54
      67
      39
      49
      46
      59
      52
      56
      60
      50
      52
      56
      54
      49
      56
      54
      51
      57
      48
      53
      53
      65
      54
      65
      43
      79
      66
      48
      45
      50
      44
      49
      55
      56
      51
      52
      61
      38
      40
      50
      35
      37
      49
      63
      53
      47
      50
      64
      49
      60
      54
      43
      48
      47
      53
      56
      54
      47
      36
      58
      45
      49
      44
      40
      62
      48
      51
      54
      53
      58
      42
      54
      49
      49
      45
      53
      49
      47
      53
      46
      51
      43
      43
      43
      58
      42
      40
      43
      44
      57
      47
      51
      51
      49
      57
      46
      43
      42
      57
      42
      62
      38
      48
      60
      51
      51
      44
      47
      60
      54
      48
      51
      66
      64
      50
      56
      52
      40
      42
      49
      37
      50
      54
      43
      45
      46
      59
      58
      45
      44
      48
      55
      61
      73
      75
      87
      92
      88
      80
      66
      61
      46
      56
      52
      51
      48
      54
      38
      45
      50
      55
      54
      45
      56
      39
      51
      53
      42
      54
      38
      47
      57
      49
      45
      55
      48
      38
      39
      30
      47
      44
      41
      52
      44
      43
      51
      53
      42
      38
      63
      56
      74
      81
      84
     109
     106
     100
      76
      78
      45
      66
      39
      51
      58
      62
      41
      55
      38
      46
      51
      40
      41
      42
      45
      42
      47
      52
      31
      34
      47
      43
      53
      39
      49
      44
      38
      47
      46
      44
      35
      39
      37
      35
      46
      53
      37
      47
      35
      59
      56
      75
      52
      62
      54
      65
      55
      44
      52
      46
      47
      52
      38
      44
      46
      45
      64
      51
      45
      66
      60
      50
      46
      66
      40
      48
      44
      50
      55
      49
      52
      52
      55
      43
      63
      47
      44
      34
      49
      44
      47
      37
      58
      48
      45
      75
      57
      66
      64
      73
      65
      64
      59
      47
      57
      51
      51
      50
      60
      46
      61
      67
      88
     128
     209
     272
     373
     328
     296
     239
     156
     120
      65
      63
      57
      43
      41
      48
      41
      54
      40
      37
      49
      55
      46
      44
      48
      42
      49
      36
      36
      38
      46
      39
      47
      40
      33
      47
      46
      39
      52
      21
      45
      49
      40
      43
      34
      51
      52
      51
      39
      34
      38
      33
      49
      36
      39
      49
      43
      37
      41
      41
      49
      51
      37
      38
      46
      35
      43
      41
      38
      42
      40
      55
      48
      39
      40
      45
      38
      31
      35
      46
      38
      32
      34
      35
      36
      38
      34
      38
      40
      36
      38
      45
      37
      37
      44
      39
      38
      43
      38
      45
      47
      31
      36
      42
      39
      44
      41
      29
      39
      38
      44
      31
      45
      38
      50
      44
      48
      41
      40
      43
      38
      46
      46
      55
      32
      33
      38
      40
      44
      43
      40
      44
      48
      41
      41
      44
      42
      33
      29
      33
      40
      34
      39
      39
      31
      31
      40
      49
      37
      38
      42
      41
      43
      36
      39
      33
      47
      42
      37
      38
      38
      34
      39
      25
      41
      48
      43
      48
      61
      83
     159
     220
     325
     396
     480
     427
     398
     313
     201
     107
      72
      53
      33
      40
      33
      42
      32
      34
      47
      38
      38
      49
      43
      39
      43
      30
      38
      35
      35
      37
      45
      35
      36
      46
      39
      51
      39
      36
      36
      44
      37
      30
      40
      41
      48
      40
      31
      34
      36
      26
      42
      51
      44
      37
      37
      43
      36
      29
      37
      39
      31
      29
      31
      33
      37
      26
      33
      36
      38
      41
      41
      34
      34
      32
      34
      47
      33
      38
      37
      32
      37
      42
      41
      33
      37
      46
      32
      28
      35
      30
      33
      40
      37
      40
      29
      35
      25
      36
      31
      34
      37
      36
      35
      30
      45
      39
      36
      36
      35
      44
      36
      35
      33
      34
      41
      33
      37
      43
      35
      49
      51
      42
      45
      32
      59
      38
      54
      51
      34
      45
      38
      38
      29
      30
      33
      32
      35
      36
      40
      43
      44
      47
      44
      41
      38
      33
      36
      42
      47
      31
      46
      38
      30
      26
      40
      40
      48
      31
      28
      36
      22
      37
      47
      35
      40
      27
      34
      19
      35
      33
      33
      29
      37
      39
      29
      40
      35
      39
      39
      45
      37
      35
      41
      41
      30
      36
      33
      28
      32
      37
      38
      22
      42
      38
      32
      34
      35
      36
      34
      37
      35
      34
      34
      28
      38
      33
      29
      33
      49
      43
      39
      33
      31
      34
      39
      37
      36
      47
      58
      88
     119
     184
     232
     263
     301
     254
     192
     127
     124
      61
      45
      35
      35
      24
      34
      32
      40
      38
      56
      59
      42
      48
      41
      43
      38
      36
      30
      25
      31
      31
      36
      43
      39
      40
      44
      32
      34
      34
      28
      39
      32
      36
      33
      38
      37
      26
      26
      32
      24
      32
      41
      27
      31
      32
      33
      29
      31
      31
      23
      27
      39
      37
      28
      22
      23
      31
      26
      24
      27
      43
      26
      26
      30
      37
      42
      37
      40
      39
      30
      34
      38
      20
      23
      27
      28
      30
      42
      31
      29
      29
      28
      32
      25
      32
      29
      29
      46
      27
      29
      35
      39
      29
      30
      34
      36
      24
      28
      31
      28
      31
      30
      28
      35
      40
      37
      22
      36
      26
      26
      31
      38
      25
      25
      36
      28
      26
      26
      25
      26
      24
      37
      35
      34
      29
      32
      31
      29
      26
      29
      31
      37
      49
      40
      30
      23
      40
      30
      22
      24
      28
      33
      33
      32
      25
      34
      38
      48
      43
      48
      44
      51
      55
      30
      42
      41
      39
      30
      41
      28
      28
      20
      30
      27
      31
      21
      28
      41
      31
      29
      24
      32
      39
      33
      29
      28
      33
      35
      25
      39
      26
      36
      24
      32
      35
      36
      22
      24
      23
      28
      40
      31
      30
      30
      42
      43
      28
      31
      33
      24
      31
      34
      28
      20
      31
      31
      22
      37
      20
      31
      30
      32
      36
      27
      26
      35
      27
      31
      30
      25
      45
      30
      34
      31
      27
      33
      21
      40
      34
      32
      31
      21
      21
      17
      35
      23
      45
      37
      28
      32
      31
      36
      33
      38
      26
      41
      19
      27
      28
      38
      36
      43
      31
      37
      46
      27
      34
      28
      34
      29
      34
      22
      31
      28
      38
      27
      32
      32
      20
      32
      24
      34
      29
      35
      20
      29
      35
      36
      38
      21
      29
      39
      36
      26
      29
      44
      30
      24
      26
      39
      37
      24
      29
      34
      25
      27
      29
      24
      32
      40
      30
      26
      35
      30
      24
      27
      34
      21
      24
      20
      25
      32
      36
      36
      34
      25
      28
      33
      32
      24
      21
      26
      25
      26
      26
      25
      24
      27
      20
      24
      25
      22
      29
      21
      29
      29
      19
      31
      27
      25
      30
      23
      35
      24
      29
      32
      34
      31
      29
      33
      25
      37
      29
      27
      34
      28
      27
      21
      24
      35
      29
      34
      34
      40
      34
      24
      19
      29
      25
      28
      28
      35
      21
      32
      31
      28
      35
      39
      21
      29
      25
      23
      34
      21
      33
      19
      42
      22
      23
      23
      23
      30
      23
      27
      32
      27
      35
      33
      28
      25
      34
      29
      31
      45
      30
      27
      32
      28
      24
      30
      31
      31
      23
      18
      33
      38
      35
      26
      22
      25
      30
      25
      25
      31
      32
      24
      20
      26
      36
      37
      30
      38
      31
      25
      24
      29
      25
      28
      27
      23
      22
      26
      32
      31
      17
      37
      35
      24
      26
      24
      27
      29
      26
      29
      27
      25
      26
      33
      18
      20
      23
      25
      28
      28
      26
      28
      31
      23
      18
      29
      29
      30
      14
      33
      31
      27
      28
      27
      27
      26
      28
      34
      30
      32
      29
      34
      29
      34
      40
      27
      31
      26
      30
      24
      17
      29
      27
      26
      33
      22
      29
      30
      40
      26
      33
      30
      21
      24
      27
      29
      20
      31
      30
      23
      26
      30
      32
      31
      26
      35
      29
      17
      33
      29
      24
      33
      25
      33
      21
      33
      33
      29
      24
      20
      21
      26
      29
      28
      20
      24
      21
      29
      30
      31
      23
      30
      19
      20
      28
      30
      18
      25
      28
      21
      11
      25
      31
      27
      17
      29
      29
      37
      24
      24
      22
      25
      32
      16
      23
      33
      26
      26
      21
      37
      19
      26
      26
      32
      23
      18
      34
      32
      23
      24
      29
      23
      19
      27
      20
      15
      22
      27
      19
      35
      23
      25
      23
      20
      26
      27
      30
      29
      20
      20
      17
      23
      22
      31
      23
      27
      30
      22
      36
      18
      21
      24
      26
      23
      24
      20
      26
      30
      19
      36
      26
      22
      39
      22
      23
      28
      15
      26
      21
      19
      31
      33
      23
      32
      33
      23
      19
      20
      25
      16
      35
      22
      24
      26
      24
      30
      24
      26
      33
      23
      25
      24
      23
      28
      26
      21
      29
      20
      27
      26
      27
      47
      52
      50
      57
      59
      68
      47
      43
      36
      36
      22
      22
      24
      17
      24
      27
      26
      26
      20
      28
      27
      38
      19
      25
      26
      23
      29
      16
      21
      24
      21
      22
      22
      21
      27
      20
      18
      25
      19
      18
      22
      20
      25
      19
      22
      17
      30
      23
      27
      25
      26
      21
      26
      26
      21
      22
      34
      27
      17
      29
      22
      26
      26
      24
      20
      23
      23
      24
      32
      32
      23
      25
      23
      17
      30
      29
      22
      23
      20
      37
      24
      14
      27
      25
      18
      21
      29
      23
      34
      20
      25
      20
      23
      20
      36
      17
      33
      25
      26
      24
      26
      21
      24
      27
      22
      16
      27
      30
      17
      19
      21
      20
      24
      13
      24
      27
      30
      25
      19
      24
      23
      23
      22
      17
      28
      25
      20
      26
      27
      25
      22
      21
      21
      21
      15
      28
      29
      25
      17
      17
      17
      15
      14
      23
      25
      27
      25
      22
      21
      26
      20
      22
      25
      19
      26
      21
      18
      25
      25
      21
      20
      23
      20
      21
      19
      25
      17
      27
      18
      24
      33
      22
      21
      18
      17
      18
      21
      26
      28
      23
      25
      29
      20
      20
      21
      19
      29
      25
      29
      26
      24
      23
      23
      19
      17
      29
      28
      12
      27
      24
      25
      27
      30
      21
      17
      39
      39
      31
      28
      38
      37
      45
      36
      40
      31
      31
      22
      14
      28
      16
      24
      25
      20
      20
      15
      22
      26
      28
      20
      30
      22
      26
      22
      22
      23
       9
      19
      24
      29
      17
      22
      16
      11
      31
      17
      18
      17
      21
      23
      26
      26
      26
      23
      10
      23
      28
      24
      15
      22
      31
      17
      24
      30
      22
      35
      17
      13
      24
      23
      23
      28
      28
      25
      19
      15
      18
      17
      28
      26
      33
      23
      29
      23
      22
      25
      22
      15
      20
      30
      26
      15
      19
      18
      22
      23
      20
      20
      21
      13
      22
      21
      21
      28
      23
      16
      22
      25
      21
      21
      22
      19
      20
      31
      21
      21
      29
      17
      24
      24
      20
      30
      28
      43
      48
      53
      58
      56
      62
      53
      43
      26
      34
      18
      31
      21
      18
      23
      13
      18
      25
      22
      26
      20
      22
      13
      22
      18
      22
      21
      24
      19
      16
      22
      12
      17
      20
      24
      16
      21
      18
      20
      13
      21
      23
      18
      20
      16
      21
      24
      17
      23
      23
      31
      26
      32
      30
      29
      24
      26
      26
      22
      26
      16
      18
      19
      18
      16
      20
      21
      17
      22
      17
      23
      22
      13
      24
      26
      26
      22
      13
      19
      23
      15
      15
      16
      25
      27
      25
      25
      30
      16
      16
      19
      25
      21
      25
      21
      15
      22
      19
      20
      26
      27
      18
      21
      23
      17
      18
      24
      21
      26
      17
      20
      14
      22
      19
      27
      12
      25
      19
      24
      23
      15
      15
      20
      19
      18
      31
      23
      21
      13
      18
      18
      13
      16
      18
      20
      13
      19
      20
      15
      23
      19
      10
      15
      17
      21
      18
      17
      19
      26
      15
      25
      17
      24
      13
      28
      11
      26
      20
      17
      22
      24
      15
      19
      26
      26
      14
      28
      17
      19
      23
      24
      18
      24
      16
      27
      16
      19
      24
      19
      22
      23
      27
      27
      20
      22
      21
      17
      22
      18
      23
      22
      15
      19
      18
      11
      15
      25
      24
      15
      22
      29
      22
      28
      27
      28
      16
      18
      19
      20
      25
      15
      20
      20
      17
      15
      13
      20
      27
      30
      22
      21
      28
      26
      28
      34
      34
      36
      36
      36
      32
      32
      39
      19
      29
      26
      17
      19
      16
      20
      21
      18
      13
      16
      18
      16
      20
      14
      12
      14
      21
      14
      26
      17
      23
      21
      18
      17
      22
      26
      24
      25
      32
      23
      19
      17
      18
      18
      19
      18
      15
      21
      24
      19
      19
      14
      24
      20
      17
      19
      23
      25
      17
      19
      25
      17
      18
      17
      21
      21
      13
      18
      21
      19
      22
      17
      14
      14
      18
      21
      19
      25
      15
      17
      17
      19
      17
      22
      25
      17
      20
      27
      16
      23
      22
      15
      20
      16
      11
      16
      19
      26
      19
      19
      18
      17
      20
      24
      14
      18
      17
      28
      19
      16
      22
      19
      20
      20
      23
      16
      12
      16
      12
      23
      18
      17
      16
      18
      21
      20
      17
      15
      11
      22
      13
      21
      15
      10
      22
      15
      14
      18
      15
      14
      17
      28
      12
      19
      18
      23
      26
      20
      19
      11
      10
      15
      19
      28
      20
      14
      14
      13
      14
      26
      17
      26
      11
      15
      17
      16
      13
      16
      20
      22
      18
      11
      21
      12
      17
      13
      21
      21
      23
      20
      22
      16
      22
      18
      17
      15
      15
      16
      11
      15
      19
      15
      17
      19
      25
      25
      20
      23
      24
      12
      20
      20
      20
      21
      30
      27
      25
      29
      26
      21
      29
      16
      30
      18
      17
      24
      14
      18
      17
      18
      24
      16
      19
      12
      21
      18
      12
      13
      12
      18
      17
      15
      18
      21
      24
      24
      17
      24
      13
      14
      17
      19
      18
      19
      15
      26
      27
      17
      29
      18
      14
      14
      16
      22
      22
      24
      22
      20
      19
      13
      16
      21
       8
      14
      18
      20
      10
      19
      12
      18
      18
      12
      22
      11
       9
      17
      17
      20
      15
      19
      17
      17
      22
      23
      26
      12
      18
      14
      26
      12
      16
      15
      15
      18
      24
      15
      16
      16
      18
      16
      21
       8
      14
      12
      14
      17
      15
      13
      19
      13
      14
      15
      15
      17
      22
      15
      20
      14
      20
      14
      17
      17
      17
      22
      16
      18
      22
      19
      13
      23
      22
      17
      15
      20
      11
      21
      24
      18
      22
      16
      16
      15
      22
      22
      18
      18
      10
      18
      18
      16
      16
      12
      19
      16
      24
      17
      16
      16
      20
      16
      15
      17
      15
      16
      22
      13
      11
      21
      27
      22
      11
       8
      12
      21
      14
      16
      12
      15
      18
      22
      11
      16
      21
      16
      16
      28
      16
      20
      21
      21
      14
      15
      11
      20
      18
      15
      16
      16
      11
      12
      15
      21
      18
      14
      10
      21
      15
      15
      16
      16
      14
      21
      18
      15
      14
      11
      18
      14
      14
      26
      12
      16
      18
      18
      14
      18
      19
      13
      17
      19
      21
      26
      20
      15
      11
      24
      18
      11
      16
      16
      28
      12
      18
      16
      21
      20
      14
      15
      16
      14
      18
      15
      17
      10
      17
      18
      23
      12
      19
      23
      14
      21
      17
      14
      14
      19
      17
      16
      19
      15
      13
      12
      16
      17
      14
      18
      16
      20
      14
      18
      14
      17
      20
      15
      21
      15
      14
      21
      14
      11
      22
      14
      16
      22
      11
      18
       9
      14
      14
      14
      14
      14
      19
      12
      20
      17
      28
      16
      15
      16
      20
      19
      11
       9
      17
      16
      17
      20
      18
      13
      16
      16
      10
      20
      13
      12
      20
      12
      11
      17
      18
      17
      10
      12
      10
      13
      13
      12
      20
      28
      20
      16
      14
       9
      13
      14
      24
      14
      18
       9
      18
      13
      14
      15
      18
      22
      19
      18
      14
      12
      20
      19
      19
      21
      15
       9
      18
      16
      16
      16
      26
      14
      12
      18
      16
      17
      18
      18
      14
      14
      22
      21
      12
      11
      12
      17
      11
      10
      15
      16
      17
      19
      10
      18
      12
      19
      19
      15
      21
      17
      22
       8
      18
      20
      11
      20
      13
      12
      13
      17
      17
      17
      13
      21
      14
      17
      24
      15
      23
      13
      19
      23
      13
      22
      16
      15
      14
      18
      21
      14
      12
      21
      22
      19
      17
      16
      19
      26
      15
       8
      12
      11
      15
      17
      15
      16
      14
      17
      20
      18
      16
      13
      22
      19
      17
      14
       9
      13
      11
      17
      16
      12
      14
       9
      12
      12
      17
      11
      17
       9
      18
      18
       9
       9
      16
      13
      22
      12
      17
      16
      13
      15
      16
      17
      15
      15
      15
      20
      18
      21
      19
      15
      15
      17
      17
      14
      14
      19
      12
       9
      11
      11
      20
      13
      15
      19
      19
      14
      19
      11
      19
       8
      19
      18
      14
      18
      15
      10
      14
      15
      17
      17
      20
      18
      15
      10
      21
      13
      20
      15
      27
      17
       8
      22
      15
      20
      12
      18
      17
      14
      10
      19
      11
      12
      12
      14
      10
      16
      11
      12
      20
      12
      10
      13
       9
      14
      14
      15
      17
      14
      22
      14
      16
      15
      22
       9
      14
      13
      12
      15
      11
      21
      10
      16
      19
      27
      11
      13
      11
      19
      17
      21
      14
      18
      10
      16
      12
      22
      26
      10
      18
      13
      18
      14
      16
      14
      11
      20
      12
      27
      10
      15
      11
      14
      15
      10
      16
      14
      14
      17
      11
      11
      12
      19
      14
      15
      12
      16
      15
      12
       8
      14
      16
      15
      12
      16
      11
      20
      15
      18
      18
      18
      19
      12
      10
      18
      14
      24
      16
      11
      15
      14
      16
      17
      12
      11
      12
      13
      20
      20
      19
      10
      21
      14
       8
      14
      15
       9
      11
      13
      11
      18
      14
      17
      15
      11
      15
      17
       7
      19
      12
      16
       9
       8
      11
      16
      14
      14
       8
      12
      17
      18
      10
       8
      10
      16
      14
      14
      13
      11
      14
      13
      16
      15
      17
       7
      11
      12
      12
       9
      10
      14
      13
      11
      11
      12
      12
      17
      18
      18
      20
      12
      16
      12
      20
      14
      18
      11
      13
      14
      16
      17
      10
       7
      14
      14
      17
      11
      18
      17
       9
      14
      13
       9
      13
      14
      13
       8
      14
      18
      14
      15
      16
      15
      17
      11
      13
      10
      15
      16
      16
      11
      19
       9
      14
      18
      18
      13
      16
       8
      11
       5
      10
      13
      10
      15
      17
      13
      15
      13
      11
      16
      15
      16
      24
      13
      13
      12
      10
      14
      16
      15
      20
      14
       7
      16
      13
      18
      12
      15
       8
      10
      10
      13
      14
      11
      20
      14
       9
      11
      10
      11
      10
      19
      12
       6
      10
       9
      11
      16
      12
      12
      22
      13
      16
       9
       6
      17
      15
      13
      14
       6
      10
      17
      15
      13
       7
      13
       9
      18
      13
       7
      13
      11
      14
      10
      18
      10
      15
      12
      24
      10
      13
      17
      10
       8
      15
      11
      15
      14
      10
      13
      18
       9
      14
       9
      16
      10
      14
       9
      14
      13
       8
       5
      10
      11
      16
      13
      12
      13
       9
      17
       9
       8
      13
      17
      10
       9
      15
       8
      12
      11
       8
       7
      16
      15
       8
      16
      11
       7
      15
      14
      13
       7
       8
       6
      12
      13
       9
      10
      13
       7
      18
      12
      14
      13
       5
      14
      15
       8
      13
      14
      16
       9
      16
       9
      12
      11
      15
      14
       8
      16
      12
      14
      13
      15
      17
      14
      12
      21
      18
      15
      18
      15
      14
      10
      10
      14
      14
      13
       4
      11
       8
      12
      13
      11
      20
      10
      17
      17
       9
      15
      12
      15
      11
      10
      17
      10
      10
       8
       8
       9
      11
      10
      13
      13
      15
      15
      11
      20
       6
      16
       8
      13
      19
      12
      25
       8
      12
      15
       9
      15
       7
       8
      14
      10
       9
      11
      11
      14
      11
      21
      13
       9
      12
      15
      15
       9
       8
       9
      14
       5
      14
       8
       9
      15
       6
       5
      10
      12
      12
      11
       7
      12
      12
      21
      11
       9
      15
      10
       7
      14
       6
      13
      18
      10
      21
      13
      11
      17
      12
      13
      11
      14
      13
      17
      10
      12
      17
      12
      19
       9
      14
       7
      14
      12
      15
      18
      15
       7
      20
      10
      16
      15
      14
       9
       8
      11
      11
      13
      11
      14
      16
      12
       7
      12
      14
      13
       9
      16
      14
      14
      16
      10
      11
       6
       9
      19
      17
      10
      16
      11
      12
      14
       8
      12
      10
      13
      14
      10
       5
       9
      12
      13
      14
      13
      15
      14
       7
      11
      15
      11
       9
       8
      14
      12
      13
      13
      11
      18
      15
      19
      11
      15
      11
      13
       9
      12
       7
      13
      12
      12
      17
      17
      10
      15
      20
      14
      10
      16
       9
      11
      13
      11
      15
      13
      10
       8
      10
      11
      18
      14
      12
      10
      13
      15
      10
      11
      12
       7
      16
      15
      12
      12
      13
      15
      17
      13
      11
      14
       8
      16
      15
      15
       7
       8
      15
      12
      12
       8
      12
      16
       6
       9
      14
      11
      12
      16
       6
      12
      10
      11
       9
      18
      11
      14
      16
      10
      13
      16
      11
      10
       8
       8
      11
       9
      15
      12
      13
      15
      15
       6
       9
      11
       5
       8
      13
       6
       8
      12
       7
       7
      16
      12
      19
      21
      12
      21
      22
      33
      38
      35
      44
      48
      68
      66
      72
      79
      76
      63
      42
      61
      40
      33
      15
      17
      21
      10
      10
      10
      11
      11
      11
       7
       9
      10
       6
       8
      22
      16
      12
       7
       6
      12
      14
      13
      14
      12
      13
       7
       7
      10
      11
       5
      12
       7
       7
       6
      12
      13
      10
       9
       9
       8
       8
       3
       7
       5
       9
       5
      10
      15
      16
       7
      10
       6
      13
      10
      15
      15
      11
      14
       7
      12
      15
      10
      11
       8
      10
      10
      10
       5
      11
       7
      15
      11
      13
       7
       9
      11
       8
      13
       4
       5
       6
      14
      12
       8
       7
      11
       9
      10
       7
       8
       5
      14
      12
       7
       7
       7
       9
       8
       9
      10
       6
       7
      11
      14
      18
       9
       8
       9
      10
      13
       8
       8
      11
      10
       8
       6
      19
      11
      12
       9
      10
      10
      13
      11
       6
      10
      13
      16
       9
       9
      11
       2
      17
      14
      10
       8
      11
       8
      11
       8
      14
      14
       7
       6
      13
      11
       7
       7
       5
       9
      14
       8
      15
       6
      15
       7
      11
      15
      10
      12
      14
      21
      12
      12
      13
      12
      14
      11
      13
       7
      16
      17
      19
       9
       9
       8
       4
       9
      13
      12
       4
       9
      11
      11
      10
       7
      14
      11
      13
      11
      10
       9
       8
      12
      11
       8
       8
      11
      12
       8
       8
       4
       7
      11
       9
      10
      13
      10
      12
      11
      10
       8
      11
      13
       6
       8
       6
       7
       9
      10
      10
      11
       6
      15
       9
      11
      10
      10
       9
       9
      12
      12
       5
      16
       7
       6
       7
       8
       9
       5
       5
       8
      13
       9
      16
       7
       7
       9
       7
       5
      18
       8
       9
       5
       8
      15
      10
      10
       7
      10
       9
      10
      10
       9
       7
       9
       6
      16
      16
      10
      10
      13
      11
      14
      10
      16
      13
       8
      15
       8
       9
       8
       7
       9
      12
      18
       6
       6
       8
      10
      11
      12
      12
       3
      15
       9
       9
      14
       8
      13
       7
      12
      11
       8
       8
      10
       9
       7
       7
      10
       6
      12
       7
       8
      11
      10
       9
       9
       8
       7
       9
      14
       6
       6
      11
      15
      13
      13
      12
       6
      10
      10
       9
      12
       5
      10
       7
       9
      12
       7
      12
       9
      10
      14
       9
       5
      11
       8
      10
      10
       9
       8
       3
      12
      11
      10
       6
       7
       8
      12
       4
      11
       8
      10
      10
       8
       7
       6
      12
       9
       8
      11
      15
      11
       6
       9
       9
      13
       8
      10
      10
       6
       5
       8
       8
       6
       6
       8
      13
       9
      15
       9
       8
      11
       6
      12
       4
       5
      14
      11
      13
      12
      11
      10
      12
       8
       8
       7
      15
      14
       2
       9
      13
      12
       7
       8
       7
       8
      10
       6
      12
      16
       9
      13
       4
       9
       6
       8
      10
       5
       7
      12
      11
       9
      10
       6
       7
       8
      10
       6
       6
      11
      13
      10
       7
      13
      11
      10
      12
      16
       9
      21
      11
      10
       6
       7
       9
       9
       5
      15
      17
      10
      14
      19
       9
      13
      16
      14
       9
       4
       6
       9
      11
      17
       9
       7
       9
       7
       4
       7
       9
       9
       8
       6
      10
       9
       6
      13
       8
       6
       9
       5
       7
      11
      11
      12
       8
       6
       4
      10
       6
       9
      14
      10
      10
       5
       5
       6
       9
       5
      16
       4
       5
       8
      14
       4
       6
      12
       5
       9
      11
       7
       5
       7
       7
      11
       6
       5
       5
       7
       4
       4
       3
       5
       4
      10
       2
       8
       2
       9
       9
       8
       6
      12
       7
       8
       1
       9
       6
       8
      13
       9
       7
       7
       5
      10
      10
      10
      10
       8
      13
       6
      12
       8
      11
       6
      13
      15
       6
       9
      13
       8
      11
      10
       8
      12
       8
       9
       9
       6
       8
      13
      10
       9
       3
      11
       5
       9
       7
       8
      10
       9
      12
      15
       8
      13
      11
       7
      10
       5
      10
       7
      14
      13
       3
       8
       6
      13
       5
      10
       7
       8
      10
       6
      10
      14
       7
       6
       9
      11
      14
      11
       6
      12
       8
       8
      10
      11
      11
       7
       7
       6
      11
      10
       3
       6
      14
      11
       4
      13
      10
       5
       9
       6
       9
       7
       7
       6
       7
      10
       5
       5
       7
      10
      10
      10
      12
      16
      12
       4
       4
       9
       7
       5
       9
       9
       7
       3
       7
      10
       5
       9
      12
      16
       4
       5
      10
      11
       7
       6
       2
       1
       9
       4
       5
       4
       9
      11
       3
      10
       9
       6
       6
       4
      11
       5
      11
      13
      10
       7
       8
       7
       8
       8
       8
       7
      13
      10
       5
      10
       6
      10
      14
      12
       6
       6
      10
       3
       4
       6
      10
       9
       7
       7
       8
       7
       6
      14
       6
      14
       4
       6
      11
       4
      11
       6
       6
      14
      11
      11
       5
      10
       3
       9
       0
       6
      10
       6
      13
       6
       6
      13
      10
       2
       6
       3
       7
       8
       3
       7
       9
       7
      14
       7
       8
      10
       8
       8
      12
       4
       4
       6
       7
       8
       9
       4
       9
      14
       7
       6
       8
       5
       5
      11
       6
       6
       4
      10
       8
       9
       3
       7
      11
       7
       4
       9
       6
       5
       9
       5
       7
       8
      11
       8
       9
      10
       5
       8
      11
      11
       7
       4
       6
       6
       3
       6
       7
       4
       9
       5
       6
      11
       9
       8
       6
      14
      14
       6
       5
       7
      11
      13
       2
       9
       5
      10
       8
       7
       7
       6
      12
       5
       9
       6
      11
       5
       9
       5
       7
       8
      17
       6
       8
       6
      10
       8
       8
       7
       7
       9
      12
       5
      12
       5
      10
       6
       7
       7
       3
       7
       7
      10
       8
       4
       4
       9
       9
      11
       4
       7
       4
      14
       6
       4
       5
       8
      11
      12
       6
       9
       4
       6
       9
       6
       7
       9
       6
      10
       6
       9
       7
      10
       8
       2
       2
       7
       8
      15
       3
       6
       8
       9
       5
       9
       7
      11
       5
      10
       8
       5
       3
      10
       3
       9
       6
       5
       7
       2
       6
       4
      13
      11
      10
      13
       9
      10
       7
       8
      11
      14
      12
       7
       9
       8
       9
      10
       8
       4
      13
       4
      18
       8
       9
      10
       6
       7
      19
      10
      10
       7
      16
      14
       4
      10
       7
       7
      12
       3
       2
       6
       8
       8
       1
      12
       9
       8
       6
       7
       6
       8
       8
      10
       7
       7
       8
      11
       9
       8
       6
       9
       7
       7
       7
       4
       8
      10
       6
      10
       6
       4
       3
       5
       6
       5
       8
       7
       5
       5
       7
      13
       4
       4
       9
      13
       7
       8
       7
       7
       8
      12
       3
       2
      11
       8
       9
       9
       8
       5
       7
       6
       8
      10
       6
       5
      13
       8
       4
       9
      11
       8
      10
       6
       2
       5
       8
       3
       4
       4
       3
       4
       9
       3
       8
       9
       6
       4
       8
       9
       7
       4
       5
       7
       7
      11
       9
      12
       6
       9
       7
       7
       7
       7
      13
      19
      17
      15
      26
      35
      21
      24
      30
      32
      26
      22
      16
      19
      20
      12
      11
       8
       7
       8
       5
       8
       6
       8
      10
      15
       9
      10
       7
       8
      12
       9
       8
       6
       2
       9
      12
       8
       8
       9
       3
       6
       7
       7
       8
       9
       7
       8
       4
       3
       7
       6
      10
      10
      10
       6
       9
      11
       5
       7
       6
       6
       5
       9
       5
       7
       9
       8
       6
       9
       9
       6
      10
       4
       5
       8
       5
       7
       5
       9
       5
       6
       6
       6
       3
       5
       5
       5
       7
       3
       4
       4
       6
       5
       3
       3
       5
       8
       6
      11
       3
       6
       2
       4
       6
       6
       7
       5
       6
       8
      15
       2
      11
       7
       3
       6
       7
       5
       8
       6
       7
       9
      10
       4
       6
       6
       4
       4
       7
       8
       4
       5
       4
       6
       3
       6
       6
       9
       7
       6
       8
       5
       7
       8
       5
       7
       3
       6
       5
       5
       9
       8
       8
       6
       3
      10
       4
       4
       6
       7
       6
       7
       4
       8
       7
       5
       6
       9
       8
       7
      11
       6
       5
       5
       3
       8
       8
       5
       8
      11
       3
       8
       7
       8
       6
       6
       7
       6
       4
       6
       3
       6
      11
       6
      13
       8
       5
       2
       3
       6
       2
       5
       7
       4
       4
       7
       5
       4
       6
      10
       4
       6
       7
       8
       6
       7
      11
       6
       9
       5
       4
       5
       6
       3
       5
       5
       8
       3
      10
       8
       9
       6
       5
       2
       8
       8
       8
       5
       6
       7
       6
       5
       1
       9
       5
       9
       6
       9
      10
       6
       4
       3
       6
       5
       9
       7
       9
       7
       6
       1
       8
       7
       6
       4
       4
       4
      11
       7
       7
       3
       3
       8
       5
       5
       8
       8
       6
       5
       9
       7
       6
       5
       7
       7
       5
       5
       2
       3
       7
       7
       8
       3
       6
       8
       4
       7
       5
       8
      10
       7
      10
       9
       5
       7
       7
       7
      12
       7
       7
       9
       9
       6
       5
       9
       8
       5
      12
       8
       7
       6
       5
       2
       4
       2
       5
       7
       4
       8
       7
       8
       4
       6
       5
       6
       4
       4
       5
       4
       7
       8
       5
       8
       9
       6
       5
       7
       7
       9
       9
      14
       6
       9
       9
       6
       7
       7
      11
       5
       5
       8
      11
       2
       4
       7
       4
       4
       3
       7
       9
       3
       3
       6
       4
       4
       7
       2
       6
       4
      10
      10
       7
      10
       5
       9
       8
       9
       4
       9
       3
      11
       6
       3
       7
       3
       6
       5
      10
       8
       7
       5
       6
       8
       8
       3
       3
       4
       4
       2
       6
      10
       7
       7
       7
       3
       4
       4
       4
      11
       8
       6
      10
       4
       5
       6
      10
       6
       4
       4
       5
       8
       7
       3
       6
      10
       6
       4
       5
       7
       6
      10
       6
       4
       6
       4
       4
       3
       7
       9
      10
       3
       8
       8
       4
       9
      10
       6
       6
       4
       4
       8
      10
       6
      10
       8
       7
       3
       3
       9
       8
       4
       9
       5
       5
       4
       5
       7
       6
       7
       4
       4
       5
       4
       5
       5
       4
       9
       4
       6
       6
       5
       3
       5
       2
       6
       6
       6
      10
      13
       6
       9
       4
       7
      10
       8
       8
       6
       6
       7
      10
       6
       5
       1
       5
       6
       7
      10
       0
       5
       5
      12
       9
       6
       6
       5
       9
       4
       3
       2
       8
       4
       6
       6
       6
       9
       5
       6
       7
       6
       9
       6
       3
       6
       6
       7
       7
       4
       5
       9
       5
       8
       5
       7
       5
       3
       2
       8
       3
       8
       2
       7
       6
      10
      10
       5
       7
       3
       4
       8
       4
       6
       9
       7
       3
       6
       3
       5
       5
       8
       7
       7
       1
       9
       4
       6
       5
       5
       5
       9
       5
       9
       4
       5
       5
       4
       6
       7
       3
       7
       5
       5
       5
       5
       5
       8
      11
       4
      11
       6
       7
       6
       2
       9
       2
       5
       7
       6
      10
       9
       8
       7
       6
       5
       5
       8
       7
       8
       6
       7
       4
       5
       5
       4
       7
       5
       5
       4
      13
       4
       4
       4
       2
       8
       7
       6
       7
      11
       4
       7
       5
       9
       6
       8
       6
       3
       7
       8
       6
      10
      11
       8
       8
       7
       5
       5
       6
       1
       6
       4
       6
       7
      10
       3
       6
       6
       4
       5
       2
       4
       8
       4
       8
       3
       5
       8
       7
       6
       7
       9
       6
      12
       6
       6
       2
       5
       9
       6
       5
       4
       8
       4
       3
       3
       7
       3
       4
       9
       7
       8
       0
       8
       7
       5
      10
       5
       4
       5
       6
       4
       7
       8
       4
       7
       3
       5
       6
       9
       8
       5
       7
       6
       8
       5
       3
       9
       6
       6
       6
       2
       2
       6
      11
       6
       3
       4
       9
       5
       5
       7
       0
       4
       4
       8
       5
       4
       3
       6
       5
       4
       8
       4
       7
       5
       7
       4
       6
       7
       5
       9
       6
       2
       3
       5
       4
       7
       9
      11
       0
       4
       9
       7
       3
       6
       6
       4
       5
       5
       4
       8
       7
       9
       5
       4
       6
       9
       5
       5
       3
       9
       7
       5
       3
       5
       3
       7
       4
       2
       3
       6
       5
       8
       8
       3
       2
       4
       6
      11
       3
       8
       5
       6
       4
       7
       5
       6
       8
       6
      14
       2
       3
       3
       5
       5
       4
       3
      10
       4
       5
      14
       6
      10
       4
       9
       6
       6
       9
       4
       2
       3
       7
       5
       4
       5
       1
       6
       5
       5
       7
       5
       5
       3
       7
       2
       4
       4
       7
       8
       7
       6
       2
       5
       6
       2
       6
       2
       3
       2
       3
       4
       2
       6
       4
       8
       8
       8
       7
       5
       7
       8
      10
       4
       6
       1
       8
       6
       5
      10
       7
       3
       6
       7
       5
       6
       5
       3
       4
       3
       5
       5
       3
       6
       8
       4
       5
       7
       9
       6
      12
       4
       3
      10
       1
       4
       4
       8
       4
       6
       4
       5
       3
       0
       6
       3
       9
       5
       7
       8
       5
       5
       4
       4
       8
       6
       6
       4
       3
       7
       6
       8
       3
       4
       9
       9
       9
       4
       9
       4
       5
       9
       6
       4
       4
      11
       7
       5
       5
       6
       2
       6
       4
       3
       3
       6
       4
       5
       6
       6
       2
       6
       4
       6
       5
       3
       6
       8
      10
       6
       4
       5
       4
       4
       8
       7
       1
       2
       5
       8
       5
       6
       6
       6
       2
       3
       4
       4
       7
       4
       4
       6
       6
       6
       5
       6
       7
       5
      10
       4
       6
       7
       4
       8
       5
       9
       9
       1
       6
       5
       5
       4
       9
       7
       4
       3
       2
       8
       6
       5
       3
       4
       3
       5
       2
       8
       4
       6
       6
       7
       8
       4
       5
       4
       6
       2
       6
       5
       5
       2
       9
       8
       9
       3
       4
       4
       5
       6
       4
       5
       6
       5
       4
       6
       2
       3
       6
       3
       3
       8
       9
       9
       4
       4
       5
       2
       7
       2
      11
       5
       4
       6
       6
       3
       3
       4
       2
       8
       8
       4
       1
       6
      10
       4
       7
       3
       4
       4
       5
       2
       7
       5
       1
       1
       5
       1
       2
       7
       4
       3
       3
       5
       1
       8
       3
       7
       8
       4
       7
       8
       4
       5
       1
       8
       5
       4
      10
       1
       3
       6
       4
       7
       3
       9
       4
       4
       7
       8
       3
       4
       5
       2
       4
       9
       8
       6
       4
       4
       8
      11
       4
       9
       5
       5
       6
       2
       3
       3
       5
       3
       4
       3
       7
       8
       6
       3
       6
       7
       5
       8
       3
       6
       7
       7
       7
       4
       6
       5
       6
       6
       3
       8
       6
       4
       6
       5
       5
       5
       4
       6
       5
       5
       3
       4
       2
       1
       8
       6
       5
       7
      10
       3
       9
       4
       3
       7
       3
       6
      10
      11
       9
       5
       8
      11
      13
      11
       7
      11
      10
       9
       5
       9
       6
       7
       3
       6
       9
       4
       9
       7
       5
       5
       9
       5
       5
       7
       6
       6
       6
       8
       7
       3
       6
      11
       4
       4
       6
       5
       3
       2
       8
       6
       7
       2
       6
       5
       5
       7
       8
       5
       9
       4
       8
       3
       7
       7
       7
       8
       8
       5
       5
       7
       4
       4
       8
       4
       4
       7
       6
       9
       5
       3
      10
       7
       4
       3
      13
       3
       4
       5
       6
       3
       7
       5
       5
       5
       7
       2
       6
       5
       5
       6
       4
       3
       4
       6
       6
       5
       3
       3
       1
       6
       1
       6
       0
       1
       3
       3
       4
       3
       3
       2
       6
       8
       5
       2
       8
       2
       3
       4
       5
       7
       5
       2
       2
       6
       4
       9
       5
       2
       4
       3
       5
       7
       9
       2
       4
       6
       0
       6
       2
       5
       4
       3
       2
       7
       6
       7
       7
       9
       3
       3
       2
       4
       6
       6
       1
       7
       2
       2
       3
       7
       6
       4
       5
       3
       6
       5
       4
       8
       5
       6
       3
       6
       8
       4
       5
       7
       4
       3
       3
       3
       7
       4
       5
       9
       9
       4
       1
       7
       7
       3
       5
       4
       8
       7
       5
       3
       6
       3
       8
       3
       5
       6
       5
       3
       2
       4
       7
       7
       7
       4
       9
       5
       8
       3
       2
       2
       4
       3
       6
       2
       5
       2
       3
       6
       7
       2
       6
       4
       6
       4
       5
       7
       4
       2
       7
       8
       6
       3
       7
       5
       2
       3
       6
       5
       6
       5
       5
       8
       3
       6
       6
       5
       3
       7
       8
       3
       5
       3
       3
       3
       1
       6
       5
       3
       3
       5
       4
       2
       7
       7
       3
       4
       6
       5
       6
       2
       3
       1
       7
       6
       5
       4
       4
       1
       3
       7
       4
       5
       2
       5
       5
       9
       9
      10
       2
       7
       9
       8
       3
       4
       5
       3
       2
       5
       6
       4
       6
       5
       2
       6
       7
       5
       7
       6
       5
       5
       3
       6
       5
       2
       5
       4
       6
       6
       5
       7
       3
       3
       3
       3
       5
       9
       2
       4
       2
       4
       4
       1
       6
       2
       3
       1
       8
       4
       6
       8
       1
       5
       9
       4
       9
       3
       9
       5
       6
      10
       6
       4
      12
      10
      11
       8
      12
      15
      17
       6
      17
      15
       9
      12
      11
       7
       7
       6
       3
       3
       3
       4
       5
       3
       1
       3
       3
       3
       3
       6
       6
       7
       4
       2
       4
       9
       7
       3
       6
       3
       3
       2
       4
       4
       7
       6
       4
       6
       7
       3
       3
       3
       9
       5
       2
       8
       7
       4
       4
       3
       2
       6
       6
      11
       5
       5
       6
       7
       6
       4
       8
       5
       1
       3
       4
       5
       7
       4
       4
       6
       4
       8
       4
       6
       5
       6
       3
       7
       1
       4
       8
       4
       4
       0
       6
       3
       2
       4
       6
       4
       6
       6
       4
       8
       8
       5
       8
       3
       4
       6
       4
       2
       5
       5
       3
       6
       6
       4
       7
       7
       5
       5
       6
       7
       2
       5
       5
      11
       6
       3
       3
       7
       7
       2
       0
       5
       5
       5
       6
       6
       6
       6
       5
       6
       6
       5
       5
       4
       4
       8
       2
       3
       3
       3
       5
       2
       5
       5
       5
       4
       8
       1
       1
       4
       2
       7
       7
       9
       4
       2
       3
       8
       4
       0
       0
       0
       0
       0
       0
       0
       0
       0
       0
       0
       0
       0
       0
       0
       0
       0
       0
       0
       0
       0
       0
       0
       0
       0
       0
       0
       0
       0
       0
       0
       0
       0
       0
       0
       0
       0
       0
       0
       0
       0
       0
       0
       0
       0
       0
       0
       0
       0
       0
       0
       0
       0
       0
       0
       0
       0
       0
       0
       0
       0
       0
       0
       0
       0
       0
       0
       0
       0
       0
       0
       0
       0
       0
       0
       0
       0
       0
       0
       0
       0
       0
       0
       0
       0
       0
       0
       0
       0
       0
       0
       0
       0
       0
       0
       0
       0
       0
       0
       0
       0
       0
       0
       0
       0
       0
       0
       0
       0
       0
       0
       0
       0
       0
       0
       0
       0
       0
       0
       0
       0
       0
       0
       0
       0
       0
       0
       0
$ROI:
0
$PRESETS:
None
0
0
$ENER_FIT:
-2.173939 0.279251
$MCA_CAL:
3
-2.173939E+000 2.792507E-001 0.000000E+000 keV
$SHAPE_CAL:
3
1.571259E+001 -1.155430E-003 0.000000E+000
