$SPEC_ID:
226Ra
$SPEC_REM:
DET# 1
DETDESC# MCB 132 Input 1
AP# Maestro Version 6.06
$DATE_MEA:
12/08/2021 10:15:05
$MEAS_TIM:
174293 174307
$DATA:
0 8191
       0
       0
       0
       0
       0
       0
       0
       0
       0
       0
       0
       0
       0
       0
       0
       0
       0
       0
       0
       0
       0
       0
       0
       0
       0
       2
    1274
   12565
    1452
     447
     450
     453
     425
     407
     496
     484
     444
     459
     468
     439
     446
     472
     514
     476
     400
     331
     348
     289
     297
     309
     321
     317
     302
     302
     314
     279
     281
     234
     240
     239
     225
     267
     226
     210
     199
     220
     213
     223
     209
     221
     204
     193
     224
     199
     184
     200
     195
     163
     188
     183
     187
     193
     178
     186
     189
     166
     179
     140
     158
     175
     158
     153
     166
     161
     168
     141
     152
     146
     137
     149
     165
     148
     142
     127
     143
     132
     137
     136
     123
     154
     153
     109
     113
     140
     149
     149
     113
     139
     127
     152
     114
     122
     126
     114
     135
     115
     117
     131
     112
     102
     139
     102
     112
     107
     132
     133
     147
     117
     126
     102
     113
     112
     113
     112
     111
     101
      93
     124
     124
     124
     116
     137
     108
     120
      98
     112
      94
     117
     114
     108
     124
     101
     121
     112
      97
     116
     112
     109
      89
     143
     166
     223
     219
     206
     155
     133
     115
      84
      84
      99
     101
     108
     104
     126
     109
     102
      92
     107
      88
     106
     107
      95
     122
     112
     113
     123
     155
     126
     152
     136
      93
     103
     115
     103
     108
     117
     118
     103
     118
     119
     108
     118
      99
      98
     112
     110
     114
     136
     145
     152
     121
     119
     128
     117
     117
     104
     126
     124
     153
     174
     241
     343
     327
     211
     163
     127
     111
     111
     114
     124
     136
     111
     116
     104
     137
     113
     138
     104
     130
     124
     107
     134
     122
      98
     131
     103
     115
     113
     126
     130
     118
     127
     129
     133
     156
     184
     176
     148
     152
     130
     157
     166
     228
     233
     203
     174
     140
     146
     139
     156
     186
     153
     154
     136
     130
     135
     115
     135
     144
     125
     131
     121
     122
     113
     131
     108
     144
     130
     142
     138
     138
     153
     161
     172
     171
     186
     201
     244
     197
     193
     155
     156
     126
     146
     134
     136
     175
     165
     175
     142
     138
     119
     130
     122
     120
     147
     174
     163
     158
     137
     129
     142
     158
     241
     422
     577
     649
     527
     389
     234
     163
     134
     149
     157
     130
     137
     148
     121
     128
     135
     141
     119
     119
     132
     136
     143
     152
     167
     158
     144
     124
     128
     139
     125
     101
     107
     123
     127
     136
     137
     109
     131
     121
     163
     133
     153
     131
     138
     123
     109
     139
     136
     124
     111
     139
     131
     105
     133
     113
     139
     115
     144
     129
     134
     150
     136
     137
     149
     129
     153
     132
     155
     150
     162
     137
     132
     134
     180
     181
     157
     149
     149
     133
     128
     118
     137
     151
     133
     138
     133
     121
     122
     140
     114
     141
     118
     120
     140
     136
     144
     133
     141
     116
     116
     140
     135
     140
     128
     122
     145
     150
     128
     137
     138
     121
     145
     122
     167
     128
     128
     128
     140
     136
     129
     130
     128
     150
     129
     136
     153
     126
     138
     135
     141
     123
     135
     144
     149
     110
     130
     135
     141
     136
     123
     122
     136
     145
     164
     136
     143
     136
     118
     134
     130
     139
     141
     132
     144
     136
     121
     114
     140
     147
     150
     117
     135
     117
     136
     120
     144
     123
     141
     164
     145
     138
     157
     150
     156
     140
     131
     123
     141
     142
     125
     123
     148
     173
     182
     215
     196
     184
     126
     161
     140
     131
     161
     124
     127
     143
     119
     126
     128
     163
     148
     127
     122
     117
     142
     146
     120
     115
     115
     168
     127
     147
     144
     120
     123
     168
     152
     113
     122
     115
     117
     132
     130
     129
     129
     109
     128
     119
     117
     130
     132
     121
     127
     123
     125
     141
     157
     146
     122
     142
     151
     153
     130
     151
     120
     129
     109
     133
     121
     134
     138
     122
     129
     155
     146
     164
     160
     111
     123
     134
     134
     154
     127
     128
     126
     122
     120
     134
     127
     127
     140
     123
     125
     113
     144
     134
     128
     125
     132
     111
     135
     133
     127
     142
     121
     141
     124
     117
     126
     116
     145
     122
     142
     121
     135
     119
     144
     143
     127
     126
     128
     114
     110
     114
     117
     134
     109
     127
     120
     124
     121
     136
     105
     116
     126
     110
     117
     115
     113
     122
     130
     125
     121
     118
     119
     117
     129
     124
     116
     133
     145
     187
     271
     372
     493
     496
     354
     226
     146
     116
     135
     123
     122
     126
     118
     113
     118
     119
     116
     127
     119
     128
     123
     127
     123
     122
     110
     101
     125
     116
     131
     127
     119
     125
     124
     131
     107
     135
     134
     105
     114
     123
     146
     148
      97
     131
     119
     129
     126
     132
     125
     124
     112
     112
     121
     119
     115
     105
      98
     119
     119
     116
     109
     118
     123
     106
     125
     137
     112
     125
     113
     109
     140
     121
     141
     161
     121
     143
     111
     118
     118
     120
     106
     120
     107
     126
     125
     133
     121
     105
      98
     119
     130
     120
     119
     115
     108
      98
     128
      99
      95
     114
     114
     106
     109
     125
     101
     104
      99
      93
     107
     117
     116
     110
     112
      97
     121
     105
     115
     113
      96
     100
     103
     107
     108
      87
     100
      97
     121
     108
     102
     107
     107
     101
      99
     113
     106
     101
      90
     114
     101
     103
      97
     106
     101
      92
     102
      94
      75
     101
      98
     105
      95
     102
     108
      99
     114
      93
     121
      86
     100
     109
     115
     105
     105
      90
     110
     107
      87
     110
      99
     122
     102
      94
     109
      99
      89
      91
     104
      87
      90
      88
     111
      91
      95
      95
      88
     109
      98
     117
     164
     199
     240
     276
     225
     144
     110
     109
     112
      98
     101
     116
     113
     117
     108
     112
     115
      95
      91
      82
      93
     104
      78
      88
      76
      96
      97
      87
      91
      77
     113
     101
      84
      99
      85
      82
      88
     109
      76
      92
      84
      87
     100
      90
     102
      94
      94
      93
     102
      86
      89
      98
      94
      83
      74
      75
      88
     105
     105
     115
      91
      69
      80
      96
      90
      85
      90
     106
      85
      84
      99
      98
      96
      91
      98
      86
     108
      74
      92
      81
      94
      76
     103
      71
      79
      87
      88
     102
      97
      90
     103
      81
      78
      71
      77
      76
      90
     100
      82
      84
      93
     102
     100
      84
      74
      81
      69
      76
      92
      87
     100
      88
      94
      91
      80
     105
      90
      82
      78
     103
      92
      72
     106
      80
      93
      93
      88
      92
      85
      93
      95
      98
      71
      94
      99
      85
      65
      82
      65
      69
      91
      74
      87
      90
      85
      83
      71
      96
      72
      82
      73
      71
      78
      96
      76
      73
      81
      87
      77
      84
      75
      83
     102
      84
      78
      78
      77
      82
      84
      77
      75
      90
      74
      83
      69
      76
      80
      74
      89
      62
      90
      76
      87
      80
      66
      72
      72
      76
      84
      88
      81
      63
      77
      61
      77
      74
      81
      59
      83
      93
      71
      88
      87
      98
     100
     111
     104
      84
      78
      60
      86
      85
      70
      83
      90
      64
      70
      91
      81
      94
      98
      73
      69
      73
      84
      67
      67
      73
      75
      72
      83
      69
      73
      86
      63
      73
      70
      69
      69
      93
      72
      96
      61
      68
      81
      76
      76
      60
      62
      73
      69
      72
      78
      67
      76
      80
      60
      75
      80
      70
      65
      61
      53
      79
      69
      57
      81
      65
      68
      76
      82
      74
      67
      67
      62
      76
      76
      66
      62
      69
      68
      57
      72
      65
      84
      87
      80
      76
      60
      56
      87
      84
      74
      60
      87
      82
      67
      60
      67
      77
      68
      76
      74
      67
      80
      69
      75
      62
      84
      81
      71
      72
      75
      72
      65
      69
      64
      73
      67
      66
      82
      59
      76
      79
      72
      64
      74
      65
      72
      65
      62
      68
      66
      58
      79
      65
      57
      71
      66
      55
      76
      66
      65
      69
      77
      73
      70
      56
      59
      71
      78
      67
      48
      67
      75
      74
      99
     102
      91
      85
      81
      66
      67
      69
      63
      76
      59
      64
      69
      68
      66
      66
      80
      67
      59
      69
      74
      59
      69
      67
      72
      65
      69
      49
      59
      43
      67
      62
      66
      71
      62
      59
      63
      72
      67
      70
      61
      84
      64
      54
      75
      82
      63
      88
      94
      77
      98
      90
      77
      75
      63
      52
      64
      61
      70
      71
      46
      72
      88
      63
      68
      73
      69
      62
      56
      65
      56
      53
      67
      58
      69
      59
      56
      66
      65
      52
      55
      74
      56
      50
      53
      66
      54
      55
      54
      66
      62
      54
      62
      66
      66
      64
      65
      72
      55
      50
      65
      52
      66
      68
      50
      57
      67
      53
      50
      65
      57
      65
      52
      58
      55
      54
      60
      60
      64
      65
      64
      50
      64
      74
      62
      48
      60
      57
      56
      53
      62
      48
      55
      64
      49
      54
      61
      64
      60
      61
      50
      56
      61
      79
      58
      55
      53
      66
      60
      59
      51
      58
      53
      66
      55
      58
      53
      50
      64
      42
      69
      58
      68
      50
      61
      57
      53
      52
      49
      62
      66
      63
      58
      66
      46
      59
      67
      61
      46
      65
      51
      53
      64
      58
      58
      53
      66
      55
      54
      67
      62
      62
      61
      50
      64
      56
      62
      50
      56
      58
      46
      45
      49
      53
      50
      54
      53
      57
      45
      56
      61
      70
      48
      58
      48
      45
      48
      63
      64
      69
      50
      60
      64
      69
      47
      52
      47
      52
      64
      50
      51
      37
      58
      57
      49
      62
      51
      55
      46
      54
      58
      54
      62
      43
      44
      44
      56
      61
      48
      54
      56
      64
      36
      50
      58
      57
      51
      67
      54
      39
      65
      55
      43
      38
      50
      41
      49
      59
      44
      50
      55
      41
      39
      69
      49
      67
      55
      54
      52
      48
      53
      38
      61
      54
      52
      59
      47
      51
      72
      47
      41
      57
      63
      50
      51
      40
      56
      50
      54
      48
      49
      49
      51
      47
      42
      66
      58
      74
      59
      53
      58
      34
      49
      44
      61
      52
      62
      50
      48
      71
      48
      61
      39
      55
      50
      51
      58
      51
      53
      57
      52
      43
      58
      52
      48
      60
      75
      63
     137
     192
     283
     352
     319
     234
     183
     116
      77
      51
      47
      42
      41
      51
      51
      47
      51
      53
      45
      53
      52
      60
      45
      48
      46
      51
      32
      40
      44
      50
      42
      45
      47
      56
      57
      47
      61
      46
      52
      52
      49
      39
      50
      46
      44
      56
      47
      49
      51
      35
      43
      50
      47
      54
      55
      42
      46
      51
      53
      52
      44
      47
      45
      40
      55
      48
      43
      44
      51
      57
      45
      50
      49
      47
      40
      45
      54
      52
      47
      47
      52
      53
      51
      47
      33
      36
      58
      55
      50
      39
      49
      55
      49
      53
      47
      36
      52
      50
      39
      37
      52
      47
      52
      59
      42
      52
      41
      61
      57
      66
      49
      40
      46
      40
      40
      38
      43
      44
      55
      55
      37
      43
      52
      31
      47
      59
      38
      51
      39
      52
      42
      49
      41
      44
      50
      46
      52
      46
      48
      53
      38
      44
      50
      40
      47
      47
      55
      48
      51
      61
      27
      43
      51
      41
      43
      42
      54
      47
      31
      37
      43
      46
      47
      51
      47
      35
      49
      40
      54
      48
      48
      38
      42
      38
      41
      45
      30
      43
      35
      39
      37
      48
      46
      39
      37
      47
      39
      41
      49
      38
      50
      44
      48
      48
      43
      29
      45
      44
      47
      36
      45
      51
      49
      45
      37
      48
      39
      30
      40
      42
      45
      40
      60
      42
      40
      37
      44
      35
      41
      43
      49
      55
      36
      32
      38
      35
      47
      37
      43
      40
      38
      42
      43
      44
      38
      41
      32
      33
      30
      35
      49
      47
      29
      37
      41
      44
      44
      39
      38
      38
      37
      34
      34
      49
      50
      25
      34
      41
      40
      48
      35
      41
      43
      45
      46
      44
      49
      59
      77
      76
      87
     108
     131
     184
     230
     263
     287
     306
     293
     286
     251
     189
     178
     159
     102
      78
      61
      78
      53
      55
      42
      42
      42
      30
      42
      33
      28
      27
      31
      37
      44
      39
      32
      37
      58
      25
      32
      29
      35
      42
      43
      31
      30
      42
      43
      37
      35
      35
      31
      44
      39
      43
      40
      36
      40
      30
      31
      40
      52
      44
      38
      40
      45
      41
      32
      28
      24
      31
      30
      25
      36
      39
      30
      34
      35
      43
      40
      35
      37
      29
      33
      35
      27
      41
      36
      24
      41
      40
      37
      31
      39
      33
      38
      37
      36
      24
      28
      43
      37
      28
      37
      28
      36
      32
      33
      42
      27
      32
      32
      26
      30
      26
      30
      25
      35
      30
      36
      44
      19
      31
      34
      36
      32
      26
      26
      33
      32
      35
      27
      39
      36
      29
      20
      29
      22
      32
      31
      35
      37
      26
      41
      28
      31
      47
      28
      28
      27
      37
      20
      31
      32
      29
      33
      31
      29
      33
      32
      31
      26
      49
      31
      34
      28
      32
      31
      29
      26
      33
      35
      43
      27
      27
      44
      33
      30
      35
      23
      37
      28
      21
      32
      31
      34
      35
      35
      18
      33
      45
      31
      41
      36
      27
      34
      36
      39
      34
      27
      36
      35
      39
      29
      29
      31
      31
      31
      35
      24
      34
      24
      30
      31
      47
      26
      36
      49
      77
      57
      75
      50
      54
      32
      35
      33
      29
      28
      36
      27
      19
      26
      43
      25
      32
      37
      26
      26
      43
      27
      28
      37
      46
      26
      31
      29
      27
      41
      37
      23
      32
      29
      20
      39
      28
      34
      28
      31
      29
      32
      42
      40
      42
      32
      48
      62
      65
      62
      65
      60
      43
      31
      32
      29
      31
      36
      33
      45
      23
      42
      29
      31
      30
      36
      20
      26
      34
      36
      24
      35
      37
      20
      27
      32
      34
      24
      36
      19
      39
      24
      30
      25
      30
      33
      27
      34
      22
      32
      27
      22
      29
      35
      34
      37
      32
      34
      29
      25
      44
      33
      34
      38
      42
      21
      34
      40
      33
      32
      28
      44
      36
      37
      43
      32
      28
      31
      33
      36
      39
      29
      31
      38
      27
      26
      27
      35
      27
      42
      31
      32
      40
      40
      26
      31
      33
      35
      40
      47
      55
      46
      57
      63
      29
      39
      38
      38
      28
      29
      25
      27
      25
      40
      46
      56
     103
     133
     164
     245
     205
     216
     159
      98
      76
      35
      35
      37
      31
      28
      31
      32
      30
      27
      35
      23
      24
      29
      29
      25
      35
      37
      29
      27
      24
      22
      33
      38
      33
      30
      23
      28
      22
      29
      26
      27
      32
      25
      31
      20
      37
      30
      21
      28
      32
      24
      25
      20
      31
      26
      29
      31
      24
      31
      28
      25
      26
      26
      31
      32
      18
      26
      21
      28
      37
      26
      27
      25
      31
      33
      26
      31
      26
      28
      26
      29
      29
      20
      33
      23
      15
      23
      18
      30
      21
      19
      30
      28
      24
      36
      23
      25
      24
      21
      24
      30
      37
      25
      27
      26
      24
      27
      31
      22
      31
      24
      28
      22
      21
      32
      24
      34
      23
      17
      19
      27
      33
      25
      31
      26
      25
      30
      17
      23
      24
      25
      20
      25
      28
      25
      19
      19
      23
      28
      22
      16
      25
      34
      23
      20
      19
      34
      25
      26
      17
      19
      22
      19
      22
      22
      33
      18
      26
      26
      23
      32
      25
      31
      24
      39
      23
      40
      46
      61
      99
     133
     205
     241
     302
     278
     222
     158
     114
      77
      47
      45
      26
      29
      24
      22
      19
      25
      22
      27
      35
      30
      27
      26
      28
      19
      28
      21
      24
      24
      21
      23
      30
      32
      32
      25
      24
      27
      29
      35
      25
      27
      17
      17
      26
      20
      29
      26
      27
      21
      27
      25
      28
      26
      20
      27
      21
      26
      28
      22
      30
      15
      19
      24
      21
      27
      37
      18
      21
      22
      24
      23
      25
      28
      27
      24
      31
      23
      34
      22
      21
      19
      21
      24
      28
      21
      23
      25
      21
      17
      19
      29
      28
      29
      20
      24
      25
      20
      20
      25
      20
      21
      28
      22
      23
      15
      19
      22
      19
      25
      27
      24
      29
      27
      21
      32
      20
      34
      27
      37
      26
      18
      33
      31
      27
      24
      26
      30
      33
      33
      33
      29
      26
      23
      31
      29
      26
      23
      29
      24
      30
      25
      36
      31
      25
      32
      19
      34
      35
      29
      20
      20
      27
      27
      27
      22
      24
      18
      19
      28
      28
      16
      24
      28
      16
      19
      22
      20
      24
      19
      31
      18
      24
      24
      22
      21
      20
      17
      20
      22
      25
      29
      23
      21
      26
      22
      20
      19
      25
      27
      21
      31
      26
      27
      21
      22
      19
      22
      26
      30
      18
      24
      28
      25
      19
      28
      21
      21
      24
      33
      21
      18
      21
      26
      24
      28
      35
      51
      88
     131
     161
     175
     202
     200
     146
     115
      75
      39
      33
      24
      27
      19
      17
      31
      24
      31
      26
      26
      27
      30
      33
      30
      16
      19
      27
      22
      34
      18
      16
      17
      27
      20
      22
      41
      24
      23
      19
      22
      21
      21
      26
      22
      26
      25
      21
      25
      24
      25
      10
      21
      24
      26
      29
      28
      17
      27
      21
      21
      19
      18
      20
      18
      23
      19
      23
      21
      31
      21
      23
      13
      18
      19
      28
      25
      17
      23
      24
      20
      20
      22
      23
      22
      19
      28
      18
      11
      17
      18
      17
      13
      20
      15
      19
      29
      21
      18
      23
      22
      18
      24
      18
      17
      15
      18
      21
      13
      22
      24
      20
      21
      18
      26
      29
      23
      23
      20
      24
      24
      17
      21
      17
      20
      26
      21
      21
      26
      18
      14
      19
      20
      26
      19
      23
      15
      22
      18
      17
      14
      15
      17
      27
      11
      26
      22
      16
      17
      31
      16
      23
      29
      22
      15
      19
      17
      40
      22
      31
      30
      29
      23
      23
      29
      21
      13
      21
      18
      25
      30
      22
      16
      21
      20
      17
      20
      20
      23
      19
      22
      21
      21
      25
      26
      16
      25
      21
      23
       9
      17
      19
      21
      13
      22
      21
      15
      24
      21
      18
      20
      26
      18
      14
      27
      16
      16
      23
      19
      13
      32
      25
      23
      19
      26
      19
      12
      14
      21
      20
      17
      12
      23
      21
      23
      13
      13
      17
      28
      20
      22
      16
      20
      17
      16
      32
      18
      22
      20
      16
      23
      18
      13
      22
      12
      18
      22
      16
      23
      16
      11
      18
      27
      20
      21
      15
      13
      18
      14
      20
      22
      31
      28
      15
      19
      12
      25
      23
      23
      22
      22
      12
      16
      21
      17
      13
      19
      19
      18
      19
      19
      22
      25
      18
      18
      21
      26
      24
      23
      23
      21
      26
      18
      19
      22
      19
      20
      19
      22
      15
      20
      27
      13
      25
      19
      24
      34
      16
      11
      17
      21
      22
      32
      17
      18
      15
      21
      24
      16
      18
      17
      10
      16
      20
      19
      20
      23
      18
      14
      24
      18
      18
      23
      16
      19
      18
      13
       9
      13
      19
      12
      24
      17
      19
      18
      15
      15
      13
      20
      14
      18
      18
      19
      20
      16
      15
      21
      19
      25
      20
      20
      16
      22
      21
      18
       9
      25
      23
      19
      14
      18
      12
      17
      18
      13
      22
      12
      16
      11
      21
      14
      23
      24
      18
      23
      19
      14
      25
      15
      17
      17
      15
      18
      21
      11
      16
      19
      19
      24
      16
      19
      19
      28
      16
      20
      13
      25
      20
      20
      21
      17
      20
      18
      15
      12
      15
      19
      19
      22
      26
      23
      20
      24
      17
      20
      13
      18
      26
      21
      21
      18
      25
      20
      20
      13
      27
      26
      22
      20
      15
      20
      15
      22
      28
      28
      20
      21
      17
      17
      15
      20
      22
      16
      13
      16
      19
      16
      18
      18
      11
      24
      23
      10
      20
      15
      20
      10
      12
      14
      30
      21
      22
      15
      16
      17
      21
      21
      20
      14
      23
      12
      20
      14
      14
      19
      16
      16
      17
      11
      16
      14
      18
      12
      22
      15
      23
      24
      22
      18
      19
      23
      16
      24
      15
      21
      18
      11
      16
      22
      21
      19
      19
      14
      13
      16
      19
      15
      17
      17
      18
      13
      21
      19
      14
      19
      19
      11
      19
      20
      10
      16
      17
      16
      16
      16
      18
      22
      21
      13
      22
      15
      13
      20
      22
      12
      21
      12
      13
      15
      12
      15
      14
      14
      14
      17
      16
      16
      14
      20
      17
      15
      12
      20
      19
      21
      21
      20
      21
      12
      28
      20
      23
      20
      17
      18
      12
      18
      14
      17
      19
      15
      15
      15
       7
       9
      16
      14
      30
      18
      19
      10
      19
      16
      18
      18
      16
      17
      21
      15
      24
      15
      17
      21
      13
      20
      14
      25
      21
      17
      23
      15
      20
      12
      14
      10
      18
       9
      14
      13
      13
      18
      19
      15
      15
      23
      14
      21
      24
      12
      16
      18
      16
      22
      20
      19
      20
      17
      14
      22
      10
      21
      17
      21
      23
      22
      19
      18
      17
      19
      16
      13
      13
       9
      15
      18
      21
      12
      23
      13
      12
      16
      21
      19
      14
      11
      25
      13
      22
      15
      20
      28
      29
      30
      44
      41
      39
      33
      35
      25
      30
      20
      14
      20
      23
      13
      16
      10
      15
      20
      12
      19
      18
      14
      19
      15
      17
      16
      24
      19
      20
      13
      18
      10
      21
      17
      19
      21
      18
      16
      13
      18
      12
      15
      20
      20
      17
      26
      21
      15
      12
      16
      17
      22
      22
      15
      16
       8
       7
      14
      10
      12
      17
      13
      11
      21
      18
      21
      19
      15
      18
      14
      13
      12
      20
      13
      19
       8
      17
      14
       7
      19
      10
      17
      17
      15
      15
      10
      23
      16
      28
      16
      14
      19
      15
      14
      14
      18
      26
      19
      20
      20
      23
      25
      15
      15
      13
      22
      12
      11
      13
      22
      12
      19
      17
      18
      12
      20
      14
      17
      15
      13
       9
       8
      13
      14
      15
      16
      18
      16
      14
      22
      13
      17
      13
      16
      23
      26
      13
      21
      20
      20
      12
      13
      20
      18
      15
      18
      20
      19
      15
      11
      20
      15
      19
      19
      17
      14
      13
      16
      18
      17
      13
      10
      13
       9
      13
      10
      20
      15
      12
      12
      12
      21
      15
      18
      15
      16
       9
      19
      17
      20
      17
      10
      13
      21
      17
      11
      20
      16
      17
      19
      19
      21
      13
      25
      11
      22
      32
      17
      14
      22
      18
      18
      20
      23
      16
      13
      25
      30
      22
      22
      34
      25
      23
      20
      17
      12
      14
      15
      16
      14
      14
      14
      18
      16
      11
      17
      17
      10
      13
      12
      12
      15
      15
      13
      13
      11
      14
      15
      15
      23
      15
      17
      17
      16
      13
      11
      15
       9
       9
      16
       8
      16
       9
      14
      16
      17
      10
      12
      14
      12
       8
       9
       7
      16
      14
      13
      19
      15
      13
      11
      18
      11
      15
      14
      14
       9
      24
      20
      11
      12
      13
      21
      18
      14
       9
      16
      14
      10
      15
      13
      12
      13
       9
      12
      15
      15
      15
      15
      15
      11
      13
      13
      12
      10
      14
      15
      15
      14
      12
      14
      22
      18
      12
       8
      12
      14
      21
      18
      20
      23
      28
      36
      50
      38
      39
      33
      30
      20
      14
      13
      21
      12
      11
      13
      10
       8
      14
      10
       9
      16
      14
      23
      13
      14
      11
      14
      12
      15
      17
      11
      12
      17
      17
      15
      19
       9
      17
      19
       9
      13
      12
      13
      13
      15
      13
      21
      18
      26
      15
      17
      17
      10
      15
      21
      11
      16
      12
      10
      20
      15
      12
      13
      11
      10
      13
      14
      12
      17
      17
      15
      11
      12
      11
      15
      11
       8
      13
      18
       7
      10
       9
      12
      19
      20
      12
      19
      14
       9
      12
      11
      14
      10
      18
      15
       8
      12
       8
      14
      14
      13
      16
      17
      10
      16
      14
      20
      10
      14
      12
      13
      14
      22
      15
      15
      16
      12
      11
      17
      15
       8
      14
      10
       9
       9
      15
      13
      17
      12
       9
      12
      18
      12
      10
      17
      14
      10
      12
      10
      14
      18
      12
       9
      11
      12
      22
      10
      19
      12
       9
       8
      14
      12
      16
      10
      18
      16
      13
      10
      17
      13
      10
      15
       9
      17
      16
      15
      15
      10
      18
      12
      13
      11
      11
      13
      14
      13
      11
      15
      13
      22
      10
      11
      15
      16
      12
      12
      16
      12
      11
      12
      21
      19
       8
      12
       8
      13
       8
      12
      10
      15
      11
      13
      12
      11
      11
      15
      14
      14
      17
      14
      17
      11
      14
      16
      14
      11
       6
      17
      12
      18
      20
      19
      18
      21
      21
      23
      23
      26
      19
      13
      18
      16
      11
      12
       7
      13
      16
      16
       6
      11
      13
      12
      20
      11
      17
      15
      10
      15
      16
       3
      13
      12
      13
      11
      11
      19
       9
       6
      12
      11
      13
       8
      17
      22
      10
      10
       9
      14
      13
      13
      15
      10
      11
      10
      10
      15
      16
      14
      11
      17
      11
       9
      14
      16
      13
      13
      10
      11
      15
      10
       7
      13
      16
       9
      12
      16
      11
      15
      17
      13
      12
      12
      13
      12
      12
       9
      13
       7
      11
      13
       7
      15
       8
      15
      10
       8
       9
      16
      13
      13
      13
      16
      11
      13
      16
      18
      19
      10
      13
       9
      12
      12
       8
      20
      14
      19
      10
      10
      11
      14
      13
      12
      10
      17
      15
       7
       9
      14
      14
       9
      20
      14
      17
      18
      10
      11
      11
      11
       7
      19
       8
      13
       7
      11
      13
       6
       9
       9
      10
      18
      14
      10
      17
      13
      15
      12
      13
      12
      14
       7
       8
      10
      16
      12
      11
      14
      13
      15
      11
      15
      11
      14
      18
      15
       9
      13
      10
       8
      10
      11
      11
      13
      12
      17
      13
      12
      11
      16
      15
      20
      13
       9
      12
      12
      12
       7
       6
       9
      12
      15
      11
      13
      16
      21
      10
      25
      15
      20
      14
      24
      12
      14
      11
      10
      10
      18
       9
      13
      13
      12
       9
      12
      18
       7
      13
      12
      18
      15
      14
      10
      17
       5
       9
      11
      13
       5
      14
      12
       7
      12
       9
      14
      13
      12
       6
      13
      13
      22
      11
      11
      15
      11
       9
      11
      14
      14
      14
       3
      13
      16
       5
       6
      23
      14
       9
      11
      10
      15
      11
      10
       7
      13
      15
      10
      16
      15
      18
       9
       3
       9
      12
      15
      17
       9
      19
      14
       9
      13
      14
       9
      13
       8
      11
       9
      15
      14
       7
      14
      10
      11
      11
       6
      16
      12
       5
       6
      11
       7
       7
       9
       9
      15
      14
      12
       9
       9
      15
      14
      17
      12
      12
      14
      19
       8
      13
       7
      12
      14
      19
      17
      11
      10
      12
      11
      15
      13
      13
      19
      11
       9
      12
      11
       8
       9
      10
      14
       9
      12
      12
       5
      10
      10
      10
       5
      10
      10
      11
       9
      17
      11
      10
       7
      12
      10
       5
       9
       9
      16
      12
       9
       9
      13
       9
       9
      19
       9
      10
      13
      12
       5
      19
      10
      10
      15
      14
       8
      12
      12
       7
      11
       9
      23
      11
       8
       9
      13
       4
      11
       5
      11
      10
      12
      11
      13
       8
       6
       7
      18
       7
      16
      11
       7
      17
       9
       8
      14
      12
       8
      11
      16
       6
       7
       7
      11
       9
      17
      12
       9
      11
      15
      12
      16
      15
       7
      13
      13
       9
      14
       9
      13
      13
      16
      16
       7
      16
       9
      10
       7
      16
      12
      13
       9
      14
       7
      11
       5
      15
       6
      12
       6
      20
       8
      11
      16
      17
      10
      10
       6
       9
      10
      14
       8
      12
       6
       8
       6
      19
       8
      14
      13
      10
       8
      11
      15
       8
       9
      14
       7
      15
      11
      13
      10
      14
      14
      10
      12
       9
      11
      10
       3
      11
      13
      11
       8
       5
       9
      13
      11
      13
      12
      15
       5
      10
       6
      12
      10
      15
      12
      14
       9
      11
      13
      14
      10
       8
      13
       6
       6
       9
       7
       7
       7
      17
      13
       5
       5
      11
      11
       6
       8
       9
       8
       8
       9
      12
       6
       9
      11
      11
       6
       8
       7
       6
      12
       7
      12
      11
      12
       6
       6
      17
       5
      12
       9
      17
      10
      14
      11
      11
      13
      13
      10
      11
      10
       8
      13
      17
       6
      16
      13
      14
       9
      12
       9
      10
       7
      12
      15
       5
       9
       7
      11
      20
      13
      14
       8
      12
      11
       2
      17
      12
       8
      12
       9
      13
      11
      13
       6
      11
      12
       9
       7
       7
      12
      11
       8
       9
      16
      13
      17
      13
      12
      17
      17
      16
      17
       8
      11
      16
       9
      14
      18
       9
       7
      11
      11
       9
      17
       7
       9
      13
      11
      14
      12
       8
      12
       7
       6
       9
      10
      12
      16
       7
      13
       6
       5
      12
      18
       7
      12
      12
       8
      14
       6
      14
      12
      10
      14
       7
      13
       9
       7
       5
       7
      10
       6
       9
      10
      11
      15
      13
       3
      10
       9
       9
      12
      14
      12
       8
      14
      11
      18
      10
      11
       5
      10
       7
       6
      18
       6
      11
       6
       9
       6
       6
       9
      14
       7
      12
      15
      12
       6
       5
      18
       6
      11
      12
       9
       9
       5
      11
       4
       7
      12
       8
      10
       6
      10
      10
      12
       8
       9
      10
       8
       9
       6
       9
      13
      10
      11
       9
       7
       6
       8
      10
      13
       6
       8
       6
       6
      10
      12
       7
       5
      10
      13
      13
       7
       3
      13
       6
       9
      18
       8
       7
       6
      12
       9
       8
      10
       8
      10
      10
       3
      11
      10
       8
      11
       8
      14
       6
      10
       8
       4
       9
      12
       6
       8
       7
       9
       8
       7
      14
       9
      11
       8
      10
       4
       7
       8
       7
      12
       9
       9
       9
      12
       9
       6
       7
       4
       8
       8
      13
       8
       6
      12
       9
      10
      13
       7
       9
       9
       1
      10
       7
       5
      13
      10
       9
       7
      11
       8
       7
       5
       8
      11
      11
       5
       8
       9
      10
      10
      11
       7
      11
       7
       9
       7
       6
       9
       5
       7
       9
       9
       9
      14
       6
       8
       6
      11
      10
      16
       9
       5
       6
       6
       8
       9
       9
       6
      12
       4
       9
      11
      12
      10
      11
      11
       5
       5
      10
       9
       7
       6
       9
      13
       5
       8
      10
       9
      10
      11
       9
       9
       8
      14
       6
      11
      12
       9
       7
      11
       7
      11
       4
      14
      11
      10
       7
       3
      12
       9
       8
      10
      15
       6
       9
       7
      11
       6
       5
      13
       7
       6
      10
      11
      11
       7
      10
      10
       7
       8
      10
      11
       5
       8
      12
       9
       8
       6
       9
       3
       6
       9
      10
       9
       9
       3
      10
       4
       8
       7
      12
       5
       6
      12
       8
       7
      10
       8
       5
      11
       8
      10
       7
       8
      10
       5
       4
      15
       7
       9
      10
      10
      17
      10
      10
       8
      10
       4
       7
       7
      12
      10
       6
      11
      10
       9
       8
       7
      10
       9
       4
       7
       6
       4
      12
      11
      11
       6
      11
       9
       6
       1
       9
       8
       9
       4
      11
       4
       9
      12
       2
       9
       7
      10
      10
       8
      10
       3
       3
       4
       5
       7
      11
      11
      11
      11
       6
      11
       6
      10
      11
       7
      10
       4
      12
       7
       6
       9
       9
       6
       7
      13
       5
       8
       5
       6
       8
      11
       9
      10
       5
       9
       7
      11
       4
       9
      17
       7
       9
       8
       6
       7
       6
      10
       9
       6
      12
      10
       9
       4
       8
      18
       7
      14
       6
       7
       8
       8
       6
       5
       6
      10
       8
       9
       8
      11
      11
       4
       8
      11
       5
       9
       7
       9
       7
       7
      10
       7
       9
      11
       7
       8
      10
      10
      12
       7
       8
       5
      10
       7
       8
      14
      10
       8
      11
      12
       8
      12
      11
      12
      10
      18
      12
      11
      11
      10
      15
       5
       9
       7
       9
       9
      11
      10
      10
       9
       5
       9
      11
       9
       8
       4
       6
       9
       3
      14
       9
       8
      11
      14
       5
      12
       6
      13
       5
       4
       7
      12
       6
       3
       6
       9
       6
       6
       9
       7
      11
       7
       5
       5
       7
      15
      13
       8
       9
       3
       8
       8
      10
       6
       8
       3
       6
      10
       1
       8
       7
       9
       8
      10
       7
       6
       5
       9
      11
       6
       6
       4
      11
       6
      15
      10
       8
      12
       6
       7
       4
       6
       9
       8
       9
       7
       6
       9
      10
       8
       5
       7
       6
       8
      12
      11
       5
       8
       8
       8
       9
      12
      14
       6
      12
       8
      11
       8
       6
       5
       8
      12
       7
      10
      10
      10
       9
       7
      11
       9
       9
       7
       5
       9
       7
       9
       4
       8
       8
       8
       9
       9
       4
       5
       6
       8
       6
      10
       9
       5
       3
       9
      12
       7
       9
       6
       9
       2
       5
       9
       7
       7
       7
       7
       1
       8
       5
       5
       9
       5
       5
       7
       9
       6
       9
       8
       9
      13
       8
       9
       7
       8
       5
      10
       1
      18
      11
      10
      12
       7
       6
       6
       7
       7
       6
       4
       5
       4
       9
       5
      13
       7
       6
       7
       8
       8
      13
      13
       4
       6
      10
       4
      11
       6
      10
       7
       5
       5
       6
      10
       8
       8
       9
      12
      10
       9
      14
       1
       9
       2
      10
       7
       8
       6
      10
       9
       5
      13
       3
       7
       5
       8
       7
      12
       6
       8
       3
       7
       7
       8
      11
       7
       4
       8
       6
       6
       6
       7
       1
       8
       5
       8
       3
       5
       5
      10
      10
       4
       4
       7
       8
       4
       6
       3
       4
      13
       7
       6
       4
      10
       6
      12
      11
       9
       7
      10
       3
       3
      12
      10
       6
      16
      22
      18
      23
      28
      35
      44
      46
      55
      54
      46
      48
      30
      28
      24
      17
       8
      16
       8
       7
      16
       7
      11
       6
       5
       5
      10
      10
       5
       5
       6
       4
      11
       8
       4
       8
       5
       6
       8
       2
       5
       8
       4
       7
       5
       5
       5
       9
       6
       9
       8
       5
       8
       6
       5
       7
       5
       8
       5
      11
       5
      10
       5
       8
       6
       8
       8
       8
       7
       1
       9
      10
       6
       7
      12
       9
       8
       4
       7
       7
       6
      12
       7
       6
       3
       8
       8
       7
       8
      11
       5
       5
       7
       7
      17
       6
       7
       0
       7
       5
      14
      10
       5
       4
       2
       6
      13
       4
       5
      13
       5
      12
       4
       7
       7
       4
       4
       4
       7
       1
       7
       6
       3
       8
       9
       8
      11
       8
       9
       4
      10
       6
       4
       6
      11
       4
       6
       5
       6
       5
       6
       6
       9
       6
       9
      12
       6
       7
       4
       5
       6
      11
       7
       3
       9
       6
       8
       3
       5
       2
       7
       7
       8
       2
       5
       2
       8
       4
       5
       6
       8
       3
       4
       3
      13
       7
       8
       3
       9
      12
       8
      10
       9
       5
       9
       9
      11
       5
       4
       8
      11
       8
       7
       1
       9
       9
       6
       6
       9
       8
       2
       3
       9
      11
       5
      10
       4
       9
       3
       6
       4
       6
       7
       4
       4
       5
       8
       3
       7
       9
       9
       6
       5
       4
       6
       6
      10
       5
       5
       5
      11
       6
       9
       5
       3
       5
       7
       9
       5
       5
       7
       4
       4
       2
       8
       4
       4
       8
       5
       6
      12
      11
      10
       4
       4
       7
       6
       7
       5
       5
       6
       9
       8
       4
       2
      11
       9
      11
       6
       4
       5
       6
       5
      11
       7
       4
       6
       3
      11
       5
       4
       9
       9
       6
      12
       4
      11
      10
       3
       9
       5
       8
       5
       9
       7
       8
      10
       8
       7
       9
       6
       7
       9
       7
       6
       4
       2
       5
       6
       5
       9
       7
       6
      12
       6
       6
      10
       5
       6
       3
       8
       5
       6
       6
       9
       3
       5
       5
       3
       7
       7
       3
       7
       2
      16
       2
       4
       5
       8
      11
       4
       2
      13
       6
       4
       5
       5
       2
       7
       7
      10
       6
       3
      12
       3
       7
       5
       5
       6
       1
       8
       6
       4
       7
       5
       6
       5
       5
       8
       4
       4
       7
      15
       3
       2
       2
       5
       5
       5
       5
       6
       5
       4
       4
       9
       6
       5
       4
       7
       5
       2
       4
       6
       7
       4
       7
       6
       8
       3
       5
       9
       3
       4
       3
       4
       5
       4
      10
       4
       4
       3
       2
       4
      11
       8
       4
       5
       4
       3
       8
       7
       5
       5
       6
       4
       7
       9
       4
       4
       8
       5
      10
       7
       9
       6
       6
       4
       7
       5
       5
      11
       4
       8
       7
       4
       7
       5
      10
       3
       7
       4
       4
       3
       3
       5
       4
       6
       3
       8
      10
       5
       8
       4
       8
       6
       4
       3
       7
       5
       4
      13
       7
       6
       4
       1
       5
       9
       9
      13
       9
       8
      12
       4
      10
      12
      11
       9
       8
       5
       4
       5
       7
       7
       3
       3
       7
       6
      13
       5
       3
       6
       2
       3
       4
       5
       4
       6
       8
       4
       6
       3
       6
       7
       3
       5
       6
      12
       5
       6
       6
       4
       4
       1
       2
       1
       6
       6
       5
       3
       3
       5
       5
       3
       9
       4
       4
       2
       5
       7
       6
       4
       6
       6
       6
       5
       4
       3
       1
       9
      11
       2
       4
       3
       2
       4
       8
       6
       5
       5
       5
       4
       4
       9
       8
       4
       7
       5
       3
       5
       8
       7
       9
       4
       5
       5
       6
       8
       3
       7
       9
       9
       7
       6
       4
       4
       2
       9
       5
       8
       2
       8
       5
      10
       4
       8
       7
       1
       6
       1
       3
       9
       7
       5
       5
       7
       8
       4
       1
       6
       4
       1
       5
       5
      10
       5
       7
       3
       7
      10
       7
       9
       6
       6
       3
       2
       7
       4
       2
       3
       9
       5
       8
       7
       8
       4
       6
       9
       5
       4
       4
       2
       4
       1
       4
       8
       8
       6
       4
       6
       6
       6
       7
       5
       6
       4
       5
       6
       3
       5
       6
       4
       5
       7
       6
       3
       3
       1
       2
       3
       5
       4
       2
       5
       1
       3
       7
       4
       3
       3
       5
       5
       7
       4
       4
       6
       8
       5
       4
       6
       3
       3
       8
       5
       7
       6
       3
       7
       5
       4
       4
       4
       5
       7
       8
       8
       3
       9
       6
       3
       4
       8
       3
       4
       7
       5
       8
       7
       6
       3
       9
       8
      12
       7
       1
       9
       6
      10
       8
       3
       3
       3
      11
       4
       6
       4
       5
       7
       9
       4
       7
       5
      10
       9
       4
       3
       6
       5
       6
       3
       3
       4
       3
       4
       5
       6
       3
       4
       4
       8
       3
       4
       3
       3
       4
       3
       3
       7
       4
       4
       6
       4
       4
       3
       8
       7
       4
       3
       4
      11
       7
       3
       7
       5
       3
       4
       7
       8
       6
       3
       6
       6
       5
       5
       6
       3
       6
       2
       4
       4
       4
       3
       2
       3
       5
       6
       9
       7
       6
       7
       1
       7
      12
       4
       5
       2
       9
       6
       5
       5
       6
       9
       7
       6
       3
       5
       6
       4
       0
       3
       5
       4
       7
       6
       6
       7
       7
       7
       2
       5
       5
       5
      10
       5
       5
       3
       8
       7
       6
       3
      11
       4
       8
       1
       3
       1
       5
       5
       5
       6
      10
       5
       3
       5
       5
       7
       3
       1
       1
       5
       6
       6
       5
      12
       8
       4
       4
       6
       4
       6
       6
       6
       2
       2
       2
      11
       3
       6
       9
       1
       7
       4
       4
       4
       4
       5
       4
       1
       7
       6
       4
       2
       5
       8
       3
       6
       3
       3
       4
       5
       6
       4
       7
       6
       4
       6
       7
       5
       5
       7
       4
       9
       8
       8
       8
       5
       3
       2
       3
       6
       2
       5
       7
       7
       5
       1
       4
       8
       9
       2
       4
       7
       1
       4
       2
       1
       8
       8
       3
      10
       5
       8
       5
       4
       3
       3
       8
       7
       7
       8
       7
       6
       3
      12
       6
      10
       5
      10
       3
       2
       8
       8
       5
       5
       9
       2
       7
       7
       5
       4
       4
       3
       6
       3
       0
       7
       7
       5
       2
       2
       6
       7
       6
       7
       7
       6
       5
       5
       6
       2
       7
       7
       7
       0
       3
       3
       7
       2
       5
       4
       5
       4
       9
       3
       4
       4
       5
       3
       1
       4
       8
       3
       5
       7
       7
       4
       6
       5
       3
       4
       9
       5
       6
       6
       7
       5
       2
       1
       1
       9
       3
       2
       3
       6
       6
       5
       7
       9
       6
       5
       2
       4
       6
       1
       3
       5
       8
       5
       2
       8
       7
       5
       3
       6
       3
       9
      10
       9
       4
       5
       3
       9
       2
       5
       3
       5
       6
      10
      11
       5
       4
       6
       9
       6
      13
      14
      16
      17
      21
      11
      26
      15
      16
      17
      13
      12
       8
       9
       8
      11
       2
       0
       7
       2
       5
       8
       7
       6
       5
       5
       6
       4
       3
       4
       3
       5
       6
       2
       3
       5
       4
       3
       3
       3
       3
       5
       1
       3
       4
       2
       6
       3
       3
       3
       4
      12
       7
       4
       2
       3
       3
       4
       4
       6
       4
       5
       6
       4
       5
       3
       7
       7
       5
       3
       5
       6
       5
       4
       0
       5
       2
       8
       4
       3
       3
       3
       3
       4
       5
       5
       6
       4
       2
       1
       5
       4
       3
       3
       2
       6
       2
       7
       4
       6
       2
       5
       1
       5
       4
       3
       6
       4
       3
       2
       3
       4
       5
       6
       5
       1
       1
       4
       3
       3
       6
       8
       9
       3
       3
       4
       3
       6
       2
       2
       5
       8
       2
       2
       2
       0
       6
       4
       4
       4
       4
       4
       3
       1
       3
       1
       2
       3
       1
       6
       2
       4
       7
       5
       4
       7
       6
       3
       6
       5
       2
       7
       1
       9
       9
       6
       1
       6
       3
       2
       5
       2
      10
       4
       3
       2
       7
       4
       3
       4
       2
       3
       2
       6
       4
       8
       7
       2
       4
       3
       4
       2
       8
       3
       8
       3
       2
       5
       2
       1
       8
       6
       4
       5
       5
       2
       5
       4
       6
       6
       7
       5
       9
       7
       3
       4
       4
       2
       5
       5
       3
       2
       5
       4
       7
       5
       5
       4
       1
       6
       7
       5
       7
       5
       7
       2
       2
       1
       5
       6
       4
       5
       6
      10
       4
       2
       5
       7
       4
       3
       5
       7
       4
       2
       1
       3
       3
       7
      11
       3
       5
       8
       6
       6
       2
       5
       6
       3
       5
       4
       9
       2
       0
       8
       4
       5
       4
       2
       4
       5
       6
       3
       7
       7
       9
       3
       4
       3
       3
       5
       5
       5
       5
       2
       6
       5
       6
       4
       3
       4
       4
       9
       3
       2
       4
       5
       2
       5
       5
       5
       1
       4
       4
       3
       4
       7
       3
       2
       3
       3
       4
       6
       5
       3
       4
       5
       1
       2
       6
       2
       7
      10
       4
       2
       5
       5
       5
       1
       1
       5
       4
       3
       8
       2
       4
       1
       5
       5
       4
       3
       3
       0
       2
       5
       1
       6
       6
       3
       5
       3
       2
       3
       4
       5
       2
       6
       6
       6
       3
       3
       5
       7
       6
       3
       4
       1
       3
       6
       5
       2
       3
       5
       5
       3
       5
       3
       0
       5
       4
       9
       3
       4
       1
      11
       3
       2
       2
       4
       2
       2
       1
       9
       9
       5
       6
       5
       6
       6
       4
       3
       3
       3
       2
       4
       3
       6
       3
       4
       5
       6
       1
       5
       3
       3
       4
       3
       2
       5
       4
       7
       4
       5
       5
       4
       1
       3
       4
       3
       6
       6
       6
       6
       8
       5
       5
       4
       4
       5
       5
       4
       4
       6
       3
       6
       5
       1
       9
       2
       1
       2
       2
       4
       4
       4
       7
       1
       3
       5
       6
       5
       8
       2
       4
       4
       1
       5
       5
       5
       5
       6
       3
       7
       4
       2
       6
       5
       1
       7
       6
       5
       2
       0
       6
       4
       5
       9
       5
       3
       4
       2
       6
       3
       4
       3
       5
       1
       8
       5
       2
       3
       5
       2
       8
       6
       2
       2
       2
       7
       2
       4
       3
       3
       2
       3
       4
       7
       4
       3
       3
       1
       2
       2
       3
       3
       6
       5
       3
       4
       6
       4
       3
       2
       6
       6
       5
       3
       4
       6
       3
       3
       2
       4
       2
       5
       6
       3
       2
       2
       3
       4
       5
       9
       4
       4
       5
       3
       3
       3
       6
       3
       4
       5
       3
       3
       3
       4
       6
       5
       3
       6
       3
       2
       3
       6
       5
       6
       2
       4
       1
       4
       3
       4
       8
       1
       3
       2
       8
       2
       3
       2
       1
       4
       3
       4
       4
       4
       1
       4
       4
       2
       3
       2
       6
       3
       2
       1
       6
       4
       3
       5
       5
       3
       4
       6
       5
       2
       8
       6
       3
       4
       7
       1
       5
       7
       7
       7
       2
       2
       1
       3
       5
       4
       3
       6
       1
       4
       3
       5
       3
       6
       4
       6
       3
       0
       5
       1
       2
       5
       3
       3
       4
       3
       3
       4
       5
       2
       8
       2
       6
       5
       3
       4
       1
       2
       4
       2
       6
       1
       6
       3
       4
       4
       6
       5
       6
       6
       5
       7
       5
       2
       4
       5
       4
       4
       5
       4
       4
       3
       3
       6
       2
       7
       3
       0
       5
       4
       4
       4
       2
       3
       3
       6
       7
       8
       7
       2
       1
       6
       3
       5
       5
       2
       6
       5
       0
       4
       5
       5
       5
       4
       6
       4
       2
       3
       6
       2
       3
       3
       3
       4
       6
       1
       8
       3
       5
       3
       2
       4
       5
       5
       3
       6
       1
       4
       2
       5
       5
       2
       4
       3
       4
       2
       3
       3
       4
       2
       3
       4
       3
       4
       4
       6
       1
       6
       2
       4
       4
       2
       5
       4
       1
       4
       6
       3
       1
       6
       4
       2
       5
       4
       4
       3
       1
       2
       3
       2
       5
       8
       4
       1
       4
       1
       4
       3
       5
       1
       2
       6
       5
       2
       5
       3
       4
       3
       3
       2
       1
       2
       4
       3
       3
       4
       7
       3
       5
       2
       7
       4
       4
       4
       3
       2
       5
       2
       2
       4
       5
       1
       3
       0
       1
       0
       4
       2
       3
       8
       1
       5
       5
       4
       3
       3
       4
       8
       6
       4
       5
       2
       5
       4
       6
       5
       6
       4
       4
       0
       7
       0
       5
       2
       2
       5
       4
       6
       3
       4
       2
       6
       3
       5
       5
       2
       3
       5
       3
       2
       1
       3
       2
       2
       6
       5
       1
       4
       3
       2
       9
       4
       3
       5
       3
       2
       3
       4
       2
       4
       2
       6
       2
       2
       2
       4
       2
       2
       4
       3
       2
       1
       4
       0
       3
       5
       7
       3
       4
       2
       3
       2
       5
       6
       4
       2
       5
       6
       8
       4
       3
       2
       4
       3
       4
       5
       4
       3
       2
       6
       3
       6
       1
       3
       7
       3
       3
       3
       4
       8
       8
       5
       2
       5
       2
       2
       3
       2
       3
       3
       2
       2
       4
       6
       4
       6
       4
       2
       6
       1
       5
       0
       5
       3
       3
       4
       2
       2
       4
       2
       4
       3
       0
       3
       3
       2
       2
       5
       4
       7
       4
       3
       3
       3
       1
       3
       3
       2
       5
       1
       1
       2
       2
       7
       3
       4
       3
       3
       3
       3
       4
       2
       2
       3
       3
       4
       1
       3
       2
       7
       3
       4
       4
       6
       3
       5
       3
       2
       4
       2
       6
       5
       4
       2
       2
       4
       0
       4
       2
       3
       4
       2
       6
       4
       3
       4
       2
       4
       6
       2
       2
       3
       2
       1
       6
       3
       2
       3
       1
       2
       5
       4
       3
       7
       2
       4
       3
       1
       4
       3
       1
       2
       3
       2
       3
       1
       2
       1
       1
       2
       1
       1
       5
       7
       3
       3
       1
       4
       2
       3
       4
       2
       2
       5
       5
       5
       2
       3
       4
       6
       6
       0
       4
       4
       1
       7
       4
       1
       0
       2
       3
       2
       3
       2
       6
       2
       3
       6
       5
       4
       3
       3
       4
       3
       7
       4
       4
       3
       5
       4
       4
       3
       1
       6
       3
       2
       6
       2
       2
       5
       1
       8
       3
       1
       4
       6
       2
       1
       2
       2
       7
       6
       4
       6
       6
       3
       3
       4
       5
       4
       2
       3
       3
       2
       1
       4
       5
       3
       2
       6
       3
       5
       4
       3
       6
       4
       3
       2
       2
       4
       2
       3
       3
       4
       4
       3
       4
       5
       4
       1
       3
       6
       6
       5
       5
       5
       7
      11
       5
       3
       9
       4
       8
       8
       5
      12
       7
       5
       3
       7
       4
       7
       2
       1
       2
       4
       6
       3
       3
       1
       1
       4
       3
       4
       2
       4
       3
       4
       3
       7
       3
       6
       4
       2
       3
       4
       2
       0
       3
       4
       2
       5
       4
       8
       5
       7
       1
       1
       1
       2
       1
       7
       2
       2
       6
       3
       5
       4
       4
       1
       4
       6
       6
       4
       2
       1
       3
       2
       5
       3
       6
       1
       4
       5
       1
       3
       4
       1
       2
       5
       4
       2
       3
       1
       2
       1
       2
       7
       1
       3
       5
       2
       2
       3
       0
       4
       4
       4
       2
       2
       2
       1
       0
       4
       3
       5
       4
       0
       4
       5
       4
       2
       3
       1
       8
       4
       3
       5
       2
       6
       1
       3
       5
       1
       5
       3
       7
       6
       2
       2
       3
       2
       3
       4
       3
       4
       5
       5
       0
       3
       3
       3
       7
       4
       4
       7
       2
       3
       7
       7
       7
       5
       3
       7
       2
       5
       4
       3
       5
       3
       2
       3
       1
       3
       4
       5
       4
       2
       2
       0
       3
       4
       5
       5
       5
       4
       3
       3
       2
       0
       4
       2
       4
       3
       2
       5
       4
       5
       4
       6
       1
       2
       1
       2
       3
       4
       1
       0
       4
       3
       4
       3
       3
       3
       0
       6
       2
       3
       1
       6
       3
       7
       3
       6
       2
       2
       5
       2
       4
       5
       4
       3
       2
       4
       3
       4
       4
       4
       6
       3
       4
       5
       2
       5
       0
       1
       2
       7
       4
       1
       6
       4
       2
       4
       3
       2
       4
       1
       2
       3
       2
       2
       6
       3
       3
       3
       5
       4
       2
       3
       3
       6
       2
       2
       1
       4
       4
       3
       3
       1
       3
       4
       2
       4
       1
       6
       3
       2
       3
       1
       9
       4
       1
       1
       1
       2
       4
       4
       4
       5
       2
       4
       3
       5
       5
       4
       2
       1
       3
       4
       2
       2
       3
       2
       4
       4
       3
       4
       3
       5
       7
       2
       2
       3
       5
       5
       4
       5
       1
       0
       4
       6
       4
       5
       3
       4
       2
       3
       4
       3
       3
       3
       4
       2
       7
       3
       4
       2
       2
       5
       3
       8
       6
       0
       8
       2
       3
       1
       5
       2
       9
       2
       0
       3
       4
       9
       5
      13
       4
      10
       6
      10
       8
       7
       4
       6
       9
      12
       2
       1
       4
       5
       4
       1
       4
       5
       1
       2
       3
       3
      12
       2
       2
       3
       3
       1
       2
       4
       2
       5
       4
       6
       3
       5
       4
       5
       5
       5
       1
       6
       2
       4
       4
       3
       9
       4
       3
       3
       2
       1
       4
       4
       3
       2
       1
       1
       5
       3
       5
       3
       0
       1
       3
       5
       4
       4
       2
       2
       2
       3
       1
       3
       3
       6
       3
       2
       2
       2
       3
       5
       7
       8
       5
       1
       8
       3
       3
       1
       5
       3
       4
       5
       4
       7
       4
       5
       4
       1
       3
       2
       4
       1
       4
       7
       6
       3
       3
       3
       5
       3
       4
       3
       3
       5
       1
       2
       2
       5
       2
       1
       1
       5
       0
       4
       8
       2
       1
       5
       3
       1
       2
       6
       3
       0
       3
       3
       5
       2
       5
       5
       3
       1
       2
       2
       6
       6
       2
       1
       1
       1
       5
       0
       4
       1
       3
       4
       2
       6
       3
       7
       3
       1
       6
       4
       3
       2
       8
       3
       3
       4
       5
       2
       1
       8
       5
       1
       3
       1
       1
       3
       2
       5
       5
       0
       3
       2
       4
       4
       6
       2
       4
       4
       3
       6
       3
       8
       2
       0
       2
       4
       2
       3
       3
       5
       9
       2
       3
       2
       2
       3
       4
       2
       1
       3
       5
       2
       1
       7
       2
       4
       4
       4
       0
       0
       0
       0
       0
       0
       0
       0
       0
       0
       0
       0
       0
       0
       0
       0
       0
       0
       0
       0
       0
       0
       0
       0
       0
       0
       0
       0
       0
       0
       0
       0
       0
       0
       0
       0
       0
       0
       0
       0
       0
       0
       0
       0
       0
       0
       0
       0
       0
       0
       0
       0
       0
       0
       0
       0
       0
       0
       0
       0
       0
       0
       0
       0
       0
       0
       0
       0
       0
       0
       0
       0
       0
       0
       0
       0
       0
       0
       0
       0
       0
       0
       0
       0
       0
       0
       0
       0
       0
       0
       0
       0
       0
       0
       0
       0
       0
       0
       0
       0
       0
       0
       0
       0
       0
       0
       0
       0
       0
       0
       0
       0
       0
       0
       0
       0
       0
       0
       0
       0
       0
       0
       0
       0
       0
       0
       0
       0
$ROI:
0
$PRESETS:
None
0
0
$ENER_FIT:
-2.173939 0.279251
$MCA_CAL:
3
-2.173939E+000 2.792507E-001 0.000000E+000 keV
$SHAPE_CAL:
3
1.571259E+001 -1.155430E-003 0.000000E+000
