$SPEC_ID:
226Ra
$SPEC_REM:
DET# 1
DETDESC# MCB 132 Input 1
AP# Maestro Version 6.06
$DATE_MEA:
02/09/2022 12:00:30
$MEAS_TIM:
80661 80668
$DATA:
0 8191
       0
       0
       0
       0
       0
       0
       0
       0
       0
       0
       0
       0
       0
       0
       0
       0
       0
       0
       0
       0
       0
       0
       0
       0
       0
       3
    1862
   11874
     693
     251
     238
     246
     260
     257
     246
     264
     288
     245
     246
     223
     246
     241
     251
     268
     241
     178
     207
     185
     157
     144
     161
     157
     157
     180
     175
     141
     147
     127
     145
     126
     142
     122
     134
     137
     109
     106
     103
     114
     106
     119
     131
     105
     107
     102
     112
      84
     105
     112
     100
      98
     101
      79
     101
     103
      83
      99
      86
      74
     107
      93
      92
      96
      82
      76
      87
      76
      89
      94
      69
      81
      71
      78
      77
      81
      68
      76
      75
      73
      72
      81
      69
      61
      79
      77
      83
      81
      76
      73
      61
      59
      57
      73
      80
      70
      66
      66
      64
      57
      78
      60
      69
      59
      58
      57
      62
      60
      59
      63
      67
      73
      60
      60
      65
      59
      71
      50
      57
      66
      55
      52
      67
      63
      55
      65
      47
      50
      57
      52
      53
      56
      66
      58
      57
      55
      61
      63
      62
      49
      69
      64
      69
      92
     112
     105
      97
      69
      71
      51
      53
      68
      65
      50
      54
      39
      55
      61
      58
      50
      50
      45
      53
      44
      62
      55
      66
      48
      79
      66
      83
      63
      53
      59
      49
      57
      61
      63
      71
      59
      62
      61
      49
      62
      55
      48
      64
      67
      70
      67
      77
      85
      82
      64
      55
      61
      74
      74
      61
      63
      61
      63
      98
     128
     186
     207
     173
     114
      81
      71
      61
      65
      58
      62
      69
      67
      57
      70
      72
      67
      65
      90
      71
      59
      63
      62
      72
      83
      67
      65
      58
      64
      76
      71
      51
      67
      72
      72
      72
      89
      73
      75
      73
      76
      94
     139
     135
     168
     130
      74
      82
      76
     100
     116
     156
     115
     103
      82
      81
      77
      68
      68
      80
      84
      71
      67
      93
      86
      94
      93
      62
      84
      69
      76
      68
      71
      75
     102
     109
     132
     117
     118
     113
     124
      75
      75
      69
      77
      78
      90
      97
      99
     100
      90
      73
      80
      71
      83
      87
      68
      90
      88
      92
      71
      70
      67
      90
     162
     267
     368
     394
     342
     226
     136
     108
      83
      90
      75
      70
      87
      71
      71
      70
      73
      71
      65
      60
      70
      82
      92
      76
      90
      84
      88
      69
      60
      55
      62
      71
      73
      56
      71
      63
      78
      57
      64
      78
      56
      80
      80
      82
      55
      74
      68
      63
      61
      75
      76
      53
      66
      77
      61
      62
      83
      69
      72
      74
      80
      81
      72
      73
      61
      53
      51
      77
      71
      71
      66
      65
      74
      86
      82
      99
      83
      71
      68
      80
      88
      70
      65
      64
      79
      63
      68
      83
      81
      74
      60
      73
      78
      72
      82
      75
      61
      62
      56
      72
      66
      72
      71
      75
      62
      80
      70
      87
      91
      79
      67
      89
      74
      75
      83
      74
      67
      73
      71
      69
      65
      80
      72
      62
      68
      71
      80
      65
      59
      60
      67
      72
      81
      71
      77
      59
      67
      68
      71
      62
      64
      75
      70
      63
      73
      64
      53
      65
      82
      59
      72
      77
      63
      68
      93
      68
      57
      75
      73
      72
      67
      66
      74
      69
      71
      78
      77
      73
      57
      71
      74
      78
      81
      74
      72
      87
      81
      80
      79
      83
      82
      83
      70
      80
      92
     109
     109
     120
      90
      80
      76
      73
      75
      67
      63
      64
      60
      87
      78
      76
      82
      72
      57
      61
      64
      71
      58
      77
      77
      57
      64
      71
      64
      82
      69
      50
      73
      71
      59
      71
      56
      66
      80
      72
     102
      70
      64
      77
      75
      73
      52
      66
      72
      75
      52
      70
      71
      60
      57
      78
      69
      73
      66
      58
      66
      67
      56
      76
      61
      76
      66
      63
      76
      54
      80
      70
      88
      86
      75
      68
      79
      66
      58
      74
      73
      65
      68
      64
      78
      62
      65
      59
      66
      60
      89
      69
      66
      54
      72
      58
      55
      60
      73
      53
      56
      65
      51
      68
      69
      55
      65
      64
      80
      59
      69
      75
      75
      61
      73
      76
      57
      70
      59
      55
      67
      68
      59
      59
      61
      55
      61
      66
      64
      69
      61
      62
      75
      63
      60
      78
      57
      72
      81
      69
      89
      79
      60
      58
      68
      84
      58
      64
      54
      86
     129
     217
     289
     289
     251
     156
     105
      86
      77
      53
      58
      57
      59
      60
      67
      63
      62
      60
      68
      51
      61
      69
      67
      57
      56
      60
      66
      48
      56
      66
      65
      57
      68
      51
      60
      66
      57
      65
      58
      65
      62
      60
      60
      48
      69
      76
      66
      63
      68
      72
      63
      65
      58
      62
      63
      52
      71
      54
      59
      47
      50
      55
      66
      72
      52
      70
      67
      61
      53
      53
      68
      59
      75
      80
      82
      69
      48
      58
      46
      65
      52
      55
      57
      59
      53
      68
      66
      55
      60
      57
      58
      60
      49
      55
      48
      61
      55
      61
      48
      55
      49
      48
      74
      47
      56
      49
      60
      44
      55
      74
      53
      54
      64
      59
      53
      58
      53
      55
      64
      51
      59
      41
      54
      71
      63
      56
      66
      48
      48
      56
      51
      56
      47
      45
      48
      52
      48
      54
      56
      43
      31
      54
      61
      56
      54
      58
      49
      50
      54
      58
      52
      43
      48
      37
      49
      50
      62
      46
      50
      42
      57
      51
      65
      53
      46
      49
      55
      51
      41
      43
      49
      41
      51
      63
      50
      58
      52
      56
      48
      45
      58
      59
      56
      65
      44
      53
      44
      41
      66
      61
     112
     130
     125
     104
      94
      55
      57
      58
      59
      60
      57
      62
      64
      81
      89
      72
      63
      61
      43
      44
      46
      42
      52
      51
      55
      47
      46
      38
      39
      47
      38
      38
      46
      42
      38
      50
      45
      52
      41
      44
      42
      50
      56
      36
      54
      40
      43
      51
      40
      61
      43
      52
      53
      40
      38
      55
      43
      29
      49
      43
      47
      45
      39
      43
      54
      62
      51
      40
      61
      47
      52
      48
      66
      48
      44
      45
      49
      46
      41
      45
      51
      53
      36
      37
      44
      53
      38
      61
      48
      35
      43
      34
      44
      49
      47
      39
      53
      37
      39
      42
      45
      49
      33
      44
      36
      39
      39
      44
      47
      42
      49
      34
      55
      45
      56
      58
      56
      50
      55
      50
      48
      42
      35
      42
      45
      39
      42
      35
      45
      44
      47
      46
      46
      41
      43
      39
      37
      47
      40
      46
      42
      50
      46
      32
      39
      57
      34
      40
      47
      50
      36
      44
      38
      46
      26
      33
      41
      38
      43
      38
      34
      36
      38
      42
      38
      35
      41
      35
      37
      49
      40
      37
      31
      36
      42
      49
      27
      36
      45
      47
      26
      42
      33
      40
      33
      41
      41
      36
      21
      30
      40
      40
      39
      29
      30
      39
      43
      45
      38
      36
      39
      42
      57
      92
     116
     111
      71
      64
      42
      48
      46
      45
      47
      33
      47
      35
      29
      36
      33
      32
      42
      48
      51
      40
      48
      35
      31
      41
      31
      27
      46
      35
      40
      30
      38
      40
      28
      36
      30
      36
      41
      32
      27
      26
      30
      36
      32
      36
      35
      23
      27
      31
      24
      39
      31
      25
      36
      34
      44
      33
      36
      43
      29
      38
      43
      45
      29
      36
      55
      44
      26
      39
      42
      26
      37
      45
      41
      25
      27
      30
      41
      33
      38
      31
      42
      47
      31
      30
      42
      29
      37
      36
      32
      33
      35
      27
      31
      38
      35
      33
      38
      41
      35
      43
      42
      38
      35
      29
      28
      29
      33
      34
      32
      40
      37
      32
      37
      27
      39
      39
      41
      36
      32
      43
      37
      35
      42
      44
      45
      34
      31
      44
      27
      37
      38
      30
      45
      26
      26
      35
      30
      34
      34
      26
      34
      34
      20
      43
      28
      24
      34
      39
      32
      28
      41
      27
      42
      38
      53
      40
      46
      40
      27
      38
      32
      41
      39
      33
      35
      34
      22
      27
      30
      32
      29
      25
      34
      28
      32
      34
      31
      37
      28
      34
      34
      27
      34
      37
      30
      28
      31
      40
      28
      28
      35
      35
      20
      33
      30
      28
      22
      32
      29
      44
      67
      95
     117
     122
     119
     111
      78
      46
      36
      30
      30
      39
      36
      26
      32
      31
      30
      21
      28
      40
      30
      41
      31
      26
      33
      26
      25
      26
      31
      31
      24
      25
      28
      28
      27
      25
      32
      29
      27
      39
      28
      25
      31
      31
      28
      30
      25
      22
      26
      30
      30
      31
      22
      33
      32
      30
      30
      36
      30
      31
      21
      33
      29
      28
      26
      40
      27
      26
      38
      23
      31
      36
      32
      25
      29
      28
      23
      32
      24
      20
      33
      17
      21
      33
      24
      28
      22
      36
      32
      28
      39
      23
      29
      22
      30
      32
      26
      29
      27
      30
      24
      22
      34
      32
      24
      37
      33
      29
      35
      24
      23
      30
      38
      30
      30
      26
      20
      25
      29
      29
      27
      31
      21
      34
      23
      34
      26
      33
      33
      21
      23
      33
      37
      37
      27
      29
      39
      30
      26
      29
      35
      24
      17
      25
      28
      23
      24
      27
      12
      23
      31
      29
      31
      30
      29
      27
      34
      34
      45
      22
      28
      20
      26
      26
      29
      19
      32
      29
      25
      31
      30
      28
      37
      14
      27
      25
      36
      32
      20
      26
      28
      30
      26
      26
      23
      33
      24
      27
      25
      27
      26
      35
      18
      31
      33
      33
      20
      34
      26
      34
      28
      37
      20
      33
      21
      28
      22
      19
      34
      30
      42
      28
      29
      25
      21
      19
      19
      32
      26
      26
      33
      34
      29
      26
      20
      33
      22
      33
      17
      32
      20
      23
      24
      15
      22
      14
      23
      21
      20
      24
      24
      21
      20
      23
      21
      22
      26
      29
      23
      18
      24
      28
      26
      33
      26
      22
      16
      27
      21
      31
      20
      18
      12
      20
      24
      20
      25
      23
      30
      28
      28
      26
      33
      27
      25
      31
      29
      28
      19
      18
      18
      33
      17
      28
      23
      25
      25
      30
      28
      18
      22
      34
      40
      49
      78
     139
     149
     145
     117
      93
      55
      35
      25
      34
      28
      20
      16
      22
      23
      19
      25
      18
      27
      21
      32
      29
      24
      19
      22
      19
      27
      25
      20
      19
      27
      22
      22
      24
      32
      21
      23
      26
      28
      26
      16
      30
      22
      23
      24
      20
      23
      26
      21
      21
      18
      24
      26
      28
      21
      26
      15
      16
      25
      25
      24
      25
      20
      23
      14
      32
      23
      12
      27
      20
      25
      21
      22
      20
      25
      18
      18
      20
      28
      33
      19
      21
      25
      24
      19
      26
      19
      20
      17
      28
      17
      23
      34
      22
      20
      27
      19
      18
      22
      14
      19
      20
      24
      30
      27
      16
      21
      28
      25
      23
      23
      20
      20
      19
      30
      19
      17
      30
      14
      16
      26
      22
      29
      24
      32
      26
      25
      25
      26
      29
      15
      17
      28
      23
      20
      25
      26
      21
      22
      22
      23
      19
      21
      21
      23
      21
      17
      23
      25
      18
      19
      31
      22
      20
      19
      17
      14
      29
      27
      23
      17
      13
      14
      17
      20
      21
      21
      20
      18
      22
      23
      19
      22
      15
      20
      19
      12
      31
      14
      19
      15
      20
      21
      15
      16
      15
      17
      19
      18
      20
      20
      28
      21
      19
      23
      16
      19
      21
      13
      17
      19
      25
      25
      15
      17
      17
      24
      21
      20
      18
      17
      20
      18
      17
      21
      17
      16
      25
      20
      12
      20
      15
      29
      21
      14
      21
      19
      19
      24
      13
      18
      23
      19
      19
      16
      24
      20
      16
      21
      22
      19
      19
      27
      18
      13
      22
      17
      19
      23
      14
      29
      12
      27
      17
      15
      20
      16
      23
      17
      25
      18
      35
      20
      21
      22
      24
      32
      33
      34
      30
      44
      49
      47
      69
     103
     108
     112
     154
     154
     131
     137
     114
     108
      69
      70
      42
      50
      31
      28
      26
      22
      21
      15
      25
      18
      16
      21
      23
      20
      13
      13
      21
      19
      18
      12
      12
      21
      21
      22
      20
      18
      15
      18
      15
      20
      18
      17
      15
      21
      23
      13
      22
      20
      19
      23
      14
      21
      17
      14
      17
      16
      14
      14
      20
      21
      15
      14
      14
      18
      24
      20
      17
      15
      13
      12
      11
      13
      21
      17
      14
      18
      19
      20
      26
      14
      24
      15
      19
      18
      14
      16
      17
      19
      18
      18
      10
       8
      17
      20
      17
      13
      25
      16
      14
       9
      15
      11
      12
      19
      15
      18
      12
      19
      15
      14
      28
      17
      21
      23
      21
      24
      12
      12
      12
      10
      20
      18
      16
      11
      14
      19
      14
      13
      12
      19
      17
      13
      14
      10
      17
      17
      18
      13
      18
      13
      21
      15
      13
      17
      22
      15
      19
      17
      13
      17
      11
      15
      24
      19
      19
      17
      19
      14
      15
      10
      17
      21
      17
      14
      20
      11
      20
       8
      15
      18
      17
      11
      12
      14
      22
      18
      18
      13
      20
      15
       8
      13
      14
      15
      16
      14
      14
      15
      19
      14
      17
      17
      10
       8
      15
      15
      20
      25
      17
      18
      21
      19
      13
      14
      11
      14
      16
      15
      13
      14
      18
      30
      22
      26
      27
      24
      17
      15
      21
      15
      12
      13
      17
      18
      15
      19
      14
      13
      20
      16
      16
      18
      17
      13
      15
      10
      17
      14
       8
      15
      11
      15
      12
      10
      11
      16
      10
      13
      17
      10
      11
      21
      13
      21
       9
      11
      16
      19
      24
      22
      22
      27
      32
      26
      23
      10
      13
      15
      22
      16
      18
      12
      16
       7
      18
       9
      15
      17
      19
       5
       6
      14
       9
      10
      17
      15
      16
       9
      12
      13
      10
      11
      16
      18
      15
      11
      17
      10
       9
      20
      15
      14
      18
      12
       9
      13
      24
      16
      14
      13
      18
      19
      15
      17
      17
      13
      14
      17
      18
      18
      18
      14
      13
       8
      13
      19
      13
      10
      16
      19
      14
      13
      20
      17
      11
      21
      19
      11
      19
      12
      13
      16
      19
       7
       4
      14
      24
      15
      15
      18
      28
      31
      58
      59
      65
      93
      87
      79
      54
      36
      27
      16
      15
      15
      15
      12
      18
      22
      25
      49
      69
      79
      99
     111
      93
      87
      55
      31
      34
      14
       8
      12
      10
      16
      19
      14
      20
      10
      12
      11
      13
       8
      15
      15
      18
      12
       8
      13
      21
      13
      14
      13
       9
      14
       7
      11
      13
      18
       9
      12
       7
      13
      27
       9
      10
      15
      13
      11
      11
      18
      19
      10
      11
       9
       8
      16
      10
      20
      12
      12
      14
      19
      14
      11
      14
      11
      11
      11
      21
      15
      19
      17
      14
       7
      10
      14
      11
       9
      15
      13
      17
       9
       7
      16
      18
      10
       8
      19
       8
      15
       9
      16
      10
      15
      13
      12
      13
      16
       9
      11
      11
      13
      18
      18
      10
      17
      13
       9
       8
      12
      13
      12
      16
       9
      18
      17
       8
       8
      11
      15
      16
       8
      15
       9
      10
      12
      10
      13
      15
      10
      14
      11
      15
      17
      11
       4
      12
       9
       7
      10
      11
       9
      16
      12
      14
       5
      16
       9
      16
       6
      14
       8
      14
       9
      12
      10
       8
      12
      12
       8
      20
      14
       5
       6
      12
       9
      20
      13
      47
      45
      97
     118
     145
     116
     121
      74
      68
      47
      18
      15
      16
      12
      12
      12
      12
      13
      11
      16
      11
       7
      10
      13
      12
      11
      12
      12
       7
      15
      12
      17
       9
      16
      17
      10
       9
      17
      13
       8
      10
      12
      15
      10
       9
      10
      11
       6
      10
      16
      11
      10
       4
      11
       7
      11
      13
       7
      11
      10
      17
      13
      12
       7
      12
      19
      15
       8
      10
      13
       9
      13
      12
       7
      10
      17
      11
      10
       9
      13
      13
       8
      14
      12
      11
      14
      10
      10
      10
      17
      18
       9
       9
      14
      18
       8
      10
       9
      13
       7
      12
       8
      10
      12
      11
      11
      15
      12
       4
      14
      16
       9
      10
      11
       7
      13
      10
      12
      17
      12
      18
      16
       8
      15
      18
      18
       8
      16
      15
      11
      10
      11
      10
      11
       9
       9
      11
      13
       9
      13
      15
      14
      11
      12
       9
      14
      11
      12
      15
      12
      15
      10
      17
      15
      12
       9
      18
      18
       8
      14
      15
      11
       8
       9
      15
       4
      10
      12
      11
      12
      10
      15
      14
      13
       6
       9
       9
       8
      11
      11
      12
      17
      11
       9
      11
      12
      11
      11
      16
       6
      17
      14
       9
       9
       7
      11
      10
      16
       8
      11
       9
       6
       6
       9
      12
      12
      10
      11
       9
      10
      14
      14
      11
      12
       8
       9
      11
      19
      13
      24
      43
      52
      76
      63
      75
      78
      58
      45
      38
      19
      11
      10
      11
      10
      14
      14
       9
      10
      14
      18
      17
      12
      12
       7
      11
       8
       9
      13
      13
      13
      11
      11
      11
       7
       6
       9
       7
      11
      15
      11
       8
       5
      14
      11
      11
      12
       8
      12
       6
      14
      12
      13
       7
      11
      11
      12
       6
      11
       5
       9
       9
       8
      11
      13
      12
      13
      16
       9
       5
      10
       8
      10
      14
       9
      14
      15
      17
       9
      13
      12
      12
       9
      12
       5
      11
       8
       6
      10
       9
       8
      10
       9
      10
      11
      18
      11
      13
      11
      17
       7
      12
       9
      13
       8
       8
       9
       6
      10
       5
      10
       6
       7
      11
      13
      16
       9
      11
      13
      12
      11
       6
      13
       8
      14
      10
       8
      11
      14
       7
      14
      10
      11
      10
      12
      11
      16
       9
      11
      11
      10
      16
      11
       6
      12
      14
       7
       9
       8
      14
      11
      11
       8
      11
      11
      15
      16
       8
      14
      15
      14
      21
      16
      13
      17
      22
      13
      10
      21
      11
      13
      12
       6
      10
      11
      11
       6
      16
      14
      13
       6
       7
       5
      12
       7
      11
       9
      10
       3
       9
       7
       8
      13
       8
       9
       7
       5
       3
       9
       7
       8
      14
      11
       7
      11
       9
       9
       9
       7
       8
      12
      10
      16
      13
      10
      10
       9
      10
      14
      11
       4
       9
      11
       4
      15
      11
       8
       9
       9
      10
      12
       7
      11
       9
       6
       7
       9
       4
      14
       6
      10
       5
      12
       7
      15
       5
      13
      13
       8
       6
       8
      11
       7
      11
      12
      10
       7
       9
      11
      12
      12
       8
      17
      14
      14
      16
       8
       8
       8
      10
      11
      13
      10
      12
       6
      13
       5
      10
      15
       7
       9
      13
       7
       8
      10
       3
       9
       3
      15
       8
       5
       8
      14
       7
      11
      19
      12
      11
      11
       7
       7
       5
       9
       7
      19
       5
       6
       9
       5
      11
      13
       8
       4
      11
       7
       8
      14
      11
      11
      10
       6
      11
       8
       4
       7
       7
       9
       9
       4
       8
      13
      10
      17
       6
       7
       7
       7
       6
       5
      10
       5
       7
       6
      13
      10
       9
       8
       6
       9
      12
      12
       7
       7
       2
       7
      10
       8
      12
       5
       6
      12
      13
       9
       5
      11
       5
      15
       5
       5
       3
       4
      11
      12
      10
       5
      10
      12
      10
       9
      14
       7
       5
       7
      11
      10
       7
      10
      12
      11
       8
       5
       4
       6
       9
      10
       8
       9
      10
       5
      12
       8
       2
      11
       6
       8
       6
      10
       9
      13
      10
      17
       8
       8
       7
      11
       9
       6
       7
      11
       8
       5
      11
      10
       6
       8
      15
      11
       7
      12
      14
      12
       9
       9
       8
      10
       8
       5
      17
      10
       6
      11
       7
      13
      11
       4
       9
      13
       9
       7
       9
      12
       9
      16
      12
       6
       6
      10
      14
      14
       8
      10
      11
       8
       9
       7
       7
       8
      11
       8
       9
       5
       6
      13
      13
       8
       7
       8
       6
      11
       9
       9
       5
      10
       9
      13
       4
       5
       7
       9
       8
       8
      12
      10
       7
       7
       8
       7
      13
       9
      10
       7
       6
       8
       9
      10
       3
      15
      11
       4
       8
      16
       4
       8
      11
       9
      12
       3
      12
      12
       8
       4
      10
       9
       8
       5
       6
       8
      10
       9
       8
       7
       9
      14
      14
       7
       9
      12
      11
       9
       3
       8
       3
       7
       8
       9
       3
       8
       7
       7
      12
       9
       9
      13
       5
      11
       5
       7
       5
       8
       8
       6
      11
       6
       4
       9
       9
       9
      11
       8
      10
       7
       9
       8
       5
       7
       7
       5
       7
      12
       5
       8
      10
       4
      12
      14
      11
       8
      10
       5
      15
      12
      14
       8
       9
       8
       9
       7
       6
      10
       7
       6
       8
      11
       6
       7
      12
      10
       9
       7
       8
      10
       8
       5
       7
       3
       8
      12
       6
       8
       6
       5
       9
       9
      10
       9
      12
      12
       8
       8
       6
      11
      14
       5
       9
       6
       5
       8
       7
       8
       5
       7
       9
       6
       9
       6
       8
      11
       8
      10
       6
      16
      10
       8
      11
       6
       6
      12
       5
       7
       7
      10
       5
       6
       6
       8
       9
       9
       7
      10
       8
      13
      13
      11
       9
      15
      16
      16
      13
      23
      20
      22
      22
       9
      17
      11
       6
       9
      11
       6
       3
       7
       8
       7
       5
       8
       9
       5
      15
       8
       4
       7
       9
       4
       8
       5
      11
       7
       6
       4
       4
       9
       4
       5
       9
       6
       8
       8
       9
       7
       0
       5
      12
       7
       3
       9
       7
       3
       9
      12
       6
       4
       8
       5
      10
       4
      10
       3
       8
       2
      11
       5
       6
       6
       9
       4
       9
       4
       8
       6
       8
       4
       5
       6
      11
       7
       7
       8
       9
       7
       7
       7
      18
       7
       5
      12
      11
       6
       9
       8
       9
       2
      11
       5
       8
       8
       8
       9
       8
      10
       6
       8
       2
      11
      10
       2
       6
      12
       4
       5
       8
       4
       2
       9
       7
       4
      10
       8
       7
       7
       6
       9
       8
      11
       9
      11
       5
       7
       4
       5
       9
       3
       2
       4
       4
      10
       7
       7
       7
       6
       4
       9
       4
       3
      13
       8
      10
       4
       9
       7
       5
       9
       7
       6
       4
       7
       7
       7
       7
       6
      10
      11
       5
       8
       7
       7
      10
       6
       9
       5
       3
      12
       6
      14
       4
       8
       7
       7
       9
      10
       3
       6
      10
      13
      13
      15
      14
      11
      12
      13
      11
       6
       8
      12
       7
      10
       6
      12
       4
       5
       5
      17
       7
      12
      10
      10
      10
       8
      16
      13
       8
       8
       5
       9
      12
      11
       6
       8
       6
       5
       9
       6
       7
       7
      10
       4
       7
      10
       5
       8
       6
       7
       4
      12
       9
       8
       6
       4
       6
      10
       4
       6
       8
       4
       7
       1
      10
       6
       5
       6
       9
       5
       3
      11
       7
       8
      10
       3
      10
       6
       4
       5
       6
       7
       5
       6
       1
       3
       2
       7
      10
      10
      10
       6
      10
      10
      15
       4
      10
       7
       8
       1
      12
       6
       5
       7
      10
      12
       8
       8
       4
       6
       3
       6
       6
       7
       3
       8
       3
       8
       9
       5
       5
       4
       6
      10
       6
       6
       5
       7
       4
      11
       6
      14
       9
      10
      11
       9
      15
      12
      12
      11
      14
      10
      15
      13
       6
      12
      10
       6
       5
       2
       7
       6
       7
       8
       7
       4
       7
       4
       3
       2
       9
       3
       5
       7
       8
       7
       3
       8
       8
       4
       7
       8
       7
       6
       5
       7
       4
      12
       9
       6
       7
       7
       8
       5
       5
      10
       1
      11
       3
      11
       7
      13
      10
       4
      10
       6
       7
       8
       5
       4
       8
       5
       2
       8
       6
       7
       2
       7
       8
      11
       8
       3
       8
       9
       6
       4
       5
       5
       7
       3
       7
       6
       7
       8
       4
      10
       7
       5
       6
       5
       4
       7
       1
       6
       8
       5
       4
       4
       3
       5
       9
       8
       5
       4
       8
       9
       6
      14
      11
       4
       6
      11
       6
       5
       6
       9
       3
       5
       1
       4
       3
       6
       4
       9
       3
       8
       3
       7
       5
       6
       3
       4
       7
       6
       5
       3
       8
       5
       6
       5
       3
       7
       7
       4
       4
      10
       9
       5
       5
       9
       8
       6
       8
       5
       6
       8
      10
       6
      12
       7
      13
       5
       1
       9
       6
       8
       5
       4
       7
       7
       5
       6
       2
       4
       3
       9
       4
       9
       2
       9
       5
       4
       9
       2
       6
       4
       7
       8
       1
       4
       9
      12
       6
       2
      10
       7
       8
       6
       7
       3
      10
       4
       3
       5
       5
       9
       4
       8
       5
       6
       7
       4
       6
      11
       8
       7
       4
       8
       7
      13
       5
       5
      16
       7
       7
       9
      11
      13
       6
       8
       9
       9
       9
       9
       7
       8
       4
       4
       1
       8
       4
       6
       5
       7
       5
       8
       3
       7
       0
       9
       4
       8
       5
       5
       7
       7
       9
      11
       1
       5
       5
       9
       9
       7
       5
       5
       7
       6
       6
       2
       2
       3
       2
       8
       4
       7
       9
       7
      12
      12
       4
       9
       6
       3
       5
       5
       7
       5
       8
       4
       7
       4
       4
       6
       1
       7
      10
       4
       9
       9
       4
       7
       8
       3
       6
       5
       6
       5
       3
       7
       6
       2
       9
       4
       1
       4
       6
       4
       7
       4
       9
       5
       5
       3
       2
       3
       4
       3
       9
       6
       6
       4
       9
       7
       7
       9
       8
       7
       5
       6
       4
       8
       3
       5
       9
       6
       9
       6
       7
       7
       3
       3
       8
       7
       3
       5
       5
       7
       7
      12
      11
       4
       8
       1
       6
       7
       5
       3
       4
       2
       5
       5
      11
       7
       4
       5
       6
       3
       5
       3
       3
       5
       9
       9
       3
       7
       8
       1
       5
       5
       9
       4
       8
       5
       7
       4
       2
       6
       8
       6
       9
       3
       3
      10
       5
      10
       7
       6
       9
       7
       6
       8
       9
       4
       7
       5
      11
       8
       7
      12
       9
      11
      14
      10
      14
      20
      15
      15
      11
      13
      15
       8
       6
       8
       6
       6
       5
       7
      10
       3
       7
       5
       2
       3
       7
       6
      11
       4
       2
       5
       5
       3
       9
      10
       4
       8
       1
       4
       9
       4
       5
       9
       1
       1
      10
       7
       4
       2
       4
       7
      10
       4
       5
       6
       5
       3
       2
       6
       5
       7
      10
       3
       6
       5
       5
       5
       5
       5
       6
       7
       7
       4
       5
       5
       5
       9
       2
       9
       3
       3
       4
       5
       2
       5
       5
       7
       6
       7
       4
       7
       3
       7
       8
       5
       5
       6
       6
      11
       7
       3
       6
       3
       6
       6
       4
       3
       4
       5
       6
       1
       4
       4
       2
       3
       6
       2
      11
       5
       4
       4
       3
       6
       8
       5
       4
       3
       5
       5
       8
       9
       6
       6
       4
       8
       6
       5
       4
       9
       3
       4
       6
       8
       4
       6
       5
       6
       3
       3
       6
       5
       7
       6
       6
       3
       1
       8
       7
       4
       5
       6
       6
       3
       2
       3
       7
       9
       4
       1
       7
       8
       3
       7
       7
       5
       3
       3
       6
       5
       4
       5
       4
       8
       4
       4
       5
       9
       4
       3
       2
       4
       1
       3
       6
       8
       5
       5
      13
      13
       4
       5
       4
       6
       8
       1
       8
       8
       8
       9
       4
       3
       1
       1
       6
       8
       6
       3
       9
       9
       3
       4
       7
       3
       8
       3
       3
       6
       4
       5
       4
       5
       2
       6
       4
       7
       4
       2
       4
       5
       2
       7
       4
       8
       2
       6
       2
       6
       2
       2
       5
       5
       3
       6
       3
       4
       4
       7
       7
       8
       6
       3
       5
       2
       3
       6
       4
       4
       5
       3
       3
       8
       3
       6
       4
       7
       3
       6
       4
       4
       4
       9
       8
      10
       7
       2
       2
       5
       8
       7
       4
       5
       4
       8
      10
       2
       5
       8
       4
       6
       6
       4
      12
       3
       4
       3
       3
       0
       6
      10
       7
       2
       4
       8
       8
       6
       7
      12
       9
       7
       5
       7
       5
       3
       4
       7
       6
       2
       3
       4
       3
       4
       5
       3
       3
       4
       7
       9
       7
       1
       8
       5
       5
       7
      10
       5
       7
       5
       7
       2
       5
       5
      12
       3
       5
       6
       3
       4
       6
       5
       3
       9
       3
       5
       6
       3
       3
       5
       3
       2
       9
       2
       4
       4
       5
       6
       2
       7
       5
       5
       1
       3
       5
       8
       2
       7
       5
       6
       2
       9
       3
       3
       7
       4
       4
       1
       5
       2
       9
       3
       2
       2
       8
       5
       4
       3
       6
       3
       3
       3
       3
       6
       4
       6
       8
       7
       8
       3
       4
       4
       8
       9
       2
      12
       9
       8
       7
       6
      12
       6
       8
      11
       5
      10
       6
       4
       3
       4
       9
       2
       8
       4
       5
       5
       3
       2
       7
       4
       4
      11
       7
       6
       7
       3
       4
       5
       3
       6
       5
       8
       5
       3
       4
       8
       2
       2
       4
       1
       6
       3
       4
      10
       4
       5
       4
       6
       4
       6
       4
       7
       2
       6
       4
       4
       4
       6
       6
       6
       4
       2
       5
       0
       9
       7
       4
       6
       5
       4
       1
       1
       7
       2
       5
       3
       4
       4
       3
       3
       6
       3
       5
       4
       7
       7
       4
       4
       7
       5
       6
       5
       5
       1
       2
       6
       6
       2
       5
       8
       5
       5
       4
       2
       4
       2
       4
       1
       6
       5
       1
       4
       4
       5
       6
       5
       4
       2
      11
       6
       7
       2
       4
       3
       4
       4
       4
       8
       5
       6
       5
       4
       2
       2
       5
       5
       5
       2
       6
       4
       5
       7
       1
       6
       4
       5
       3
       4
       3
       3
       5
       4
       3
       4
       4
       3
       4
       6
       5
       3
       3
       4
       3
       4
       5
       4
       3
       5
      13
       7
       2
       7
       1
       1
       4
       4
       3
       3
       6
       5
       3
       7
      10
       5
       3
       6
       3
       3
       7
       3
       7
       7
       6
       3
       4
       0
       6
       5
       4
       2
       6
       4
       2
       3
       4
       2
       3
       4
       7
       2
       2
       2
       6
       4
       0
       8
       5
       6
       6
       2
       3
       3
       4
       4
       5
       4
       5
       3
       5
       3
       2
       4
       8
       3
       2
       5
       6
       3
       1
       1
       2
       5
       5
       2
       4
       7
       3
       2
       7
       3
       5
       5
       0
       4
       5
       3
       4
       4
       1
       8
       1
       1
       2
       1
       0
       4
       4
       1
       6
       5
       6
       4
       6
       7
       4
       2
       6
       6
       4
       5
       3
       8
       7
       5
       2
       3
      10
       6
       2
       3
       5
       4
       2
       2
      10
       4
       3
       5
       2
       5
       5
       4
       6
       7
       6
       3
       6
       3
       3
       5
       3
       3
       3
       8
       2
       4
       4
       5
       5
       6
       3
       9
       7
       3
       7
       1
       3
       6
       2
       5
       5
       8
       2
       2
       7
       4
       2
       5
       2
       5
       6
       1
       3
       2
      10
       4
       3
       7
       4
       7
       4
       7
       2
       6
       4
       3
       5
       2
       3
       3
       1
       4
       3
       2
       3
       2
       4
       5
       1
       3
       5
       3
       2
       3
       4
       4
       3
       6
       1
       3
       4
       4
       2
       3
       3
       3
       3
       2
       3
       3
       2
       5
       5
       3
       4
       5
       8
       2
       2
       6
       4
       3
       6
       0
       6
       4
       3
       4
       5
      10
       5
      10
       8
       1
       3
       3
       1
       3
       3
       4
       7
       1
       3
       7
       6
       3
       2
       2
       3
       5
       4
       4
       2
       4
       3
       3
       3
       4
       6
       5
       4
       5
       6
       6
       1
       7
       7
       3
       4
       6
       3
       1
       5
       7
       4
       2
       0
       2
       3
       5
       5
       2
       7
       6
       8
       4
       4
       4
       4
       1
       2
       2
       3
       4
       2
       5
       4
       2
       4
       3
       3
       3
       7
       3
       5
       5
       1
       5
       2
       2
       8
       5
       4
       2
       4
       6
       6
       3
       7
      10
       6
       6
      12
       3
       7
       1
       9
       5
       4
       2
       5
       3
       1
       3
       2
       2
       4
       3
       5
       7
       1
       5
       6
       4
       7
       2
       8
       8
       7
       6
       2
       3
       6
       3
       2
       4
      10
       2
       4
       0
       6
       2
       4
       6
       4
       4
       2
       2
       5
       2
       2
       5
       6
       3
       4
       1
       3
       1
       5
       4
       1
       2
       4
       2
       7
       6
       9
       5
       3
       0
       4
       2
       6
       4
       3
       2
       5
       3
       6
       6
       3
       3
       3
      10
       4
       7
       4
       4
       4
       6
       3
       3
       4
       6
       7
       5
       2
       1
       2
       2
       4
       2
       3
       3
       1
       9
      10
       6
       7
       6
       4
       7
       6
       4
       5
       4
       2
       9
       4
       2
       3
       4
       6
       1
       7
       3
       3
       4
       5
       2
       4
       5
       4
       3
       2
       4
       4
       1
       2
       4
       2
       5
       3
       0
       4
       2
       5
       4
       4
       4
       3
       1
       8
       4
       2
       2
       2
       7
       2
       2
       3
       6
       5
       3
       4
       2
       2
       3
       3
       1
       4
       6
       8
       2
       4
       4
       4
       5
       6
       7
       4
       2
       3
       2
       0
       8
       2
       2
       5
       1
       7
       1
       2
       4
       3
       3
       3
       2
       3
       5
       3
       1
       3
       5
       1
       2
       2
       4
       2
       3
       0
       3
       3
       2
       2
       1
       2
       3
       3
       5
       8
       6
       4
       6
       5
       2
       3
       2
       2
       5
       6
       6
       3
       4
       1
       3
       6
       1
       1
       3
       1
       1
       5
       3
       5
       1
       4
       1
       6
       3
       2
       6
       5
       1
       2
       4
       3
       5
       1
       8
       5
       2
       2
       3
       4
       5
       5
       3
       0
       2
       3
       5
       4
       3
       3
       2
       3
       2
       7
       2
       2
       3
       5
       5
       6
       3
       4
       4
       4
       9
       9
       7
       9
      11
      21
      24
      18
      25
      22
      13
      25
      27
       8
       8
       6
       7
       8
       4
       4
       5
       2
       2
       2
       4
       3
       4
       4
       8
       5
       0
       3
       2
       3
       2
       2
       2
       1
       2
       5
       2
       3
       7
       2
       7
       4
       2
       1
       6
       3
       2
       3
       4
       2
       3
       4
       8
       4
       0
       3
       3
       2
       6
       4
       2
       3
       4
       3
       1
       3
       4
       4
       2
       3
       3
       6
       2
       3
       2
       5
       3
       4
       6
       0
       3
       6
       0
       3
       4
       3
       4
       2
       2
       1
       3
       5
       6
       2
       2
       4
       4
       5
       2
       6
       1
       4
       5
       3
       1
       5
       2
       2
       6
       5
       5
       5
       2
       3
       1
       5
       3
       1
       2
       4
       5
       3
       3
       0
       5
       2
       0
       3
       3
       2
       7
       0
       1
       4
       0
       3
       3
       1
       3
       3
       1
       7
       3
       4
       3
       2
       3
       4
       5
       1
       3
       5
       3
       2
       4
       2
       3
       4
       3
       0
       1
       5
       4
       3
       4
       5
       3
       5
       0
       3
       4
       2
       6
       9
       1
       4
       6
       7
       5
       4
       3
       4
       4
       4
       4
       3
       1
       5
       1
       2
       4
       4
       8
       5
       5
       2
       2
       2
       1
       6
       5
       5
       2
       5
       6
       4
       2
       4
       3
       2
       0
       7
       3
       0
       4
       4
       3
       4
       0
       0
       7
       4
       2
       2
       4
       4
       3
       3
       5
       2
       4
       7
       5
       2
       5
       4
       3
       1
       6
       3
       3
       7
       3
       2
       3
       5
       5
       4
       4
       4
       2
       2
       2
       1
       3
       4
       0
       3
       2
       5
       2
       5
       5
       5
       4
       3
       7
       4
       4
       3
       0
       3
       7
       2
       2
       0
       5
       6
       1
       1
       6
       3
       6
       2
       4
       5
       2
       6
       1
       3
       5
       4
       6
       6
       1
       3
       5
       1
       2
       1
       2
       6
       2
       3
       0
       4
       4
       1
       1
       3
       1
       2
       1
       5
       3
       3
       4
       4
       2
       2
       5
       2
       2
       3
       3
       5
       2
       2
       0
       4
       1
       5
       5
       2
       1
       4
       4
       3
       3
       5
       0
       2
       2
       3
       3
       2
       2
       1
       2
       3
       4
       3
       0
       5
       6
       0
       2
       4
       5
       5
       3
       0
       0
       5
       2
       1
       3
       0
       2
       3
       6
       1
       2
       2
       2
       1
       1
       1
       2
       1
       1
       3
       3
       2
       3
       0
       1
       1
       1
       3
       2
       1
       0
       5
       2
       2
       2
       3
       3
       2
       1
       3
       4
       4
       3
       1
       0
       1
       4
       2
       1
       5
       3
       1
       3
       5
       6
       2
       6
       5
       0
       1
       3
       4
       1
       0
       3
       3
       2
       4
       5
       3
       3
       2
       0
       8
       3
       3
       2
       3
       3
       3
       2
       3
       5
       1
       3
       4
       0
       2
       5
       4
       2
       4
       4
       1
       4
       1
       4
       3
       3
       3
       6
       4
       4
       2
       5
       3
       3
       0
       5
       4
       9
       5
       2
       0
       4
       4
       5
       8
       5
       4
       3
       7
       1
       6
       5
       5
       3
       0
       2
       7
       3
       2
       3
       1
       2
       6
       3
       2
       2
       1
       2
       3
       3
       4
       3
       4
       0
       3
       2
       4
       2
       2
       1
       5
       0
       2
       3
       5
       0
       2
       1
       3
       2
       2
       4
       1
       3
       4
       4
       2
       2
       0
       2
       2
       4
       2
       2
       3
       2
       3
       1
       1
       4
       4
       3
       7
       3
       3
       5
       2
       0
       0
       4
       1
       0
       1
       2
       3
       2
       5
       1
       2
       1
       0
       3
       4
       2
       3
       4
       5
       3
       2
       1
       3
       1
       5
       4
       6
       4
       5
       0
       3
       1
       3
       2
       3
       3
       2
       0
       4
       1
       1
       2
       3
       3
       4
       1
       4
       2
       4
       5
       5
       2
       2
       1
       3
       3
       2
       2
       4
       6
       5
       4
       1
       4
       4
       4
       0
       3
       0
       0
       3
       2
       2
       3
       1
       5
       4
       5
       3
       2
       5
       3
       4
       0
       7
       2
       3
       1
       4
       0
       2
       1
       0
       3
       0
       0
       2
       5
       2
       2
       1
       3
       3
       3
       1
       0
       2
       1
       6
       2
       0
       2
       1
       5
       1
       3
       0
       2
       2
       3
       1
       4
       2
       2
       5
       1
       3
       1
       1
       1
       0
       3
       2
       1
       2
       2
       5
       2
       2
       1
       3
       4
       4
       2
       2
       0
       4
       3
       1
       0
       1
       4
       3
       3
       3
       3
       2
       0
       1
       5
       1
       3
       5
       5
       2
       3
       3
       4
       0
       1
       3
       3
       5
       2
       4
       2
       5
       2
       3
       2
       1
       2
       5
       2
       1
       4
       2
       3
       3
       1
       1
       3
       2
       2
       2
       2
       3
       2
       7
       5
       3
       3
       1
       3
       4
       6
       1
       5
       2
       6
       1
       3
       2
       3
       2
       1
       1
       1
       2
       4
       4
       3
       4
       3
       4
       0
       3
       0
       0
       1
       0
       4
       3
       1
       2
       2
       3
       1
       5
       5
       2
       1
       0
       5
       0
       2
       2
       4
       2
       5
       3
       1
       8
       1
       2
       0
       3
       6
       3
       3
       1
       4
       5
       0
       3
       1
       4
       3
       1
       1
       4
       1
       1
       3
       2
       6
       2
       6
       1
       3
       4
       5
       5
       2
       2
       1
       3
       3
       2
       1
       6
       3
       2
       2
       1
       1
       2
       1
       3
       3
       2
       2
       2
       0
       4
       1
       1
       2
       2
       3
       2
       4
       1
       0
       3
       4
       2
       2
       3
       5
       4
       3
       2
       3
       4
       1
       1
       2
       2
       0
       1
       3
       2
       1
       1
       2
       1
       1
       1
       4
       4
       3
       2
       2
       3
       3
       1
       4
       3
       2
       2
       1
       2
       0
       3
       2
       0
       2
       2
       1
       2
       1
       2
       1
       4
       1
       6
       2
       2
       3
       1
       3
       0
       3
       3
       0
       2
       0
       3
       2
       3
       1
       3
       1
       3
       3
       2
       1
       3
       1
       1
       5
       1
       3
       2
       2
       3
       2
       1
       3
       1
       4
       5
       2
       2
       4
       2
       4
       4
       6
       6
       4
       5
       3
       2
       4
       3
       5
       4
       4
       1
       2
       2
       3
       2
       1
       3
       3
       3
       5
       2
       3
       2
       3
       1
       4
       2
       6
       3
       2
       2
       2
       2
       2
       0
       1
       2
       0
       2
       0
       4
       2
       3
       4
       1
       2
       1
       0
       1
       3
       0
       3
       5
       3
       2
       5
       1
       0
       4
       2
       1
       3
       5
       1
       0
       0
       3
       1
       1
       5
       3
       1
       0
       2
       2
       0
       0
       2
       1
       0
       4
       0
       2
       3
       3
       0
       1
       4
       2
       4
       2
       2
       5
       1
       2
       4
       3
       1
       4
       0
       4
       3
       6
       1
       2
       7
       2
       0
       6
       4
       3
       0
       3
       4
       1
       3
       1
       1
       3
       3
       5
       8
       9
      12
      11
      13
       4
       9
      16
      16
      13
      12
      10
      10
       4
       5
       7
       1
       3
       2
       3
       2
       0
       1
       2
       1
       1
       0
       3
       2
       2
       2
       2
       3
       4
       2
       4
       2
       2
       2
       6
       1
       1
       3
       1
       3
       4
       1
       0
       3
       3
       3
       1
       2
       1
       4
       1
       1
       1
       3
       0
       1
       3
       2
       4
       2
       3
       2
       2
       5
       2
       1
       1
       2
       2
       3
       3
       4
       3
       1
       0
       6
       2
       4
       4
       1
       3
       5
       2
       1
       1
       2
       1
       1
       4
       2
       2
       1
       3
       2
       3
       4
       5
       3
       2
       2
       1
       0
       1
       3
       0
       4
       0
       4
       2
       3
       4
       1
       2
       1
       2
       3
       3
       1
       4
       1
       0
       1
       3
       1
       1
       1
       0
       3
       2
       3
       2
       3
       3
       1
       0
       2
       2
       1
       2
       2
       1
       1
       3
       3
       4
       0
       2
       0
       3
       1
       2
       3
       1
       2
       2
       2
       4
       2
       1
       1
       1
       1
       2
       2
       2
       1
       2
       1
       3
       4
       2
       1
       0
       2
       3
       2
       4
       1
       0
       1
       3
       1
       1
       0
       1
       1
       3
       2
       0
       2
       1
       4
       3
       1
       1
       0
       5
       1
       1
       0
       3
       1
       1
       2
       0
       2
       4
       3
       2
       2
       2
       2
       2
       1
       3
       3
       1
       0
       1
       1
       1
       4
       1
       4
       3
       2
       1
       3
       4
       2
       4
       1
       1
       2
       4
       0
       3
       1
       1
       4
       1
       3
       3
       2
       1
       4
       2
       2
       3
       2
       0
       1
       1
       0
       2
       1
       4
       2
       2
       3
       4
       2
       3
       3
       2
       3
       4
       4
       3
       4
       4
       0
       3
       2
       3
       1
       4
       3
       0
       1
       2
       1
       2
       0
       1
       2
       2
       3
       2
       1
       2
       8
       2
       1
       4
       2
       7
       5
       8
       3
       4
       2
       2
       7
       2
       5
       2
       1
       6
       2
       1
       1
       1
       1
       3
       0
       1
       5
       5
       3
       1
       1
       3
       3
       2
       1
       1
       0
       2
       1
       0
       0
       4
       2
       1
       2
       3
       3
       4
       2
       3
       2
       4
       1
       1
       3
       5
       4
       1
       1
       1
       3
       1
       4
       3
       2
       3
       2
       2
       5
       3
       2
       2
       4
       1
       3
       2
       3
       1
       0
       2
       0
       4
       0
       2
       3
       2
       0
       5
       5
       1
       2
       2
       1
       1
       1
       3
       2
       1
       4
       0
       3
       2
       0
       1
       2
       0
       2
       1
       1
       5
       3
       3
       1
       1
       2
       1
       1
       3
       1
       1
       3
       2
       3
       3
       3
       0
       0
       3
       1
       1
       1
       0
       0
       0
       4
       1
       2
       6
       4
       4
       1
       2
       0
       1
       1
       0
       2
       3
       1
       1
       4
       0
       2
       0
       0
       1
       1
       0
       2
       2
       3
       6
       4
       1
       2
       4
       2
       3
       1
       1
       1
       4
       1
       1
       3
       2
       1
       3
       0
       3
       2
       4
       1
       2
       1
       3
       1
       2
       1
       3
       2
       5
       1
       0
       2
       2
       2
       3
       3
       3
       0
       0
       0
       3
       2
       0
       3
       4
       1
       1
       1
       1
       0
       3
       2
       3
       2
       4
       1
       2
       0
       0
       4
       1
       0
       1
       0
       3
       0
       2
       0
       3
       2
       2
       1
       2
       2
       5
       3
       2
       1
       2
       4
       4
       1
       2
       0
       2
       1
       5
       1
       3
       0
       5
       3
       1
       1
       1
       2
       2
       2
       3
       1
       1
       0
       2
       0
       2
       3
       1
       3
       1
       1
       3
       1
       1
       0
       2
       1
       2
       2
       2
       2
       0
       1
       1
       4
       0
       1
       1
       2
       1
       1
       3
       3
       4
       3
       1
       2
       2
       2
       1
       2
       1
       2
       0
       2
       1
       1
       3
       0
       0
       2
       4
       4
       2
       1
       2
       0
       1
       0
       2
       2
       1
       1
       3
       4
       2
       3
       3
       3
       4
       2
       3
       2
       0
       1
       0
       0
       0
       1
       2
       3
       0
       1
       3
       1
       3
       4
       2
       0
       1
       1
       5
       0
       1
       1
       0
       3
       1
       2
       1
       1
       5
       1
       0
       1
       1
       0
       3
       0
       2
       2
       1
       7
       4
       4
       2
       0
       4
       1
       3
       4
       2
       2
       0
       0
       2
       1
       0
       2
       1
       3
       1
       0
       0
       0
       2
       3
       4
       4
       1
       2
       1
       4
       1
       1
       3
       1
       0
       0
       1
       1
       2
       4
       0
       1
       0
       1
       0
       1
       1
       3
       3
       0
       1
       0
       1
       4
       1
       4
       1
       2
       1
       2
       3
       3
       5
       1
       2
       5
       2
       2
       1
       3
       1
       4
       2
       2
       3
       1
       0
       5
       4
       2
       0
       1
       1
       0
       0
       2
       1
       0
       4
       2
       1
       3
       1
       0
       1
       5
       3
       2
       0
       3
       0
       1
       1
       3
       3
       2
       5
       3
       0
       1
       3
       2
       2
       1
       1
       0
       3
       2
       1
       2
       0
       1
       3
       2
       0
       3
       2
       3
       1
       2
       0
       3
       2
       4
       2
       1
       1
       2
       2
       1
       1
       0
       4
       4
       0
       2
       1
       1
       3
       1
       2
       3
       2
       0
       0
       1
       1
       3
       2
       3
       2
       3
       2
       0
       0
       2
       1
       2
       4
       3
       0
       1
       2
       3
       1
       3
       1
       1
       2
       2
       3
       2
       1
       3
       2
       0
       2
       0
       2
       2
       0
       3
       0
       0
       2
       2
       1
       2
       1
       2
       3
       2
       2
       5
       3
       4
       0
       2
       0
       0
       2
       0
       0
       1
       1
       1
       2
       2
       3
       1
       2
       1
       1
       0
       2
       3
       1
       1
       1
       1
       1
       3
       1
       2
       1
       4
       2
       1
       0
       3
       2
       1
       2
       0
       4
       2
       2
       0
       1
       2
       2
       2
       0
       5
       4
       3
       2
       1
       0
       2
       0
       0
       2
       2
       4
       1
       0
       3
       1
       0
       1
       1
       0
       3
       0
       0
       4
       0
       2
       1
       0
       0
       3
       4
       0
       2
       2
       1
       2
       2
       2
       3
       3
       1
       3
       2
       1
       0
       3
       0
       1
       4
       1
       2
       2
       1
       2
       2
       2
       4
       3
       1
       0
       1
       1
       1
       1
       2
       3
       1
       2
       3
       2
       4
       1
       1
       1
       0
       2
       2
       2
       5
       0
       3
       1
       0
       2
       1
       2
       1
       1
       1
       2
       1
       0
       2
       3
       1
       1
       3
       2
       7
       0
       3
       4
       4
       1
       3
       3
       1
       0
       3
       3
       1
       0
       2
       3
       4
       2
       2
       1
       1
       1
       0
       1
       1
       1
       2
       0
       3
       2
       0
       1
       1
       2
       2
       1
       2
       2
       3
       1
       0
       1
       1
       4
       1
       1
       2
       2
       2
       1
       1
       1
       1
       3
       2
       1
       1
       2
       0
       1
       2
       0
       2
       2
       4
       1
       0
       2
       1
       0
       0
       1
       1
       3
       3
       2
       1
       4
       1
       0
       3
       2
       2
       3
       1
       0
       2
       2
       2
       0
       2
       2
       0
       3
       1
       2
       2
       1
       1
       0
       2
       0
       0
       2
       1
       1
       2
       1
       1
       5
       2
       1
       1
       2
       1
       3
       2
       1
       0
       2
       5
       0
       0
       1
       0
       1
       1
       2
       1
       1
       2
       2
       1
       0
       2
       3
       1
       3
       4
       2
       1
       1
       0
       2
       1
       5
       3
       4
       1
       2
       0
       1
       3
       3
       2
       3
       3
       1
       1
       2
       0
       1
       2
       2
       2
       2
       0
       3
       3
       4
       2
       0
       1
       2
       1
       2
       0
       0
       2
       2
       1
       2
       0
       0
       5
       0
       2
       2
       1
       0
       3
       1
       2
       4
       3
       1
       2
       3
       3
       2
       5
       5
       1
       2
       2
       2
       0
       1
       1
       2
       1
       3
       4
       4
       2
       1
       1
       0
       1
       2
       0
       1
       4
       3
       1
       2
       1
       0
       2
       2
       3
       2
       1
       0
       3
       1
       0
       3
       1
       1
       2
       2
       2
       1
       2
       2
       1
       1
       1
       3
       3
       2
       4
       2
       6
       3
       4
       2
       1
       1
       0
       0
       1
       0
       0
       0
       1
       1
       0
       2
       1
       2
       2
       1
       2
       2
       4
       0
       0
       0
       0
       0
       2
       1
       1
       3
       0
       3
       0
       2
       1
       1
       2
       3
       1
       3
       2
       0
       0
       4
       1
       1
       1
       1
       2
       2
       1
       0
       1
       2
       0
       2
       0
       1
       0
       0
       1
       4
       1
       4
       0
       1
       0
       2
       0
       1
       1
       1
       2
       0
       4
       2
       3
       1
       2
       1
       1
       3
       1
       0
       0
       0
       2
       0
       2
       3
       0
       0
       2
       2
       1
       1
       2
       0
       1
       1
       0
       1
       3
       2
       3
       1
       2
       1
       2
       2
       1
       1
       4
       2
       3
       4
       0
       2
       1
       0
       2
       1
       2
       4
       1
       0
       3
       2
       1
       1
       0
       4
       3
       0
       1
       2
       3
       0
       0
       1
       2
       1
       2
       1
       1
       1
       4
       4
       1
       2
       2
       2
       2
       3
       3
       1
       1
       2
       0
       1
       5
       0
       1
       2
       4
       1
       2
       3
       2
       1
       1
       1
       3
       3
       2
       2
       0
       5
       0
       0
       2
       3
       2
       4
       5
       0
       1
       3
       0
       0
       2
       3
       1
       4
       3
       1
       0
       0
       2
       5
       1
       0
       1
       1
       1
       0
       1
       3
       5
       1
       0
       0
       2
       3
       3
       2
       1
       1
       5
       0
       4
       4
       1
       2
       2
       1
       2
       1
       2
       2
       2
       1
       2
       3
       2
       0
       1
       0
       1
       3
       3
       1
       2
       4
       2
       1
       4
       2
       2
       1
       1
       1
       2
       0
       4
       1
       1
       2
       1
       1
       3
       1
       0
       2
       3
       1
       3
       0
       0
       2
       2
       0
       0
       2
       1
       0
       2
       4
       4
       4
       1
       0
       3
       1
       0
       2
       3
       4
       1
       1
       1
       5
       1
       4
       5
       4
       7
       4
      10
       3
       6
       2
       4
       4
       5
       3
       4
       2
       4
       1
       0
       1
       1
       1
       1
       2
       2
       1
       1
       1
       0
       0
       2
       2
       2
       1
       5
       0
       0
       2
       3
       0
       1
       1
       2
       0
       0
       4
       1
       2
       1
       1
       2
       1
       2
       2
       1
       1
       2
       5
       3
       0
       1
       0
       3
       1
       3
       2
       0
       2
       4
       1
       1
       1
       1
       1
       0
       4
       1
       1
       2
       2
       0
       3
       1
       1
       1
       0
       3
       1
       2
       1
       2
       1
       2
       4
       1
       1
       1
       0
       1
       5
       2
       1
       2
       4
       2
       1
       1
       0
       2
       1
       0
       1
       1
       3
       1
       0
       4
       1
       2
       1
       2
       0
       3
       0
       3
       0
       1
       2
       1
       3
       0
       2
       0
       1
       1
       1
       0
       3
       2
       1
       1
       3
       1
       3
       0
       2
       2
       1
       1
       3
       2
       2
       2
       6
       1
       0
       2
       2
       1
       3
       1
       1
       2
       3
       1
       2
       1
       5
       1
       0
       3
       1
       0
       0
       2
       0
       2
       0
       0
       0
       0
       0
       0
       0
       0
       0
       0
       0
       0
       0
       0
       0
       0
       0
       0
       0
       0
       0
       0
       0
       0
       0
       0
       0
       0
       0
       0
       0
       0
       0
       0
       0
       0
       0
       0
       0
       0
       0
       0
       0
       0
       0
       0
       0
       0
       0
       0
       0
       0
       0
       0
       0
       0
       0
       0
       0
       0
       0
       0
       0
       0
       0
       0
       0
       0
       0
       0
       0
       0
       0
       0
       0
       0
       0
       0
       0
       0
       0
       0
       0
       0
       0
       0
       0
       0
       0
       0
       0
       0
       0
       0
       0
       0
       0
       0
       0
       0
       0
       0
       0
       0
       0
       0
       0
       0
       0
       0
       0
       0
       0
       0
       0
       0
       0
       0
       0
       0
       0
       0
       0
       0
       0
       0
       0
       0
       0
       0
       0
       0
$ROI:
0
$PRESETS:
None
0
0
$ENER_FIT:
-2.173939 0.279251
$MCA_CAL:
3
-2.173939E+000 2.792507E-001 0.000000E+000 keV
$SHAPE_CAL:
3
1.571259E+001 -1.155430E-003 0.000000E+000
