$SPEC_ID:
226Ra
$SPEC_REM:
DET# 1
DETDESC# MCB 132 Input 1
AP# Maestro Version 6.06
$DATE_MEA:
12/20/2021 08:23:34
$MEAS_TIM:
278411 278434
$DATA:
0 8191
       0
       0
       0
       0
       0
       0
       0
       0
       1
       0
       0
       0
       0
       0
       0
       0
       0
       0
       0
       0
       0
       0
       0
       0
       0
       6
    3025
   21356
    1691
     626
     545
     576
     596
     659
     625
     657
     647
     644
     660
     677
     661
     719
     801
     717
     569
     572
     541
     489
     465
     487
     425
     440
     493
     442
     456
     463
     416
     378
     371
     380
     368
     387
     349
     340
     325
     342
     345
     359
     360
     328
     313
     291
     291
     327
     302
     305
     306
     291
     281
     294
     315
     262
     298
     266
     241
     243
     217
     271
     266
     255
     260
     245
     249
     237
     231
     261
     226
     247
     237
     239
     233
     225
     233
     240
     213
     206
     229
     230
     214
     211
     223
     199
     188
     202
     225
     215
     186
     215
     217
     210
     221
     190
     184
     195
     205
     173
     185
     206
     203
     201
     184
     182
     202
     200
     199
     210
     198
     203
     171
     178
     199
     184
     202
     177
     180
     202
     195
     186
     179
     188
     172
     179
     186
     192
     177
     188
     189
     199
     179
     166
     198
     183
     170
     200
     177
     180
     193
     196
     180
     223
     242
     323
     332
     374
     283
     236
     149
     169
     173
     165
     173
     168
     175
     180
     186
     183
     180
     168
     162
     177
     148
     147
     162
     182
     180
     204
     208
     224
     233
     246
     194
     176
     174
     189
     186
     177
     167
     166
     183
     162
     185
     162
     182
     177
     184
     166
     173
     217
     211
     197
     240
     206
     201
     181
     182
     176
     182
     202
     199
     207
     286
     438
     529
     516
     352
     223
     195
     169
     166
     187
     170
     197
     188
     193
     228
     193
     177
     161
     165
     148
     166
     177
     216
     197
     174
     189
     191
     209
     177
     192
     197
     182
     218
     198
     220
     272
     288
     278
     258
     230
     223
     198
     268
     340
     361
     355
     292
     262
     205
     206
     238
     283
     272
     260
     248
     188
     193
     201
     217
     204
     206
     210
     198
     190
     180
     187
     214
     191
     205
     197
     185
     204
     221
     209
     233
     270
     274
     333
     328
     340
     316
     271
     225
     199
     206
     229
     259
     229
     281
     294
     258
     219
     204
     213
     209
     219
     229
     225
     250
     233
     200
     220
     207
     248
     400
     616
     889
    1061
     872
     650
     423
     264
     266
     228
     229
     249
     185
     197
     224
     192
     202
     207
     199
     177
     200
     217
     229
     231
     258
     232
     205
     210
     198
     196
     168
     198
     207
     174
     204
     218
     208
     221
     220
     193
     214
     209
     199
     223
     194
     204
     198
     199
     214
     197
     233
     198
     215
     195
     194
     220
     224
     218
     202
     229
     207
     235
     210
     240
     216
     203
     205
     201
     214
     245
     217
     223
     241
     214
     286
     265
     245
     247
     236
     211
     216
     236
     231
     215
     240
     212
     202
     205
     231
     212
     228
     195
     181
     198
     205
     198
     201
     214
     210
     210
     231
     203
     229
     207
     232
     184
     213
     214
     193
     219
     189
     213
     197
     219
     220
     219
     223
     196
     200
     216
     238
     245
     218
     227
     233
     217
     236
     214
     213
     217
     239
     233
     224
     239
     214
     214
     211
     226
     193
     217
     196
     234
     195
     231
     214
     208
     196
     223
     230
     193
     229
     228
     238
     212
     208
     197
     230
     220
     195
     209
     189
     204
     183
     206
     206
     228
     231
     232
     207
     238
     213
     206
     228
     232
     258
     205
     230
     235
     197
     191
     219
     197
     251
     241
     279
     314
     336
     334
     265
     225
     216
     240
     217
     208
     213
     208
     193
     210
     208
     189
     219
     204
     214
     203
     206
     269
     212
     227
     224
     183
     222
     214
     224
     214
     193
     204
     214
     215
     213
     206
     241
     207
     214
     236
     236
     212
     230
     217
     204
     221
     202
     206
     232
     179
     212
     216
     200
     184
     197
     199
     192
     194
     239
     228
     202
     217
     184
     194
     184
     197
     203
     204
     205
     212
     236
     272
     263
     236
     228
     216
     162
     198
     219
     190
     181
     202
     229
     228
     173
     201
     202
     214
     219
     212
     202
     213
     200
     195
     210
     220
     156
     202
     212
     217
     185
     212
     210
     216
     211
     186
     207
     204
     183
     185
     195
     194
     209
     197
     212
     224
     207
     187
     218
     196
     205
     188
     209
     194
     195
     170
     224
     205
     216
     200
     207
     192
     195
     229
     208
     162
     195
     207
     189
     213
     182
     197
     199
     188
     204
     199
     210
     213
     235
     345
     608
     799
     826
     689
     440
     296
     201
     191
     187
     172
     176
     227
     200
     174
     195
     185
     178
     183
     178
     169
     184
     206
     173
     194
     200
     185
     207
     191
     196
     196
     205
     188
     204
     169
     196
     188
     181
     158
     178
     190
     170
     188
     165
     214
     176
     201
     209
     191
     222
     188
     181
     175
     183
     217
     158
     188
     170
     194
     187
     173
     203
     159
     226
     222
     215
     171
     180
     178
     193
     179
     183
     238
     226
     227
     195
     171
     199
     186
     161
     191
     194
     178
     165
     192
     202
     189
     205
     180
     159
     177
     178
     165
     180
     162
     181
     181
     166
     163
     169
     163
     155
     181
     176
     169
     177
     162
     162
     169
     172
     197
     199
     181
     162
     165
     174
     141
     163
     160
     174
     160
     185
     176
     180
     177
     160
     160
     164
     144
     176
     172
     153
     168
     153
     175
     187
     190
     153
     151
     157
     182
     146
     152
     176
     171
     161
     142
     162
     183
     164
     158
     151
     160
     170
     176
     165
     155
     178
     201
     164
     169
     180
     151
     160
     159
     153
     144
     153
     143
     175
     155
     181
     145
     164
     155
     145
     178
     148
     177
     163
     174
     199
     151
     146
     139
     174
     153
     150
     175
     265
     352
     398
     409
     349
     251
     193
     179
     148
     176
     160
     177
     168
     157
     165
     170
     159
     192
     182
     138
     158
     150
     158
     155
     137
     161
     150
     150
     148
     152
     150
     156
     161
     171
     165
     152
     153
     145
     141
     158
     144
     139
     149
     148
     153
     151
     171
     155
     144
     151
     157
     148
     142
     151
     167
     142
     145
     150
     145
     137
     153
     131
     163
     131
     152
     133
     157
     150
     141
     126
     176
     157
     164
     158
     170
     155
     135
     136
     137
     153
     157
     131
     107
     124
     130
     140
     153
     162
     164
     137
     158
     114
     145
     128
     160
     150
     115
     130
     138
     139
     124
     140
     123
     132
     159
     143
     137
     138
     119
     133
     137
     141
     144
     168
     163
     141
     136
     148
     142
     137
     146
     142
     138
     121
     126
     138
     131
     144
     118
     128
     124
     129
     142
     130
     138
     133
     135
     121
     127
     146
     126
     150
     129
     130
     143
     139
     140
     155
     137
     142
     120
     123
     155
     127
     141
     143
     149
     121
     124
     123
     127
     146
     133
     125
     144
     125
     121
     105
     111
     123
     138
     122
     113
     129
     135
     125
     118
     133
     155
     124
     140
     120
     130
     112
     140
     110
     130
     113
     125
     117
     142
     104
     138
     110
      86
     116
     116
     126
     118
     114
     120
     120
     124
     169
     160
     144
     151
     139
     123
     131
     109
     115
     119
     148
     117
     130
     132
     116
     114
     135
     112
     148
     133
     131
     116
     100
     107
     111
     115
     124
     107
     147
     109
     123
     117
     138
     120
     109
     118
     103
     113
     107
     127
     118
     106
     143
     127
     113
     110
     105
     114
     120
     121
     121
     116
     111
     120
     118
     117
     117
     130
     114
     100
     118
     110
     102
     121
     125
     128
     122
     110
     114
     116
     106
     102
      95
     107
     124
     106
     123
     101
      90
     109
     124
     112
     123
     109
     119
     106
     108
     129
     108
     112
      98
     109
     109
     125
     103
     107
     132
     124
     110
     122
     108
     108
     106
     115
     126
     129
     108
     107
     105
     103
     114
     106
     104
     115
     109
     113
     117
     118
     120
     105
     105
      96
     102
      99
     100
     111
     112
     110
     108
     102
     108
      98
     102
     119
     120
     113
     104
      99
     105
     126
     109
     102
      91
     120
     109
      91
     102
      93
      94
      95
     101
     106
     113
     122
     138
     132
     134
     141
     110
     105
     100
      96
      96
     110
      96
     101
     126
     109
     108
      96
     112
     110
     102
      90
     117
     103
     100
     107
      88
     117
      97
     104
      90
      92
     123
     114
      85
     106
      97
     105
      94
      96
      96
     112
      99
      87
      94
      91
     100
     103
     110
      99
     140
     158
     136
     121
     119
     111
      93
      96
     119
     101
     100
     101
     103
     100
      89
     104
     111
      92
     105
     100
     100
      97
     103
      94
      87
      92
     114
      99
      99
      83
      90
      89
      96
      91
     107
      96
      91
     123
     101
      87
      87
     106
     104
     105
     107
      88
      98
      94
     103
     109
      90
     114
     102
      92
      94
      95
      97
     104
     101
      91
     102
      99
      74
      81
      93
      89
      93
      88
     107
      82
      97
      83
      91
      74
      96
     113
      89
      97
      93
      99
      92
     102
      83
     108
      92
      86
      78
     104
      80
      97
      79
      83
     102
      91
      92
      93
     108
      83
      94
      80
      85
      89
      95
     105
      69
     100
      82
     100
      84
      80
      94
      80
      92
      89
      98
      81
     102
      97
     103
      80
      89
      87
     105
      89
      86
      89
      88
      99
      97
      77
      82
      93
      75
     102
     102
      77
      78
      69
      97
      77
      92
      95
     101
      89
      65
      82
      84
      96
     101
      86
      85
      80
      96
      88
      98
      96
     103
      78
      83
      88
      79
      96
      95
      98
      78
      90
      90
      95
      68
      71
      96
      88
      76
      80
      81
     116
      84
      80
      91
     107
      91
     100
      91
      96
      91
      74
     100
      85
      77
      93
      98
      72
      78
      87
      86
      88
      85
      92
      85
      81
      90
     101
      78
      86
      92
      81
      94
      82
      77
      98
      89
      94
      92
      80
      88
      72
      75
      84
      77
      91
      73
      83
      76
      77
      84
      79
      92
      74
      76
      75
      70
      78
      76
      67
      70
      76
      77
      70
      78
      82
      89
      83
      81
      85
      74
      81
      88
      93
      75
      59
      76
      74
      81
      86
      79
      86
      76
      75
      84
      91
      78
      86
      79
      93
      85
      81
      73
      71
      75
      84
      94
      90
      87
      86
      85
      77
      81
      84
      78
      69
      87
      91
      77
      88
      77
      83
      79
      82
      90
      86
     144
     192
     267
     419
     497
     520
     448
     343
     201
     136
      76
      96
      69
      78
      86
      80
      96
      56
      61
      63
      82
      75
      81
      82
      70
      76
      70
      72
      67
      85
      89
      75
      80
      82
      74
      86
      76
      63
      75
      76
      67
      80
      72
      84
      85
      92
      82
     100
      62
      78
      69
      88
      64
      76
      73
      78
      83
      78
      67
      76
      77
      77
      67
      81
      62
      73
      60
      82
      74
      72
      68
      80
      62
      74
      77
      74
      73
      70
      65
      78
      70
      94
      79
      72
      67
      65
      80
      61
      79
      64
      80
      73
      79
      59
      69
      77
      67
      59
      65
      84
      60
      72
      80
      78
      71
      69
      99
      73
      86
      70
      75
      72
      68
      61
      75
      62
      73
      77
      72
      61
      83
      65
      84
      73
      70
      79
      67
      69
      75
      66
      68
      51
      61
      82
      86
      88
      66
      69
      74
      67
      63
      72
      70
      66
      72
      52
      67
      73
      74
      63
      81
      64
      73
      67
      62
      65
      74
      66
      61
      75
      47
      76
      61
      54
      61
      83
      56
      67
      79
      64
      67
      85
      77
      70
      60
      79
      71
      72
      57
      63
      64
      66
      70
      54
      55
      75
      60
      71
      60
      77
      73
      65
      60
      56
      79
      55
      58
      72
      65
      80
      74
      73
      78
      60
      80
      70
      72
      75
      74
      65
      60
      63
      67
      71
      68
      71
      60
      50
      65
      59
      72
      61
      63
      57
      63
      53
      65
      81
      53
      69
      64
      69
      58
      63
      67
      66
      47
      67
      55
      71
      69
      76
      61
      63
      77
      60
      68
      69
      55
      71
      58
      66
      67
      59
      66
      65
      61
      62
      71
      61
      71
      56
      75
      71
      63
      69
      66
      76
      80
      87
      93
     105
     166
     193
     218
     294
     350
     391
     475
     491
     485
     406
     445
     361
     308
     219
     174
     155
     127
      91
      93
      84
      60
      56
      61
      54
      55
      65
      62
      58
      65
      56
      82
      64
      65
      56
      59
      71
      59
      65
      56
      51
      62
      57
      66
      69
      60
      51
      62
      69
      54
      75
      58
      52
      68
      65
      47
      59
      69
      67
      61
      58
      64
      54
      45
      44
      52
      59
      57
      53
      62
      54
      55
      79
      52
      40
      68
      65
      59
      56
      58
      51
      64
      47
      48
      61
      57
      55
      55
      65
      53
      48
      53
      61
      46
      54
      52
      64
      44
      59
      50
      55
      60
      55
      59
      59
      53
      47
      56
      58
      60
      60
      46
      52
      48
      53
      51
      44
      62
      42
      47
      53
      53
      54
      44
      54
      53
      39
      40
      55
      54
      60
      52
      51
      61
      58
      58
      44
      68
      56
      46
      51
      38
      47
      47
      53
      58
      51
      50
      51
      47
      54
      45
      53
      49
      55
      52
      49
      39
      49
      36
      47
      47
      50
      49
      55
      45
      44
      41
      49
      47
      49
      48
      46
      53
      57
      54
      42
      53
      43
      50
      52
      46
      54
      46
      47
      48
      53
      55
      51
      44
      62
      63
      51
      43
      58
      41
      56
      47
      54
      56
      57
      58
      47
      50
      44
      40
      53
      53
      43
      55
      43
      47
      52
      65
      57
      77
      82
      97
     100
      99
      81
      88
      67
      63
      49
      48
      60
      51
      49
      53
      64
      47
      57
      54
      46
      60
      60
      47
      56
      39
      51
      44
      40
      49
      53
      55
      44
      59
      42
      61
      48
      48
      47
      43
      58
      41
      46
      49
      50
      52
      59
      48
      55
      65
      84
     107
      96
     109
     106
      77
      72
      43
      56
      41
      50
      36
      37
      54
      56
      53
      61
      35
      49
      38
      50
      45
      48
      47
      35
      45
      52
      35
      46
      51
      37
      51
      45
      46
      47
      42
      41
      49
      60
      43
      43
      51
      46
      49
      36
      47
      60
      51
      53
      42
      60
      64
      45
      53
      51
      39
      55
      52
      49
      51
      63
      53
      52
      49
      58
      47
      43
      60
      52
      44
      51
      49
      43
      61
      43
      62
      42
      51
      47
      44
      58
      39
      59
      48
      56
      56
      42
      50
      55
      57
      51
      62
      56
      64
      71
      79
      68
      66
      50
      46
      65
      35
      44
      50
      47
      44
      52
      60
      88
      93
     183
     255
     315
     358
     338
     279
     204
     146
      99
      60
      45
      47
      51
      54
      46
      48
      48
      58
      45
      49
      44
      41
      62
      42
      39
      51
      46
      47
      34
      34
      40
      48
      40
      47
      36
      44
      46
      48
      46
      48
      44
      48
      39
      59
      40
      38
      43
      43
      46
      49
      48
      43
      40
      53
      43
      34
      52
      40
      41
      51
      49
      47
      45
      51
      49
      43
      42
      51
      46
      38
      44
      43
      48
      36
      36
      38
      44
      28
      50
      37
      42
      38
      44
      39
      40
      53
      49
      46
      39
      52
      39
      36
      38
      34
      33
      41
      38
      47
      39
      35
      47
      37
      31
      54
      35
      33
      45
      36
      43
      41
      40
      40
      42
      39
      37
      47
      29
      40
      39
      55
      52
      51
      44
      44
      44
      45
      55
      35
      49
      46
      38
      39
      43
      36
      39
      38
      42
      36
      46
      41
      47
      39
      42
      42
      48
      38
      42
      35
      46
      39
      32
      43
      45
      39
      30
      55
      48
      46
      36
      45
      48
      42
      41
      41
      42
      41
      70
     104
     162
     212
     331
     438
     491
     437
     403
     269
     187
     109
      89
      43
      53
      39
      35
      38
      39
      35
      44
      29
      39
      39
      36
      27
      32
      35
      38
      39
      26
      43
      34
      40
      46
      40
      40
      45
      35
      42
      43
      30
      23
      35
      48
      38
      48
      44
      45
      44
      33
      29
      30
      36
      39
      31
      40
      34
      43
      45
      44
      34
      33
      41
      46
      40
      42
      33
      35
      34
      29
      39
      39
      43
      40
      36
      30
      38
      47
      33
      39
      41
      45
      58
      42
      38
      39
      39
      36
      39
      41
      28
      31
      47
      41
      34
      31
      38
      31
      35
      40
      33
      34
      44
      31
      38
      32
      34
      41
      36
      39
      35
      41
      32
      39
      37
      35
      44
      43
      34
      38
      38
      50
      42
      35
      53
      49
      53
      44
      35
      33
      39
      44
      44
      30
      43
      35
      46
      37
      40
      36
      46
      46
      41
      35
      36
      31
      48
      41
      36
      36
      42
      45
      46
      33
      53
      36
      41
      45
      38
      40
      36
      38
      40
      28
      31
      39
      39
      44
      42
      34
      39
      44
      34
      36
      46
      36
      46
      39
      41
      27
      41
      34
      39
      38
      35
      33
      40
      41
      35
      40
      29
      34
      32
      29
      41
      35
      32
      29
      34
      47
      26
      39
      26
      41
      35
      46
      41
      32
      33
      33
      29
      46
      41
      35
      28
      37
      47
      52
      68
      89
     140
     176
     231
     328
     263
     270
     199
     151
     115
      72
      61
      37
      24
      29
      31
      46
      37
      43
      37
      48
      38
      52
      43
      31
      45
      46
      42
      38
      30
      34
      22
      29
      34
      29
      32
      40
      26
      29
      38
      32
      39
      34
      31
      34
      31
      50
      35
      40
      31
      32
      45
      37
      34
      45
      28
      31
      26
      35
      28
      29
      39
      31
      36
      30
      43
      40
      21
      41
      36
      30
      29
      33
      41
      52
      34
      45
      44
      38
      36
      40
      25
      37
      27
      33
      39
      32
      31
      26
      27
      30
      32
      29
      40
      38
      36
      34
      36
      33
      27
      32
      39
      35
      28
      34
      31
      28
      36
      38
      23
      39
      33
      38
      38
      26
      25
      49
      34
      43
      30
      36
      30
      29
      36
      40
      33
      33
      41
      37
      38
      33
      29
      31
      40
      41
      32
      39
      37
      27
      30
      27
      34
      47
      41
      35
      41
      38
      33
      35
      34
      25
      36
      35
      27
      34
      38
      36
      28
      51
      46
      48
      54
      45
      37
      35
      31
      28
      37
      32
      32
      36
      33
      37
      37
      32
      37
      42
      32
      31
      33
      44
      38
      31
      37
      35
      37
      27
      38
      44
      33
      36
      32
      27
      40
      36
      31
      38
      35
      38
      34
      30
      30
      33
      34
      35
      30
      35
      38
      24
      35
      26
      38
      30
      39
      26
      21
      38
      30
      29
      36
      34
      25
      29
      50
      24
      35
      31
      32
      36
      37
      40
      23
      31
      27
      31
      40
      31
      32
      37
      29
      25
      31
      38
      34
      26
      33
      39
      17
      14
      40
      20
      29
      31
      30
      40
      30
      23
      34
      31
      24
      36
      49
      33
      37
      28
      31
      37
      37
      28
      28
      35
      28
      31
      26
      33
      22
      38
      35
      39
      27
      26
      22
      27
      27
      24
      22
      32
      34
      29
      29
      33
      43
      34
      28
      36
      38
      39
      28
      36
      33
      28
      29
      31
      32
      28
      39
      37
      32
      32
      24
      29
      27
      33
      30
      26
      31
      21
      26
      29
      28
      31
      27
      31
      35
      39
      32
      37
      27
      25
      28
      26
      25
      34
      28
      31
      30
      28
      18
      36
      39
      21
      24
      34
      27
      32
      31
      21
      39
      26
      21
      30
      35
      24
      25
      41
      27
      31
      35
      36
      31
      24
      32
      31
      30
      28
      25
      36
      24
      25
      31
      30
      33
      27
      23
      32
      28
      22
      24
      31
      26
      26
      36
      29
      31
      27
      18
      32
      35
      37
      25
      34
      29
      27
      18
      24
      23
      30
      30
      27
      15
      25
      30
      35
      36
      41
      22
      33
      28
      31
      33
      35
      39
      27
      36
      30
      28
      31
      25
      27
      27
      26
      34
      30
      38
      25
      24
      30
      28
      39
      30
      33
      32
      27
      31
      30
      31
      23
      29
      33
      39
      25
      24
      26
      31
      27
      27
      30
      32
      25
      35
      30
      27
      32
      25
      29
      35
      20
      29
      25
      30
      28
      25
      38
      24
      21
      34
      31
      32
      27
      23
      36
      36
      24
      34
      37
      40
      26
      26
      22
      34
      25
      23
      28
      22
      30
      28
      32
      22
      31
      35
      33
      34
      28
      37
      24
      30
      31
      34
      26
      35
      25
      42
      37
      23
      27
      24
      23
      29
      33
      25
      37
      34
      25
      30
      24
      27
      28
      29
      29
      21
      26
      28
      33
      24
      20
      38
      26
      21
      46
      27
      32
      39
      20
      21
      23
      38
      19
      21
      20
      25
      23
      37
      16
      23
      29
      29
      38
      22
      28
      30
      38
      24
      40
      22
      15
      25
      29
      25
      35
      30
      25
      20
      32
      33
      32
      32
      30
      25
      28
      34
      39
      32
      29
      36
      23
      28
      37
      22
      33
      20
      27
      29
      24
      21
      29
      21
      24
      26
      27
      23
      33
      27
      24
      30
      25
      30
      29
      23
      24
      32
      27
      26
      21
      24
      24
      20
      27
      29
      27
      18
      28
      37
      28
      28
      34
      17
      29
      22
      27
      26
      19
      26
      22
      31
      33
      31
      30
      20
      31
      35
      30
      32
      28
      35
      26
      20
      19
      22
      21
      23
      23
      22
      21
      20
      24
      25
      22
      31
      32
      28
      25
      24
      26
      26
      27
      27
      26
      26
      27
      37
      24
      30
      26
      22
      24
      22
      23
      20
      22
      28
      26
      36
      44
      45
      49
      52
      53
      57
      50
      42
      48
      34
      28
      19
      21
      18
      26
      35
      27
      27
      28
      21
      25
      19
      28
      29
      37
      24
      22
      32
      21
      23
      30
      24
      22
      24
      20
      27
      23
      24
      14
      27
      31
      29
      30
      18
      33
      23
      28
      24
      23
      17
      24
      19
      29
      25
      25
      24
      29
      21
      20
      13
      23
      24
      34
      24
      27
      30
      26
      21
      20
      16
      32
      21
      25
      20
      20
      19
      23
      24
      11
      17
      30
      23
      26
      31
      19
      36
      29
      18
      22
      25
      20
      22
      28
      15
      21
      18
      30
      18
      23
      21
      30
      13
      22
      25
      18
      30
      25
      21
      27
      29
      16
      21
      27
      11
      27
      25
      24
      29
      19
      24
      18
      24
      28
      30
      27
      27
      20
      24
      28
      16
      31
      27
      28
      18
      15
      25
      26
      33
      18
      22
      28
      28
      25
      24
      28
      20
      21
      27
      20
      19
      16
      21
      14
      15
      15
      21
      22
      22
      21
      20
      25
      20
      21
      32
      13
      29
      25
      19
      30
      17
      16
      22
      23
      24
      25
      30
      28
      16
      25
      16
      20
      17
      22
      37
      23
      22
      22
      29
      28
      31
      25
      36
      25
      30
      26
      30
      21
      25
      31
      27
      18
      27
      30
      29
      26
      29
      23
      30
      34
      44
      36
      47
      39
      28
      33
      32
      27
      29
      22
      15
      26
      28
      19
      18
      21
      29
      23
      20
      29
      21
      29
      23
      14
      18
      23
      17
      30
      22
       9
      18
      24
      11
      21
      16
      27
      12
      18
      31
      24
      22
      24
      10
      23
      17
      21
      15
      27
      18
      21
      31
      17
      18
      22
      23
      33
      23
      25
      22
      21
      20
      26
      20
      22
      27
      34
      21
      23
      25
      16
      21
      19
      28
      24
      27
      20
      22
      21
      22
      25
      17
      25
      34
      19
      23
      21
      29
       9
      19
      25
      21
      24
      20
      22
      34
      17
      14
      29
      16
      20
      22
      13
      30
      23
      20
      26
      22
      22
      18
      18
      23
      25
      40
      33
      36
      53
      44
      66
      59
      44
      43
      39
      30
      25
      17
      23
      18
      19
      18
      16
      23
      17
      20
      19
      19
      12
      24
      21
      33
      28
      21
      18
      19
      22
      34
      21
      22
      25
      25
      25
      15
      24
      23
      19
      19
      20
      18
      23
      21
      27
      26
      21
      18
      25
      27
      20
      29
      25
      21
      24
      13
      30
      19
      24
      30
      26
      23
      28
      17
      15
      18
      24
      24
      26
      15
      16
      18
      17
      21
      16
      22
      18
      24
      20
      33
      19
      22
      32
      18
      18
      18
      24
      29
      20
      19
      17
      18
      27
      19
      21
      23
      19
      19
      24
      28
      21
      24
      23
      26
      18
      19
      18
      15
      25
      22
      20
      19
      22
      25
      17
      24
      13
      12
      27
      16
      25
      24
      25
      19
      28
      17
      24
      22
      27
      18
      22
      18
      23
      21
      15
      22
      22
      18
      23
      23
      14
      22
      19
      22
      19
      17
      22
      30
      18
      21
      17
      30
      28
      18
      17
      30
      16
      25
      29
      26
      22
      18
      17
      20
      23
      18
      14
      15
      22
      22
      21
      27
      21
      16
      20
      21
      16
      19
      20
      20
      25
      23
      19
      25
      21
      19
      28
      19
      21
      12
      24
      17
      24
      17
      21
      20
      18
      18
      19
      21
      17
      14
      20
      20
      23
      22
      18
      20
      23
      22
      24
      23
      20
      21
      22
      19
      18
      21
      27
      13
      25
      30
      26
      32
      23
      35
      37
      32
      24
      33
      22
      12
      29
      21
      21
      25
      17
      20
      19
      22
      22
      28
      25
      23
      18
      17
      29
      22
      12
      19
      22
      15
      26
      15
      14
      19
      14
      22
      26
      18
      22
      24
      15
      28
      18
      17
      12
      16
      26
      21
      22
      15
      19
      14
      16
      23
      14
      20
      28
      13
      20
      20
      20
      13
      20
      23
      21
      24
      18
      17
      14
      22
      19
      16
      23
      18
      24
      18
      26
      18
      25
      22
      24
      17
      33
      20
      29
      21
      22
      17
      10
      18
      16
      16
      19
      12
      27
      19
      17
      21
      19
       8
      21
      22
      15
      18
      23
      18
      20
      16
      22
      17
      25
      21
      20
      25
      15
      23
      23
      20
      16
      13
      24
      16
      16
      26
      18
      18
      18
      18
      13
      17
      22
      16
      18
      13
      20
      22
      20
      25
      20
      17
      23
      15
      29
      22
      18
      20
      31
      17
      22
      20
      20
      13
      19
      12
      17
      22
      22
      17
      17
      17
      26
      15
      27
      19
      19
      21
      18
      15
      22
      23
      21
      20
      21
      18
      23
      24
      19
      11
      20
      25
      19
      20
      22
      21
      17
      18
      27
      22
      31
      24
      22
      26
      27
      18
      24
      23
      18
      20
      14
      16
      28
      25
      18
      33
      33
      28
      28
      29
      21
      27
      19
      20
      22
      21
      22
      20
      14
      19
      11
      17
      11
      16
      22
      14
      12
      18
      17
      27
      23
      21
      20
      17
      17
      22
      11
      15
      21
      20
      19
      11
      21
      18
      32
      20
      14
      11
      22
      18
      19
      16
      19
      23
      14
      15
      19
      16
      11
      24
      12
      22
      12
      15
      18
      15
      19
      17
      16
      16
      17
      19
      29
      19
      21
      26
      24
      17
      14
      28
      17
      17
      18
      21
      18
      21
      10
      11
      22
      17
      22
      16
      17
      19
      17
      22
      18
      20
      16
      14
      10
      21
      15
      23
      17
      21
      19
      21
      18
      18
      26
      16
      21
      10
      22
      17
      19
      22
      15
      20
      22
      19
      15
      26
      24
      15
      12
      18
      17
      22
      17
      10
      18
      14
      18
      14
      21
      19
      15
      11
      15
      19
      15
      16
      15
      20
      23
      18
      23
      16
      16
      19
      20
      20
      10
      19
      15
      22
      17
      22
      22
      19
      21
      18
      11
      23
      11
      20
      20
      18
      13
      16
      16
      16
      15
      17
      17
      22
      18
      17
      16
      23
      18
      14
      28
      16
      15
      16
      19
      21
      21
      24
      19
      13
      21
      25
      18
      24
      21
      23
      12
      13
      21
      15
      11
      18
      11
      20
      25
      16
      19
      16
      14
      17
      16
       9
      19
      13
      10
       9
      14
      24
      21
      14
      21
      21
      18
      17
      15
      16
      16
      15
      20
      15
      14
      16
      17
      20
      20
      22
      22
      20
      21
      24
      19
      17
      16
      14
      22
      19
      16
      14
      20
      30
      13
      14
      22
      22
      17
      16
      32
      10
      20
      17
      13
      12
      19
      14
      15
      17
      23
      18
      15
      17
      16
      20
      18
      24
      23
      21
      16
      22
      12
      23
      17
      11
      20
      17
      16
      19
      11
      10
      18
      18
      24
      19
      20
      14
       8
      21
      11
      20
      12
      17
      17
      19
      19
      14
      14
      19
      17
      17
      18
      19
      18
      21
      16
      20
      27
      17
      19
      18
      26
      11
      13
      17
      19
      16
      18
      14
      23
      17
      19
      12
      10
      12
      14
      16
      20
      27
      15
      17
      14
      16
      21
      20
      16
      13
      19
      13
      15
      19
      12
      14
      17
      15
      16
      18
      17
      14
      10
      13
      15
      20
      28
      16
      19
      12
      16
      10
      13
      13
      16
      18
      22
      17
      20
      13
      20
      18
      19
      11
      14
      18
      17
      21
      23
      17
      18
      19
      14
      18
      14
      18
      15
      15
      14
      14
      15
      10
      16
      18
      15
      14
      19
      20
      20
      16
      20
      18
      18
      15
      21
      17
      13
      17
      13
      13
      13
      17
      19
      22
      20
      19
      26
      19
      26
      17
      10
      18
      21
      20
      15
      17
      13
      11
      23
      15
      10
      15
      14
      12
      20
      22
      14
      16
      18
      16
      14
      18
      16
      18
       9
      20
      16
      21
      17
      16
      14
      18
      16
      13
      12
      11
      11
      12
      19
      23
      20
      18
      18
      13
      14
      11
      18
      11
      10
      14
      19
      17
      14
      11
      17
      10
      11
      17
      17
      16
      15
      14
      17
      14
      11
      19
      20
      22
      16
      27
      15
      13
      16
      12
      11
      14
      13
      19
      18
      15
      19
      14
      30
      21
      16
      24
      17
      22
      14
      14
      16
      18
      22
      13
      10
      14
      14
      20
      15
      11
      13
      16
      16
      20
      19
      13
      16
      18
      14
      18
      18
      10
      19
      11
      16
      17
      24
      17
      18
      14
      11
      10
      14
      10
      15
      13
      17
      16
      21
      17
       7
      17
      16
      17
      13
      18
      14
      18
      19
      19
      19
      18
      17
      10
       6
       8
      12
      16
      16
      15
      11
      22
      13
      21
      13
      19
      18
      15
      14
      16
      19
      16
      12
      11
      19
      12
      13
      14
      10
      13
      17
      17
      12
      12
      12
      27
      15
      11
      12
      12
      14
      15
       8
      11
      12
      12
      15
      13
      17
      13
      12
      15
      13
      13
      16
      17
      13
      12
      11
       7
      14
      12
       9
      10
      10
      16
      25
      15
      16
      16
      12
      12
      12
      13
      14
      13
      17
      16
      19
      13
      15
      13
      15
      11
      16
      17
      16
      15
      12
      11
      15
      15
      22
       8
      16
      14
      15
      12
      14
       8
      15
      17
      23
      16
      18
      17
       9
      13
      10
      11
       7
      11
      12
      10
      10
      16
      11
      17
      16
      11
      12
      10
      14
      12
      11
       7
       9
      16
      15
      10
      12
      11
      12
      11
       8
      10
      16
      11
      10
      15
      13
      20
      19
      19
      18
      13
      14
      15
      15
      14
      21
      12
      20
      15
      12
      19
      13
      13
      12
      10
      20
      17
      12
      11
      17
      12
      17
       6
      13
      19
      11
      11
      16
      19
      18
      13
      19
      14
      15
      10
      11
      17
      12
       7
       7
      15
      24
      16
      17
      15
      13
      11
      14
      11
      13
      24
      10
      16
       9
      15
      13
      12
      11
      19
      12
      11
      14
      13
      14
      11
      17
      17
      14
      14
       9
      10
      19
      12
      14
      11
      23
      11
       8
      16
       6
      13
      11
      20
      10
      11
       8
      13
      10
      18
      16
      12
      17
      18
       9
      14
      14
      12
      15
      10
       7
      13
      12
      16
       9
      14
      13
       9
      12
      10
       9
       8
      10
      11
      11
      11
      16
      20
       8
      12
      14
      14
       4
      14
      12
      11
      11
      18
      20
      12
      15
      10
      16
      13
      10
      13
       8
      13
      15
      17
       6
      16
      10
      15
      11
      14
      13
      11
       9
       9
      13
      13
      13
       9
      15
      13
       7
      18
       8
      11
      14
      15
      17
       4
      15
      11
      17
       6
      11
       8
      10
      11
      15
      10
      12
      17
      15
      13
      14
       9
      27
      10
       9
      16
      11
      17
      13
      15
       8
       6
      16
      10
       4
      17
      11
      11
      11
      13
      10
      15
      14
       9
      12
      10
       8
       8
      10
      14
      11
      19
      25
      18
      24
      15
       7
      18
      19
      10
      12
       9
      11
       9
       8
      16
      12
      12
      18
      10
      11
      16
      16
      10
      12
      11
      15
      12
      13
      15
      11
      13
      22
      16
      13
      12
      15
       9
      10
      12
      17
      16
      11
       8
       9
      13
      11
      20
       9
       8
      11
      16
      10
      14
       9
      15
      10
      16
      12
      10
      10
      10
      15
      16
      13
      11
      13
      11
      12
      20
      10
      14
       8
       9
      11
       9
      17
      15
       8
       9
       8
      21
       8
      19
      12
      13
      10
      14
       8
      12
       7
      15
      17
      17
      15
      16
      10
       9
      17
       8
      10
      11
      15
      18
      13
      14
      12
       6
      12
      18
       6
      12
      14
      19
      16
      15
      16
      15
       8
      14
       8
      13
      15
      14
      14
      16
      10
      12
      14
       9
      18
      10
       9
      18
       8
       9
       6
      10
      14
      11
      15
      14
       8
      13
      15
       6
      12
       9
      14
      12
      10
      13
      14
      14
      10
      11
      17
      12
      12
      20
      15
      12
      16
      11
      12
      16
      12
       9
      10
      10
      16
       9
      10
      10
       9
      11
      16
      11
       7
       6
      13
      13
      17
       9
       7
      12
      21
      16
      13
       9
      11
      10
       7
      17
      12
      17
      12
      10
      11
      15
       9
      10
      14
      13
      14
       9
      15
      10
      14
       4
      11
      16
      13
      12
      15
      11
      15
      11
      16
      14
      16
      10
       8
       7
      10
      11
      20
       7
       7
      13
       8
       9
      15
      11
      12
      13
      13
      10
      10
       9
      10
      17
      18
      12
      13
       5
      14
      16
      13
      18
      14
      11
      17
      10
      10
      12
      15
      11
      15
      12
      15
      12
       7
       6
      15
      11
      18
      15
      11
      12
      10
       9
      13
      19
      10
      18
       9
      10
      13
       8
      16
      13
      14
      14
      18
      14
      18
       8
      15
      12
      15
      19
      10
      24
      22
      31
      34
      43
      53
      69
      74
      65
      73
      99
      51
      52
      53
      40
      30
      28
      24
      11
      14
      12
      15
      11
      17
      12
       8
      13
      17
      12
      11
      13
       8
       9
       6
       6
      16
      12
       7
      11
       6
      10
      10
      16
       7
       8
       8
      13
      11
      10
      12
      15
      12
       9
       8
       7
      15
      16
       5
      10
      14
      12
      12
      12
       6
      12
       6
      12
       9
       7
      14
      11
       8
      11
      10
      10
      14
       6
      12
       3
      11
       8
      11
      12
      13
      10
      12
      13
       7
      10
      20
       9
       9
      11
       5
      11
       8
       9
       8
      13
       8
       6
       6
       6
      13
      15
       5
      13
       7
       9
      15
       8
      11
      12
      12
      11
      15
       7
      14
      12
      16
      10
       9
      11
      12
       4
      10
      10
       6
       5
      17
       6
      12
       5
      14
       7
      14
      13
       7
      10
       9
      12
       6
      13
       9
      17
       7
      10
       9
       9
       7
      10
      12
      15
       9
       6
      12
      16
      16
      10
      10
      11
       8
      11
      10
      12
      16
      13
       8
      13
       8
      10
      10
      13
       9
      15
      12
      10
      11
      16
       9
      16
      17
      11
       8
      19
      17
       7
      15
      16
      12
       7
       4
       9
       9
      13
      16
      10
       7
       8
      14
      10
       7
       8
       9
      16
      11
      10
       8
       9
      11
      14
       6
       9
       8
       4
      16
      12
      14
       3
       7
       8
       6
      11
       3
      11
      12
       4
       7
      17
      12
      12
      12
       5
      13
       9
      13
       8
       4
       4
       9
       9
       6
       7
       6
       6
       6
       8
       7
      12
       9
       5
      13
      11
      10
      11
      11
      11
       3
      14
       9
      15
      11
       6
       5
       7
       6
       9
       7
       3
       9
       4
      10
      14
      11
      10
       9
      10
      14
      12
       6
       7
      17
       9
      14
      12
       8
      11
       5
       7
       9
      11
       7
      12
       7
      10
       7
      21
      11
      10
      11
       7
      15
      10
      10
      11
       9
       8
      16
      12
      15
      11
       2
       8
       9
       2
       6
       9
       6
      15
      11
       9
      19
       8
       9
      10
      11
       7
      10
      11
       9
       4
      10
      14
       5
       7
       7
       4
       9
      15
       8
       6
      12
      11
      10
       6
      10
       6
       6
       9
       9
       5
       6
       8
      13
       6
       7
       7
       7
      15
      11
       8
       5
       8
       3
       4
      11
       8
      13
      13
       6
       6
       9
      11
      10
      10
       9
      12
       6
       5
      12
       9
      14
       5
       4
       8
       6
      10
       7
       6
       7
       9
       9
      11
       8
      16
       7
       6
       8
       5
      10
      10
       6
       6
       8
       8
      14
       9
       8
       8
       8
       8
      11
       4
      11
      11
       7
      13
       9
      11
      13
       9
       8
       5
      15
      16
      13
       9
       8
       6
       9
       7
      10
       8
      14
      11
       9
       8
      12
      10
       8
       9
       8
      13
       4
       6
       5
      10
       8
       7
       6
      14
      12
       7
      17
      15
       7
      13
      17
      14
      11
       7
      12
       8
       8
       8
       8
       8
      17
       6
      15
      10
      11
      13
      12
      10
      11
      12
      14
      12
      18
      16
      19
      11
       8
      11
      11
       6
      14
       9
      14
      13
       9
       6
       7
      13
      17
      14
      12
      10
       9
       6
       7
      13
      13
       5
       7
       6
       9
       7
       8
      10
       8
      10
       6
       8
       8
      10
      14
       7
       8
      10
      12
       6
       7
       5
      10
       5
      13
       9
      10
       7
      11
       5
       6
       8
      11
      11
       8
      13
       7
      10
       7
      11
       5
       6
      17
      11
       3
       5
       4
      10
       6
      10
       6
       5
       7
      10
       9
       6
       3
       7
       7
       7
       8
       5
      10
      11
       7
       7
       6
       9
       7
       6
       9
       7
      13
       7
      11
       9
      12
       7
      10
      12
      10
      11
      10
      10
       8
       8
      14
       4
       7
       7
       8
       6
       5
       6
      11
       4
       9
      11
      10
      10
      11
       5
       9
      10
       6
      10
      11
       8
       5
       7
      12
       9
      16
       7
      11
       8
      11
       6
       6
      11
       9
       7
       7
       5
      12
       8
      11
       5
       5
      13
       5
       8
      15
       7
       7
       3
       9
      10
       5
       6
      10
      15
       6
       5
      11
       6
      10
      10
      10
       9
      13
      10
       5
      11
       8
       4
      10
      11
       7
       7
       7
      10
       8
      15
       8
      12
       4
       6
       6
       6
       8
       8
       4
      10
      13
       5
       7
       5
       7
       7
       5
       9
       7
       8
       4
      11
      10
       6
       3
       9
       7
       5
       8
      11
       7
       5
       5
       7
      10
      12
       4
      12
       8
       8
      10
       8
       8
       8
       9
       5
      12
       9
       7
      15
       8
       9
       5
      10
      13
       8
      11
       7
       5
       6
      11
       9
      12
       9
       8
       7
       7
       5
      15
       5
       7
      10
      11
      15
      14
       6
       6
       9
       7
      14
      10
      12
       6
       7
      11
      14
       7
       7
       7
      11
      11
      17
      10
       4
       6
       4
      11
      14
       7
       6
       9
      11
       6
       6
       4
       9
       6
       7
       6
       8
      12
       9
       8
      12
      13
       9
       6
       9
       8
       6
       6
       7
       9
       7
      10
      10
       6
       9
       9
       9
       7
       2
       7
       8
       6
       5
       8
      12
       3
       5
      11
       5
       5
       6
       5
       5
      11
       7
      10
       6
       6
       7
       8
      14
       8
      11
       5
       7
       5
      10
       4
       7
       7
      10
       9
      10
       2
       3
      14
       7
       6
      12
       3
       6
       7
       7
       9
       7
       9
       9
       5
      10
       6
       5
       8
       6
       4
       6
       7
       9
       7
       9
       7
       3
       8
      10
       8
       9
       6
       5
       7
      12
      13
       8
       5
      10
      11
       7
       5
      10
       5
       4
       9
       8
       8
      12
      11
       8
      15
       3
       3
       4
      15
      11
      10
       6
       6
      12
      11
       8
      11
       8
       6
       8
      11
      12
       6
      10
       7
      11
      11
       6
       3
       8
       3
       9
       6
       5
      11
      15
       8
      12
       9
       5
      10
       4
      10
       8
      11
      10
       8
       7
       5
       8
       4
      14
       6
       7
       5
      11
      10
       8
      10
       8
       6
      11
       6
      10
       5
       8
       5
       9
      10
       6
      11
       7
      10
       7
      11
       7
       8
      16
       9
       7
      12
      15
       9
      15
      11
       8
      17
      10
      11
      10
      16
      15
      10
      11
       6
       8
       8
       5
      12
       3
      10
       9
       4
      13
      13
       3
       7
       6
      10
       9
       3
      13
       5
       4
       8
       5
       8
      10
       3
      10
       4
      10
      11
      16
       8
       9
       8
       5
       9
       9
       3
       5
      10
      10
       6
       2
       2
       6
       3
       8
       8
      10
       5
       5
       6
       3
      11
       9
      10
      11
       9
       5
       6
      10
      10
       7
       9
       5
       9
       8
       5
       8
       7
       7
       2
       5
       6
       6
       9
       9
       7
       4
       4
       5
       7
       8
       8
       7
       5
      10
       9
       5
       9
       6
       5
       9
       4
       5
      10
       7
       8
       5
       7
       7
       6
       6
      12
       8
       6
       6
       8
       5
      16
      15
      11
       9
      22
      27
      31
      30
      28
      34
      31
      27
      29
      21
      19
      22
      19
      20
      14
      12
       9
       4
       5
       4
       9
       9
       4
       6
       3
       9
       7
       8
      11
       4
       8
       7
       6
       6
       7
       4
      10
       6
       5
       5
       8
       6
       8
       4
       3
       5
       7
       7
       8
       9
       5
       7
      10
       6
       9
       7
       4
       4
       2
       3
       6
       4
       6
       9
       7
       8
      10
      10
       6
       8
      12
       5
       5
       8
       8
      12
       6
       4
       4
      12
       6
       7
       9
       8
       6
       5
       6
       8
       7
       4
       6
       4
       8
       4
       8
       7
       6
       5
      11
      13
       6
       8
       5
      13
       7
       6
      10
       3
       6
       8
       7
      11
       7
       3
       3
       9
       7
       6
       6
       7
       4
       7
       5
       4
       5
       9
      12
       6
       7
      11
       8
       7
       6
       6
       7
       6
       6
       9
      10
      10
       9
       8
       7
       5
       6
       8
       9
       2
       9
       8
       3
       9
       8
      13
      12
      11
       3
      10
       5
       6
       9
       7
       6
       7
      11
       8
       5
       6
       6
       9
       6
      11
       8
       6
      13
       5
       8
       6
      11
       5
      11
       7
       5
       5
       4
       5
       4
       9
       7
       7
       6
       8
       4
       7
       3
       5
       6
       9
       6
       7
       8
       7
       9
      13
       8
       3
       7
       5
       3
       8
      10
       6
       5
      13
       8
       7
       5
      10
       4
       7
       7
       2
       6
       6
      11
      13
       8
       4
       7
       9
       8
       6
       4
       0
       5
       5
       6
       7
       5
       8
       6
       6
       7
       4
       3
      11
       8
       5
       6
       7
       2
       3
       7
      10
       3
       3
      10
       5
       4
       6
       4
      11
       2
       4
       5
       5
       7
      12
       8
       8
       8
       4
       8
       3
       3
       6
       6
       7
      12
       4
       4
       8
      11
       7
       9
       4
       6
       8
      11
       8
       6
       5
       7
      11
      12
      15
      13
       9
      10
      16
       7
       7
      10
      17
      12
       8
       8
       7
       8
       8
       7
       7
       7
       4
       5
       6
       6
       6
       5
       5
       5
       6
       5
       6
       5
       5
       5
       6
       6
       5
       7
       4
       6
       6
       4
       4
       4
       6
       4
       8
       6
       6
       4
       7
       6
       4
       7
       4
       6
       6
       5
       5
       8
      11
       7
       6
       7
       6
       8
       4
       9
       7
       6
       4
       8
       5
      11
       8
       5
      10
      15
       9
       6
       3
       8
       8
       6
       4
       5
       9
       9
       5
       6
       6
       8
       2
       7
       4
       7
       4
       7
       6
       9
      13
       8
       4
       3
      12
       4
       7
       3
       3
       6
       5
       6
       2
      10
       8
       3
       7
       4
       5
      10
       7
       6
       5
       6
       4
       3
       6
       6
       8
       7
       9
       6
       5
       3
       4
       4
       6
       5
       6
      12
       4
       9
       4
       2
      10
       6
       6
       6
       8
       5
      10
      12
       5
       7
       3
       7
       8
       9
       4
       4
       6
       8
       7
       9
       4
       4
       6
       6
       1
       8
      10
       9
       5
       3
       6
       9
       5
      10
       6
       5
       5
       7
       4
       6
      10
       6
       4
       5
       9
       9
      12
      10
       6
       7
       4
       6
       3
       3
       9
       1
       8
       6
       6
       6
       6
       8
       5
       7
       1
       4
       7
       9
       6
       9
       3
       9
      11
       3
       5
       9
       7
       7
       4
       6
       8
       4
       8
       3
       3
       6
       9
       6
       6
       8
       7
       6
       5
       4
       5
       7
       9
       9
       7
       4
       6
       7
       5
       3
       4
       8
       5
       5
       3
       6
       4
      10
       6
       5
       5
       6
       1
       7
       7
       5
      11
      10
       7
       8
       4
       5
       6
       5
       6
      10
       7
       4
       7
       6
       5
      10
       5
       5
       4
       8
       7
       6
       6
       7
       5
       5
       4
       4
      14
       3
       5
      10
       5
       6
       5
      10
       8
       8
       8
       5
       7
      12
       2
       5
       9
       7
       4
       3
       8
       8
      11
       9
       7
       9
       7
       4
       6
       7
       4
       4
       4
       3
       3
       5
       5
       8
       4
       6
       8
       5
       2
       8
       4
       2
       2
       6
       6
       4
       8
       7
       8
       6
      11
       3
       4
       5
       5
       7
       5
       4
       4
       3
       5
       9
       6
      12
      10
       4
       9
      11
       5
       2
       6
       8
       5
       4
       4
       4
       7
       8
       4
       8
       6
      11
       5
       5
       5
       5
       8
       7
       6
       4
       4
       6
       3
       3
       8
       6
       7
       7
       4
      10
       7
       3
       4
       5
       4
       6
       3
       9
       8
       9
       9
       8
       2
       3
       4
       5
       7
       5
       4
       4
       4
       6
      10
       8
       7
       9
       5
      10
       6
       4
       4
       8
       5
       4
       5
       8
       5
       5
       8
      13
       8
       9
       7
       4
       2
       7
       8
       6
       5
       5
       2
       7
       6
       4
       9
       6
       6
       7
      11
       2
       7
       5
       3
       5
       4
       6
       4
       5
       5
      13
       8
       4
       3
       4
       5
       4
       9
       3
       6
       5
       5
      11
       3
       1
       8
       4
       4
       5
       5
       6
       3
       6
       5
       7
       4
       5
       6
       9
       5
       8
       7
       2
       7
       7
       4
       2
       4
       3
       4
       5
       9
       5
       8
       6
       5
       6
       6
       8
       3
       2
       9
       8
       6
       6
       5
       7
       8
       6
       8
       5
       8
       5
      10
      10
       7
       3
       6
       6
      10
       7
       5
       9
       5
       4
       3
       9
       1
       3
       3
       6
       5
       8
       5
       5
       7
       7
       5
       8
       4
       4
       5
       5
       6
       5
       7
       8
       3
       9
       9
       5
       4
       3
       7
       3
       5
       9
       4
       5
       1
       2
       5
      13
       6
       4
       1
       7
       6
       6
       8
       7
       8
       6
       7
       9
       7
       9
       4
      10
       6
       5
       5
       6
       2
       8
       4
       8
       7
       3
       6
       7
       4
       7
       8
       4
      11
       6
      12
       6
       3
       5
       6
       4
       9
       6
       6
       7
       6
       7
       6
       8
       7
       7
       6
       4
       5
       5
       5
       4
       5
       4
      10
       8
       9
       5
       3
       5
       7
       3
      11
       5
      11
       4
       2
       7
       9
       5
       7
      10
       6
       7
       5
       5
       2
       1
       4
       4
       3
       5
       6
       8
       4
       5
       5
       4
       3
       5
       6
       5
       5
       6
       3
       5
       9
       7
       7
       4
       6
       6
       7
       5
       3
       2
       4
       2
       9
       4
       8
       7
       8
       4
       5
      15
       3
       7
       6
       3
       4
       7
       2
       2
       5
       4
       1
       9
       7
       4
       4
       6
       5
       4
       4
       6
       4
       5
       6
       4
       5
       6
       4
       6
       4
       5
       5
       5
       5
       5
       4
       7
       6
       6
       2
       8
       5
      10
       6
       5
       4
       6
       7
       4
       5
      10
       5
       1
       5
       8
       4
       2
       3
       5
      12
       4
       5
       4
       0
       3
       7
       4
       5
       8
       6
       4
       6
       4
       4
       6
       6
       7
      10
       4
       4
       4
       1
       5
       9
       5
       5
       8
       8
       1
       2
       3
       6
       7
       5
       3
       5
       8
       5
       3
       4
       3
       4
       7
       7
      10
       5
       7
       6
       8
       7
      13
       5
       9
       5
       3
       2
       5
       7
       5
       8
       6
      13
       4
       7
       8
       6
       2
       8
       9
       8
      11
       5
       3
       3
       4
       2
       8
       4
       9
       1
       5
       1
       3
       4
       5
       8
       8
       6
       2
       6
       5
       9
       4
       8
       6
      11
       9
       9
       5
       6
       6
       4
       6
       6
       3
       5
       4
       6
       7
       7
       4
       4
       8
       5
       6
       5
      10
       6
       8
       8
       9
       8
       4
       5
       8
       7
       3
       4
       4
       7
       4
       6
       9
       5
       5
       5
       8
       6
       5
       5
       3
       1
       4
       4
       6
       6
       9
       4
       5
       6
       4
       5
       7
      11
       9
      12
       6
      13
      11
       7
       5
       7
      11
      12
       7
       4
       6
      11
       5
       6
      11
      10
       3
       9
       2
       4
       6
       7
       6
       2
       9
       7
       5
       5
       5
       8
       4
       3
       9
       7
       6
       4
       5
       8
       4
       4
       9
       6
       3
       4
       5
       6
       4
       5
       6
       6
       3
       3
       6
       4
       6
      10
      10
       7
       7
       8
      10
       6
       9
       7
       9
       3
       7
       9
       2
       6
       5
       5
       4
       6
       3
       3
       6
       6
       3
       5
       5
       7
       7
       6
       3
       4
       6
       8
       0
       6
       5
       7
       1
       5
       3
       4
       2
       7
      11
       6
       5
       7
       2
       7
       2
       5
       3
       7
       5
       6
       1
       6
       8
       4
       2
      11
       3
       4
       8
       5
       7
       5
       6
       2
       2
       6
       5
       4
       3
       3
       4
       2
       6
      11
      10
       3
       5
       5
       4
       8
       8
       4
       7
       2
       5
       4
       3
       3
       6
       5
       7
       0
       6
      10
       8
       3
       4
       4
       6
       3
       3
       3
       5
       4
       3
       5
       3
       7
      10
       5
       3
       5
       4
       3
       4
       4
       7
       5
       3
       4
       9
       7
       5
       4
       8
       5
       6
       3
       3
       3
       4
       8
       1
       4
       5
       3
       5
       2
       4
       9
       6
       6
       2
       7
       4
       3
       6
       3
       7
       3
      10
       3
       5
       3
       6
       3
       3
       4
       4
       4
       7
       3
       7
       4
       4
       7
       4
       5
       2
       1
       6
       4
       2
       4
       5
       4
       8
       3
       2
       5
       7
       7
       4
       0
       2
       6
       6
       1
       3
       5
       4
       4
       4
       5
      10
       6
       3
       7
       3
       8
       6
       8
       5
       3
       5
       4
       6
       1
       5
       2
       5
       4
       1
       4
      10
       6
       9
       8
       9
       2
       3
       7
       4
       3
       2
       5
       3
       5
       5
       4
       4
       5
       6
       6
       1
       6
       5
       8
       6
       5
       6
       7
       5
       6
       5
       2
       5
       8
       8
       6
       5
       6
       8
       1
       6
       2
       1
       6
       3
       3
       6
       4
       7
       7
       5
       6
       8
       7
       3
       8
       5
       9
       4
       2
       9
       5
       3
       3
       6
       5
       5
       3
       5
       3
       2
       2
       6
       1
       3
       6
       3
       6
       4
       8
       4
       6
       7
       8
       6
      13
       7
      13
       9
       7
      12
      13
      13
      12
      12
      12
      13
      19
      11
      10
      11
       3
       7
      11
       4
       5
       5
       8
      10
       4
       3
       6
       4
       4
       3
       5
       3
       7
       3
      11
       4
       4
       7
       7
       6
       5
      10
       4
       4
       4
       3
       6
       2
       5
       4
       4
       2
       8
       4
      14
       5
       5
       2
       4
       2
       3
       2
       4
       2
      11
       4
       5
       2
       6
       3
       1
       6
       2
       3
      12
       4
       4
       4
      10
       3
       3
       2
       4
       4
       3
       5
       1
       4
       4
       7
       4
       8
       8
       3
      11
       3
       7
       4
       4
       2
       4
       4
       2
       6
       2
       3
       1
       8
       3
       2
       3
       8
       4
       3
       5
       4
       3
       5
       5
       4
       3
       2
       5
       3
       4
       4
       6
       6
       4
       6
       9
       6
       3
       8
       4
       4
      13
       4
       7
       7
       4
       5
       2
       4
       4
       8
       4
       0
       6
       1
       5
      10
       5
       6
       5
       3
       3
       4
       2
       2
       4
       5
       6
       1
       5
       6
       4
       1
       6
       6
       7
       4
       1
       2
       3
       5
       4
       2
       7
       4
       6
       3
       6
       1
       3
       7
       4
       8
       4
       4
       7
       4
       2
       7
       5
       6
       6
       4
       4
       6
       7
       0
       0
       0
       0
       0
       0
       0
       0
       0
       0
       0
       0
       0
       0
       0
       0
       0
       0
       0
       0
       0
       0
       0
       0
       0
       0
       0
       0
       0
       0
       0
       0
       0
       0
       0
       0
       0
       0
       0
       0
       0
       0
       0
       0
       0
       0
       0
       0
       0
       0
       0
       0
       0
       0
       0
       0
       0
       0
       0
       0
       0
       0
       0
       0
       0
       0
       0
       0
       0
       0
       0
       0
       0
       0
       0
       0
       0
       0
       0
       0
       0
       0
       0
       0
       0
       0
       0
       0
       0
       0
       0
       0
       0
       0
       0
       0
       0
       0
       0
       0
       0
       0
       0
       0
       0
       0
       0
       0
       0
       0
       0
       0
       0
       0
       0
       0
       0
       0
       0
       0
       0
       0
       0
       0
       0
       0
       0
       0
$ROI:
0
$PRESETS:
None
0
0
$ENER_FIT:
-2.173939 0.279251
$MCA_CAL:
3
-2.173939E+000 2.792507E-001 0.000000E+000 keV
$SHAPE_CAL:
3
1.571259E+001 -1.155430E-003 0.000000E+000
