$SPEC_ID:
226Ra
$SPEC_REM:
DET# 1
DETDESC# MCB 132 Input 1
AP# Maestro Version 6.06
$DATE_MEA:
12/06/2021 09:24:41
$MEAS_TIM:
175333 175348
$DATA:
0 8191
       0
       0
       0
       0
       0
       0
       0
       0
       0
       0
       0
       0
       0
       0
       0
       1
       0
       0
       0
       0
       0
       0
       0
       0
       0
       0
    1538
   13882
    1429
     411
     348
     401
     391
     390
     439
     457
     443
     462
     427
     413
     474
     480
     505
     455
     385
     334
     346
     341
     297
     288
     310
     278
     329
     298
     293
     289
     271
     247
     261
     263
     245
     226
     240
     220
     236
     220
     213
     217
     186
     221
     240
     219
     201
     169
     199
     155
     199
     184
     170
     164
     162
     194
     185
     148
     155
     183
     161
     150
     156
     171
     166
     162
     145
     145
     144
     181
     132
     148
     149
     157
     160
     160
     126
     154
     132
     142
     129
     156
     130
     139
     129
     109
     116
     148
     146
     137
     127
     145
     141
     112
     139
     130
     106
     117
     138
     127
     114
     112
     132
     112
     116
     122
     131
     113
     135
     124
     120
     121
     125
     148
     136
     124
     137
     113
     100
     132
     109
     144
     128
     103
     107
     123
     111
      99
     115
     132
     111
      87
     108
     116
     102
     123
     142
     108
      99
     104
     114
     114
     110
     100
     148
     201
     220
     221
     151
     122
     126
     121
     107
     105
     110
      96
     100
     122
      97
      98
     108
      88
     108
      99
     127
      79
      95
     112
     111
     123
     142
     162
     132
     129
     115
     101
     123
     116
     122
      94
     113
     115
      89
      96
     134
     115
     129
     126
      98
      93
     129
     101
     136
     129
     122
     123
     104
     109
     100
     114
     109
     131
     115
     134
     172
     249
     346
     301
     227
     150
     130
     113
     114
     114
     127
     113
     127
     123
     116
     105
     130
     103
     133
     125
     119
      93
     117
     125
     107
     121
     127
     112
     136
     108
     134
     109
     144
     147
     155
     151
     154
     154
     147
     112
     153
     173
     179
     249
     265
     210
     164
     134
     148
     132
     185
     164
     175
     148
     141
     137
     109
     119
     125
     121
     116
     149
     109
     127
     125
     124
     120
     130
     131
     118
     103
     123
     132
     145
     152
     150
     191
     187
     182
     203
     180
     145
     150
     145
     122
     136
     157
     151
     163
     164
     159
     131
      95
     138
     105
     116
     148
     147
     153
     169
     143
     126
     141
     171
     266
     422
     613
     677
     555
     378
     274
     174
     138
     144
     135
     144
     141
     117
     119
     116
     120
     144
     145
     140
     106
     124
     138
     151
     146
     145
     151
     145
     130
     132
     130
     120
     167
     121
     112
     115
     129
     139
     144
     126
     111
     131
     143
     115
     103
     107
     118
     135
     146
     127
     163
     106
     133
     122
     136
     119
     139
     134
     124
     112
     123
     147
     145
     158
     123
     132
     146
     143
     125
     141
     137
     134
     131
     158
     166
     167
     151
     150
     159
     126
     124
     144
     119
     135
     135
     153
     154
     144
     122
     129
     116
     121
     125
     131
     148
     125
     144
     141
     135
     153
     140
     124
     138
     146
     128
     125
     134
     119
     144
     123
     115
     153
     143
     130
     137
     120
     123
     145
     141
     148
     141
     113
     147
     158
     125
     119
     142
     121
     138
     145
     147
     132
     154
     162
     138
     126
     134
     145
     135
     152
     139
     138
     153
     149
     143
     143
     125
     144
     131
     132
     138
     119
     123
     153
     145
     143
     133
     130
      98
     120
     144
     126
     110
     137
     140
     146
     146
     129
     131
     138
     118
     159
     139
     131
     136
     134
     134
     136
     142
     147
     150
     147
     118
     152
     161
     229
     211
     191
     154
     118
     154
     149
     126
     120
     141
     128
     146
     133
     161
     123
     148
     134
     140
     138
     141
     148
     110
     134
     123
     142
     121
     141
     144
     138
     116
     134
     133
     121
     106
     137
     156
     137
     133
     146
     124
     144
     131
     108
     138
     132
     127
     135
     118
     113
     128
     124
     120
     126
     116
     126
     124
     127
     136
     140
     129
     135
     145
     118
     125
     110
     124
     128
     134
     149
     160
     153
     132
     137
     148
     134
     114
     136
     129
     136
     122
     126
     136
     123
     125
     124
     127
     120
     130
     116
     150
     126
     131
     126
     141
     140
     134
     127
     131
     120
     134
     128
     130
     117
     111
     130
     147
     128
     129
     127
      99
     126
     137
     133
     126
     119
     127
     119
     112
     113
     118
     126
     135
     108
     125
     125
     126
     123
     133
     134
     114
     114
     146
     127
     114
     103
     125
     135
     123
     122
     119
     147
     126
     119
     108
     123
     142
     142
     165
     240
     391
     515
     502
     377
     247
     200
     106
     132
     105
     121
     127
     114
     114
     129
     135
     147
     104
     112
     128
     101
     121
     127
     121
     109
     128
     107
     119
      97
     129
     107
     128
     146
      98
     130
     134
     119
     119
     118
     115
     119
     123
     120
     125
     134
     134
     141
     134
     129
     105
     130
     110
     132
     121
     108
     113
     104
     109
     114
     123
     142
     126
     132
     117
     114
     115
     128
     123
     108
     113
     129
     157
     142
     154
     121
     126
     121
     105
     101
     126
     121
     122
     104
     112
     114
     103
     123
     133
     108
     129
     103
     115
     133
     108
     116
     121
     101
     108
     125
      94
     111
     108
     107
     110
      99
     103
     103
     111
     129
     119
     115
      97
     119
     106
     101
     109
     106
     111
     112
      90
     109
      99
      97
      99
     108
     116
     100
     118
      82
     121
      99
      95
     102
      95
     121
     107
     110
     107
     116
      88
     116
     119
     107
      98
     126
      99
     111
     100
     109
     104
      99
      84
     118
     108
     112
      99
     119
      94
     122
      82
     107
     106
     124
      90
     103
      89
      98
      94
     112
     103
      88
      84
     107
      97
     117
      89
      98
     130
     109
     110
      84
      87
      93
      97
     111
     116
      97
     118
     138
     166
     205
     254
     261
     218
     132
     119
     103
     118
     115
     114
     107
     117
     110
      86
     109
      96
     100
      94
     103
      80
     102
     101
      96
      95
     102
      83
      90
      96
     104
     100
      97
      85
     105
      96
      74
      93
     108
     103
      96
      88
      88
      84
      97
      94
     102
      99
     102
     124
      78
      95
     105
     101
      82
     117
      95
      90
      94
      82
      81
     101
      98
      96
     102
      73
      81
      79
      91
      88
      91
      94
     102
      98
      92
     102
     100
      83
      89
     104
      99
      98
      74
      94
      94
      97
      84
      86
      86
     113
      72
      86
      87
      87
      93
      96
      87
      83
      84
      98
      65
      72
      96
      82
      67
      75
      80
      86
      94
      76
      90
      88
      82
      86
     113
     106
     106
      74
      88
      82
      94
      71
      85
      79
      71
      89
      81
      74
      73
      72
      90
      81
      97
      96
      97
      88
      78
      71
     102
      63
      99
      88
     100
      86
     105
      82
     101
      71
      77
      89
      87
      86
      67
      55
      59
      78
      91
      80
      90
      82
      76
      60
      85
      77
      75
      70
      73
      95
      97
      85
      88
      64
      98
      72
      86
      94
      73
      83
      75
      79
      71
      79
      82
      76
      61
      90
      60
      80
      74
      85
      71
      82
      86
      93
      67
      77
      79
      66
      66
      71
      78
      81
      82
      90
      77
     105
      89
      80
      91
      74
      75
      65
      70
      87
      70
      92
      64
      69
      62
      75
      87
      95
      83
     103
      83
      79
      82
      80
      66
      84
     111
      68
      84
      73
      84
      81
      75
      73
      65
      75
      88
      93
      84
      80
      76
      77
      67
      70
      82
      70
      79
      57
      77
      71
      78
      72
      71
      73
      70
      60
      64
      72
      73
      75
      69
      81
      69
      71
      85
      80
      63
      75
      86
      71
      81
      65
      65
      68
      69
      67
      67
      74
      55
      72
      75
      69
      76
      93
      67
      62
      72
      60
      71
      58
      79
      73
      70
      76
      77
      60
      57
      87
      72
      69
      63
      66
      70
      81
      60
      68
      72
      83
      69
      59
      66
      67
      73
      66
      69
      84
      82
      84
      80
      76
      83
      85
      76
      78
      67
      71
      70
      56
      65
      67
      61
      78
      64
      68
      55
      75
      56
      68
      71
      67
      62
      82
      50
      76
      91
      58
      83
      74
      75
      73
      50
      74
      79
      95
      96
      94
      98
      92
      65
      85
      65
      76
      66
      80
      87
      59
      67
      67
      66
      74
      68
      71
      71
      63
      56
      58
      54
      61
      58
      63
      68
      61
      62
      71
      52
      62
      62
      67
      60
      49
      60
      61
      67
      49
      63
      51
      65
      68
      69
      60
      63
      82
      85
      84
      96
      81
      73
      62
      67
      63
      61
      67
      64
      78
      65
      47
      64
      59
      70
      62
      62
      58
      59
      58
      58
      80
      73
      58
      67
      55
      40
      61
      62
      64
      64
      54
      63
      70
      61
      63
      62
      71
      61
      72
      60
      60
      64
      56
      49
      65
      58
      66
      61
      55
      50
      74
      68
      59
      58
      72
      67
      80
      58
      51
      57
      77
      65
      51
      70
      69
      60
      54
      64
      47
      54
      51
      48
      55
      59
      55
      72
      51
      53
      65
      41
      58
      54
      62
      61
      63
      56
      49
      55
      53
      51
      66
      61
      55
      63
      56
      51
      57
      60
      51
      67
      40
      57
      68
      43
      57
      50
      54
      62
      60
      55
      68
      64
      54
      61
      64
      50
      58
      53
      60
      66
      63
      46
      65
      47
      58
      56
      58
      57
      47
      60
      53
      64
      66
      53
      70
      58
      42
      36
      44
      50
      55
      68
      69
      47
      46
      50
      53
      54
      45
      52
      55
      58
      48
      60
      57
      59
      53
      59
      60
      49
      56
      59
      56
      51
      50
      41
      66
      62
      50
      51
      69
      65
      59
      58
      60
      54
      45
      50
      64
      59
      58
      43
      66
      49
      51
      44
      62
      44
      43
      48
      72
      62
      49
      54
      49
      42
      61
      49
      61
      44
      59
      64
      50
      59
      57
      65
      45
      56
      56
      54
      56
      58
      49
      55
      49
      54
      42
      42
      52
      58
      51
      45
      57
      60
      56
      54
      65
      45
      60
      50
      54
      41
      40
      57
      49
      49
      45
      51
      61
      45
      41
      64
      59
      45
      47
      57
      41
      49
      40
      47
      56
      55
      40
      55
      55
      47
      59
      39
      65
      53
      51
      46
      54
      55
      57
      52
      40
      53
      59
      43
      60
      58
      50
      42
      47
      42
      40
      40
      47
      59
      55
      43
      53
      45
      57
      54
      55
      84
     123
     185
     270
     330
     273
     250
     172
     125
      87
      66
      64
      46
      55
      56
      47
      62
      49
      47
      42
      40
      53
      49
      52
      47
      48
      56
      46
      37
      44
      48
      60
      45
      50
      37
      37
      54
      47
      49
      65
      53
      41
      42
      60
      37
      45
      48
      56
      48
      47
      55
      52
      45
      40
      44
      51
      52
      60
      33
      46
      46
      36
      41
      46
      52
      60
      36
      40
      40
      54
      45
      51
      30
      40
      42
      47
      49
      51
      63
      72
      30
      49
      56
      40
      48
      52
      41
      33
      49
      47
      53
      49
      52
      41
      37
      51
      43
      39
      36
      45
      36
      51
      57
      59
      40
      35
      37
      64
      56
      59
      45
      48
      51
      55
      42
      57
      41
      42
      60
      55
      43
      39
      46
      42
      46
      39
      33
      41
      46
      40
      36
      48
      40
      46
      50
      54
      38
      42
      49
      43
      52
      45
      41
      45
      40
      40
      43
      37
      50
      42
      48
      49
      41
      49
      39
      35
      48
      40
      52
      43
      39
      39
      46
      39
      41
      44
      32
      30
      53
      43
      37
      35
      32
      41
      43
      29
      49
      35
      34
      43
      37
      37
      36
      38
      33
      49
      53
      43
      48
      37
      36
      40
      43
      38
      42
      45
      58
      39
      31
      43
      25
      31
      43
      39
      39
      52
      49
      32
      34
      32
      33
      57
      37
      36
      49
      42
      43
      36
      37
      37
      34
      30
      38
      41
      54
      41
      44
      47
      40
      42
      40
      42
      45
      44
      51
      46
      37
      37
      37
      40
      33
      32
      48
      48
      39
      37
      46
      41
      32
      33
      42
      44
      43
      51
      33
      30
      40
      49
      36
      41
      48
      39
      45
      37
      48
      36
      46
      54
      57
      49
      80
      72
     100
     120
     150
     175
     225
     267
     307
     300
     296
     283
     241
     206
     167
     151
     102
     112
      55
      76
      68
      56
      39
      31
      42
      36
      23
      38
      40
      43
      37
      46
      37
      39
      30
      31
      38
      30
      21
      53
      29
      28
      48
      23
      48
      35
      30
      36
      31
      35
      36
      34
      41
      42
      34
      35
      46
      46
      41
      35
      35
      23
      26
      36
      28
      38
      38
      36
      31
      44
      30
      29
      39
      27
      39
      27
      34
      46
      33
      33
      46
      38
      24
      36
      35
      35
      40
      38
      33
      34
      26
      39
      34
      33
      36
      28
      24
      32
      34
      33
      33
      45
      31
      31
      33
      36
      24
      31
      39
      32
      33
      22
      33
      29
      25
      39
      40
      41
      25
      31
      32
      35
      29
      40
      42
      39
      30
      36
      35
      36
      36
      35
      40
      31
      36
      33
      28
      29
      35
      32
      34
      39
      35
      40
      29
      22
      28
      39
      44
      31
      29
      38
      40
      38
      28
      36
      31
      30
      45
      25
      23
      36
      28
      39
      24
      21
      32
      17
      32
      39
      31
      22
      26
      42
      33
      27
      34
      33
      29
      38
      27
      29
      35
      22
      32
      26
      36
      33
      26
      35
      25
      31
      37
      29
      32
      30
      20
      40
      38
      37
      34
      29
      30
      43
      34
      33
      46
      36
      34
      33
      40
      36
      38
      40
      34
      44
      50
      50
      57
      57
      64
      35
      49
      44
      53
      30
      37
      26
      19
      35
      26
      24
      28
      43
      27
      33
      32
      39
      35
      33
      27
      27
      30
      30
      32
      30
      31
      34
      24
      31
      33
      35
      38
      35
      24
      22
      33
      23
      25
      27
      33
      31
      26
      44
      54
      52
      64
      66
      65
      67
      51
      37
      33
      30
      25
      31
      29
      34
      22
      28
      41
      34
      28
      28
      31
      43
      33
      26
      25
      32
      25
      26
      28
      27
      27
      29
      20
      30
      41
      26
      39
      27
      33
      24
      29
      30
      30
      31
      25
      25
      39
      30
      44
      30
      33
      32
      32
      35
      37
      43
      33
      31
      33
      32
      43
      28
      34
      29
      31
      40
      34
      42
      30
      27
      30
      25
      15
      36
      30
      40
      31
      42
      24
      28
      29
      31
      36
      49
      37
      33
      30
      26
      29
      31
      26
      30
      45
      37
      36
      49
      53
      44
      36
      49
      29
      32
      33
      40
      31
      43
      29
      35
      50
      68
      98
     130
     187
     187
     223
     195
     188
     106
      91
      49
      38
      39
      34
      26
      31
      34
      35
      32
      27
      37
      26
      19
      31
      31
      15
      27
      24
      29
      28
      18
      32
      26
      26
      19
      26
      25
      33
      27
      22
      29
      31
      33
      28
      31
      28
      32
      28
      28
      34
      37
      26
      36
      36
      32
      26
      33
      33
      30
      31
      31
      26
      32
      26
      27
      31
      26
      32
      34
      19
      30
      18
      22
      23
      30
      27
      34
      29
      21
      34
      32
      33
      38
      23
      22
      34
      23
      29
      30
      28
      22
      27
      23
      31
      35
      27
      32
      27
      22
      19
      29
      29
      36
      30
      29
      17
      18
      32
      23
      21
      22
      21
      20
      34
      36
      33
      29
      28
      26
      33
      32
      27
      32
      23
      30
      24
      22
      24
      25
      20
      23
      24
      29
      32
      22
      28
      25
      32
      25
      26
      24
      26
      22
      19
      20
      23
      24
      31
      27
      29
      23
      24
      29
      29
      24
      31
      18
      25
      23
      21
      25
      23
      34
      28
      21
      26
      20
      45
      46
      68
     133
     163
     206
     248
     290
     257
     218
     163
     119
      69
      56
      39
      34
      22
      26
      18
      27
      21
      19
      31
      33
      19
      27
      28
      19
      27
      21
      23
      24
      19
      32
      32
      29
      21
      15
      25
      22
      30
      31
      24
      15
      30
      22
      15
      22
      22
      25
      29
      20
      21
      22
      27
      23
      30
      18
      14
      29
      24
      19
      25
      27
      22
      23
      23
      31
      27
      20
      23
      19
      22
      23
      30
      21
      21
      29
      23
      20
      23
      22
      15
      29
      30
      19
      25
      27
      29
      28
      17
      18
      29
      18
      25
      21
      24
      16
      28
      25
      32
      29
      23
      19
      16
      22
      18
      20
      24
      21
      21
      17
      19
      16
      19
      21
      37
      25
      29
      31
      18
      24
      24
      27
      26
      32
      31
      30
      25
      30
      18
      28
      26
      23
      25
      30
      28
      19
      23
      22
      28
      25
      30
      26
      23
      30
      27
      25
      24
      15
      24
      32
      21
      24
      34
      28
      21
      29
      18
      24
      24
      33
      22
      28
      23
      23
      29
      26
      31
      23
      26
      29
      28
      23
      29
      31
      29
      20
      27
      25
      21
      23
      25
      17
      18
      30
      24
      38
      20
      14
      25
      25
      16
      28
      18
      19
      25
      28
      23
      19
      23
      20
      23
      22
      17
      17
      37
      26
      26
      19
      19
      32
      37
      24
      18
      32
      26
      25
      21
      37
      56
      65
     106
     106
     153
     189
     173
     159
     131
      93
      52
      48
      34
      30
      21
      25
      17
      18
      31
      23
      34
      35
      28
      32
      26
      22
      21
      21
      18
      20
      16
      18
      25
      29
      16
      20
      32
      24
      26
      26
      21
      32
      22
      24
      24
      19
      25
      13
      27
      25
      11
      25
      25
      21
      26
      17
      19
      15
      19
      20
      17
      25
      24
      26
      15
      24
      14
      19
      19
      23
      24
      20
      18
      23
      22
      26
      19
      21
      14
      26
      18
      21
      23
      24
      20
      23
      20
      20
      18
      29
      26
      29
      24
      29
      14
      21
      13
      14
      30
      26
      20
      14
      22
      18
      26
      23
      20
      13
      23
      20
      10
      23
      32
      27
      16
      22
      25
      23
      25
      20
      20
      16
      16
      20
      15
      24
      20
      13
      23
      23
      24
      16
      16
      12
      18
      19
      21
      20
      17
      18
      24
      30
      26
      20
      13
      17
      21
      23
      22
      23
      26
      17
      22
      17
      23
      21
      19
      31
      23
      34
      23
      36
      29
      26
      36
      18
      21
      26
      21
      27
      17
      27
      19
      13
      23
      27
      18
      17
      25
       9
      26
      26
      24
      19
      21
      17
      14
      15
      12
      27
      21
      17
      20
       9
      20
      25
      12
      22
      15
      17
      20
      17
      16
      17
      18
      16
      14
      29
      15
      36
      23
      18
      17
      24
      28
      18
      14
      18
      13
      19
      20
      20
      14
      20
      24
      20
      23
      23
      22
      19
      17
      19
      21
      22
      22
      23
      19
      23
      23
      29
      13
      15
      19
      15
      10
      15
      18
      29
      19
      16
      13
      20
      20
      24
      19
      20
      16
      21
      24
      19
      21
      18
      16
      25
      13
      20
      21
      16
      16
      21
      12
      22
      14
      26
      23
      18
      24
      14
      26
      17
      15
      16
       9
      20
      21
      21
      19
      18
      22
      24
      17
      21
      15
      27
      18
      24
      23
      23
      31
      25
      13
      11
      14
      21
      25
      21
      18
      18
      21
      23
      13
      16
      15
      14
      15
      21
      24
      11
      16
      27
      18
      16
      20
      23
      16
      18
      13
      17
      15
      14
      12
      21
      16
      17
      17
      16
      18
      16
      26
      28
      19
      10
      11
      20
      29
      26
      21
      14
      20
      20
      12
      17
      23
      19
      14
      18
       7
      12
      14
      30
      19
      12
      19
      18
      18
      15
      19
      18
      18
      14
      12
      13
      22
      24
      12
      15
      23
      24
      23
      12
      18
      14
      14
      18
      20
      17
      18
      15
      21
      17
      16
      15
      22
      21
      19
      26
      13
      18
      22
      15
      22
      16
      30
      23
      22
      22
      20
      18
      13
      19
      28
      17
      18
      14
      18
      19
      17
      19
      24
      13
      21
      21
      21
      31
      20
      18
      23
      17
      18
      16
      15
      19
      21
      22
      18
      22
      26
      24
      15
      18
      21
      20
      24
      23
      17
      22
      17
      22
      28
      12
      13
      18
      19
      25
      14
      23
      13
      18
      10
      16
      23
      16
      15
      10
      13
      17
      22
      16
      12
      16
      18
      23
      12
      16
      20
      14
      17
      20
      18
      13
      23
      16
      11
      13
      13
      15
      20
      18
      12
      13
      15
      20
      12
      27
      25
      17
      27
      18
      25
      20
      21
      16
      18
      20
      14
      15
      18
      10
      13
      17
      19
      13
      22
      16
      16
       8
      22
      14
      12
      17
      11
      20
      20
      20
      16
      16
      18
      13
      14
      20
      18
      25
      20
      16
      20
      13
      15
      18
      14
      23
      17
      15
      23
      15
      20
      12
      16
      14
      13
      15
      13
      14
      14
      10
      17
      22
      16
      14
      14
      13
       9
      16
      18
      13
      17
      11
      26
      11
      19
      17
       5
      18
      17
      17
      19
      18
      20
      10
      14
      17
      19
      15
      17
      21
      19
      15
      12
      15
      14
      15
      13
      16
      15
      23
      11
      16
      12
      18
      17
      14
      18
      18
      15
      15
      20
      15
      14
      18
      17
      15
      19
      23
      10
      14
      15
      22
      14
      19
      17
       7
      22
      15
      15
      18
      14
      17
      18
      16
      18
      21
      14
      15
      20
      19
      16
      15
      16
      15
      20
      12
      13
      20
      19
      22
      14
      14
      12
      17
      16
      11
      15
      20
      15
      13
      16
      16
      19
      19
      13
      16
      18
      11
      14
      13
      12
      22
      15
      21
      10
      21
      16
      21
      17
      22
      20
      26
      32
      31
      34
      35
      30
      17
      23
      27
      22
      16
      13
      18
      14
      15
      16
      18
      19
      12
      11
      14
      19
      29
      15
      18
      18
      10
      21
      13
      12
      16
      19
       9
      20
      22
      15
      18
      10
      16
      19
      14
      16
      17
      14
      25
      15
      12
      17
      10
       7
      14
       9
      13
       7
      16
      14
      15
      20
      15
       9
      15
      22
      24
      13
      10
      12
      12
      14
      21
      24
      19
      19
      12
      15
      13
      13
      20
      15
      15
      13
      16
      14
      18
      15
      14
      15
      11
      15
      13
      14
      15
      11
       7
      15
      19
      25
      16
      16
      10
      14
       9
      13
      17
      15
      15
       7
      14
      23
      18
      14
       9
      18
      14
      14
      13
      17
      16
      17
      17
      17
      16
      14
      13
      18
      15
      25
      27
      12
      14
      17
      21
      18
      17
      11
      11
      10
      13
      14
      24
       9
      13
      12
      11
      11
      14
      16
      16
      17
      16
      13
      16
      16
      17
      18
      13
      12
      21
      21
      15
       8
       5
      17
      13
       7
      18
      14
      10
      13
      19
      10
      11
      15
      12
      17
      19
      14
      16
      13
      16
      13
       9
      19
      12
      17
      10
      19
      19
      14
      26
       9
      21
      19
      18
      20
      25
      21
      13
      11
      15
      16
      15
      17
      17
      21
      17
      18
      16
      23
      15
      21
      27
      38
      27
      18
      24
      18
      14
      17
      11
      16
      12
      11
      16
      10
      10
      16
       9
      13
      10
      12
      12
      11
      12
      17
      14
      15
      14
      12
      19
      21
      15
      14
      16
      15
      13
      13
      14
      18
      10
      11
      16
      17
      14
      16
      13
      16
      11
      12
      16
       8
      12
      12
      12
      10
      22
       9
      15
      11
      19
      14
      15
      17
      17
      18
      15
      12
      13
       8
      15
       9
       9
      12
       7
      15
      14
      15
      16
      14
      15
      15
      13
      11
      13
       9
       9
      12
      12
      15
      17
      16
      19
      10
       7
       9
      18
      14
      10
      12
      15
      13
      21
      15
      21
      17
      22
      19
      14
      21
      31
      27
      30
      31
      24
      33
      33
      27
      32
      20
      16
      17
      16
      13
      16
      14
      19
      13
      10
      10
      20
      13
      17
      16
      12
      19
      12
      11
       8
       5
       8
       7
      10
      17
      12
       9
      27
      11
      12
      11
      14
      13
       9
      11
      16
      13
      16
       8
      12
      13
      14
      10
       6
      12
      16
      17
      18
      15
      23
      11
      12
      12
      15
      13
      15
      16
      11
      18
      18
      10
      11
      11
      23
      16
      12
      12
      18
      12
       6
      13
      19
      11
      11
       9
      14
      21
       9
       9
      13
       9
      18
      13
      10
      11
      18
      11
      12
      15
      11
      13
      12
      19
       9
      16
      12
       6
      16
      11
      14
      11
      19
      12
      13
      11
      15
      13
      10
      12
      16
      20
      11
      20
      10
      14
      14
      14
      13
      18
      18
      16
       8
      14
      13
       9
      14
      13
      17
      17
      14
      14
      10
      13
      19
       4
      17
      20
      16
       8
       9
      11
      13
       7
      13
      16
      12
      14
      11
      14
      13
      18
       8
      10
      15
      13
      11
      15
      10
      16
      12
      11
      13
      11
      13
       6
      15
      14
       7
      13
      19
      13
       8
       5
      10
      13
      11
      19
      17
       9
      17
       5
      10
      12
      11
       7
      11
      15
      23
      10
      10
      11
      12
      14
      14
       5
      12
      13
       6
      17
      12
      10
      11
      13
      15
      17
      12
       7
       9
       8
      17
      14
       8
      13
      13
      10
      19
      27
      19
      21
      21
      26
      22
      28
      16
      14
      18
      14
       9
      13
      13
       8
      13
      11
      16
      16
      14
      11
      14
      10
      14
      11
      15
      14
      16
      11
      20
       8
      14
      15
      18
      10
       7
       9
       7
      15
      17
      12
      16
      16
      15
      10
      16
      12
      11
      16
      11
      14
       5
      22
      19
      16
      10
      15
      17
       6
      16
       5
      10
      13
      11
       5
       5
       9
       9
       9
      11
       8
      20
      17
       9
       7
      11
       5
      19
      12
      12
       9
      10
       8
      11
      15
      11
       8
      11
      17
      10
      12
      12
       7
      10
      12
      14
      12
      17
       7
      14
      11
      19
      13
      20
      11
      15
      10
       6
      13
      10
      10
      10
      10
      11
      11
      11
       9
      21
      14
      13
      10
      14
      13
      10
      11
      14
       8
      21
       7
      16
       9
      10
      15
       7
      17
      12
      10
      17
      10
       8
      12
       9
      12
      11
      10
      13
       9
      10
      16
      14
      15
      10
       7
       9
       8
       9
       7
      13
      14
       8
       8
      14
      15
      15
      14
      16
      14
      12
      13
      10
      15
      16
       9
      15
      15
      16
       8
      10
       5
       8
      13
      16
      13
      12
      11
      10
      16
      15
      14
      13
      12
       8
      14
      19
      14
      19
      11
      10
       7
      10
       7
      12
      15
      20
      21
      21
      24
      21
      24
      15
      16
      10
       8
       7
      10
      10
      13
      13
       7
      16
      10
       9
      17
       9
       8
      16
       7
      13
      12
      10
      17
      10
       8
       9
      11
       7
      15
      10
      11
      12
      21
      15
       8
      17
       8
      11
       7
       9
      12
       7
      15
      16
      10
      12
      15
      13
      13
      14
       9
      10
      10
      11
      10
       9
      10
      12
      11
      13
      16
      11
      12
      11
      13
      14
      18
      17
      12
      10
      12
      13
       5
      11
       9
      10
      13
      14
       6
      12
      14
       6
      14
      10
      17
      11
       9
       9
       8
       9
      11
      10
       5
      10
       7
      14
       8
      13
      10
      13
      15
      10
      12
      14
       8
      12
      10
      16
      11
       7
      17
       7
      12
      20
      15
       7
      19
      12
      18
      14
      10
      20
      12
      15
       9
       6
      11
      16
      13
      12
      14
      21
      14
      12
       7
      10
      13
       9
      11
      12
       9
      13
      12
      17
      15
       9
      12
      10
      13
      11
      11
      14
      14
       9
      12
       4
      13
       5
      10
       9
      12
      13
      16
       9
      14
       7
      11
      10
      15
      11
      13
      10
       9
      10
      12
      12
       9
      16
       8
       5
       9
       8
      10
       5
      19
       3
       8
      13
      16
       6
      13
       6
       8
      15
       7
      16
      11
       9
      13
      13
      11
       5
       9
      14
      12
       8
       9
      13
       8
      10
      17
      15
       8
      18
       6
       4
      14
      13
      13
      11
      15
      11
      12
      19
      14
      14
      11
       9
      12
      14
      11
      13
       9
      11
       8
       9
       6
       8
      13
      14
       8
      15
      14
       9
      10
      11
      11
      11
      13
      11
       7
       9
      14
       8
       6
      14
      10
      10
      16
      10
      12
      15
       7
      10
      14
      11
       6
      12
       6
      13
       5
      14
      11
       5
      11
       5
       8
      15
       8
      15
      10
       8
      11
       4
      17
       6
      11
       9
       6
      12
      10
      16
      11
      17
       9
      13
      11
      12
      12
      12
      12
      11
      11
       9
      17
      12
      14
      16
       9
       9
      10
      16
      17
      11
      12
       6
      12
      15
       8
      12
      12
      10
      10
      12
      14
      15
      16
      11
       6
       7
      15
       9
      11
      12
      12
      10
      12
       7
      11
       9
      12
       9
      10
       9
      11
       8
      15
      11
       7
       6
      17
      10
       8
       8
      11
      15
      11
       9
      12
      16
       9
       9
      10
      11
      11
       6
       6
      13
       5
       8
       6
       9
      13
       8
      12
       6
      11
      14
      12
      15
      10
      11
      11
      11
      11
      10
      12
      22
      21
      13
       8
      16
      10
      10
       7
      17
      14
       9
      14
      14
       6
      12
      15
      13
      10
      11
      14
      11
       6
      14
      11
      10
      19
      14
      13
      19
      16
      11
      13
      14
       9
      20
      11
      10
       7
      10
      12
      12
      15
      13
       9
      13
      17
       9
      13
      12
       8
      11
       9
      11
      11
      16
       5
       6
      16
      11
      14
       9
       8
       5
       9
       6
      17
      13
      12
       9
       8
       6
      12
       8
       6
      11
      12
       5
      12
      10
      13
      10
       8
       9
      13
      12
       8
       6
      14
      15
      12
       9
      15
       8
      11
       8
      10
      12
      11
      12
       9
       7
       7
      10
      10
       4
      10
       3
       9
       8
       8
       8
      15
      12
      16
      10
       8
       9
       6
      12
      11
       7
       6
      10
      14
      11
       9
      15
       8
      13
       2
      10
      11
      13
       9
      14
      16
      11
       7
      10
       8
       9
       6
       8
      11
       6
      10
       8
      10
      11
      12
       5
      16
      12
       7
      13
      12
       5
      15
      17
       8
       8
      13
      13
      10
      11
       9
       9
       7
       9
       9
       9
      12
       2
       5
       6
       9
      11
       3
       3
      11
       9
      10
      12
       3
       6
      11
      11
      12
      10
       8
       8
      11
       9
       9
       8
       3
       9
       9
       8
      13
       9
       9
      10
      11
       5
      12
       6
       8
      10
      10
       7
      11
       9
      10
      11
       6
      15
      10
       7
      10
       9
      14
       7
      10
      10
      15
      12
      13
      12
       6
      11
      11
       2
      12
       8
       4
      12
      11
      10
       6
       8
       9
       9
      11
      10
       9
      11
       7
      13
      11
       9
       8
      10
       9
      17
       9
       4
       7
      14
       3
       6
      11
       7
       8
       7
       6
       9
       7
       6
      11
       6
       5
       3
      14
      15
      11
      13
       7
       5
       5
       5
       7
       8
       6
      10
       6
       6
       7
       8
       8
      16
      10
      10
       4
      11
       9
      10
       8
       0
      11
      13
       6
      10
       8
       8
       8
       8
      13
       8
       9
       9
      10
       7
       7
       8
      10
       7
       4
      14
       5
       6
      11
      10
       6
      12
      20
       7
       4
      10
      17
      11
       4
       9
       5
      16
      16
      16
       9
      12
      13
       9
      10
       5
      11
      11
      10
      12
       9
       9
       9
       4
       8
       6
       6
      15
       7
       9
       7
      10
      12
       5
      13
       6
       7
       4
      13
       7
       6
      10
       9
       7
       5
      15
       5
      14
      10
       9
       8
      13
       5
       8
       9
      11
       9
       7
      13
       8
       5
       8
       6
       9
       8
      10
      14
       6
       4
       7
       9
       4
      11
       4
       7
       6
       7
       9
       9
       8
       6
       6
       6
      11
       3
       7
      10
       8
      10
      10
      11
       7
       4
       7
       5
       5
       6
      10
       7
      10
       6
       6
      10
      10
       5
       7
      11
       8
       4
      10
       5
      12
       9
       9
       6
       8
       6
       4
      12
       8
       6
       9
       6
      17
       7
       6
       6
      10
       9
       6
      11
      11
       9
       4
       3
      14
       8
       7
      11
       8
      10
      14
       5
       9
       9
       6
      10
       8
       9
       7
       7
       7
       4
       7
       7
       7
       9
       8
       4
      13
       5
       7
       9
      13
       7
       9
       6
       5
       9
      11
       7
      10
       6
      13
       4
      14
      10
       8
       5
      12
       9
      14
       9
       4
      12
       5
      10
       9
       2
       5
       8
       4
       6
      15
       9
       8
       6
      10
       7
      14
      12
      11
      12
      10
      13
       3
       9
       6
      12
       9
      11
       7
      11
       9
      10
      10
       3
      11
       6
       7
       5
       7
       8
       6
       9
      12
       6
      12
      10
       6
      10
       5
       2
      10
       8
      10
       4
       9
       9
      14
       8
       4
      12
       6
       6
       8
       9
       9
       6
       8
       5
       7
       7
       6
       5
       9
      10
      10
      13
       7
       6
       8
       6
       8
       9
       7
       8
       8
      11
       5
       4
      13
      11
       7
       6
       4
       5
       6
       8
      12
      10
       2
       8
       9
       9
      10
      12
       5
       6
      10
       8
       7
      11
       3
      12
       9
      12
       4
       8
       6
       6
      10
       9
       6
       6
       5
       9
       3
       6
       8
       8
       6
      12
      14
       9
       7
       5
      14
       8
       6
       9
       6
       8
       8
       9
       5
       5
       4
       4
       7
       8
       5
       6
      14
       8
       6
       5
       9
       6
       6
       5
      15
       9
       6
       7
      10
       4
       8
       5
       8
       7
       7
      11
       7
      10
       6
       8
       7
       6
       7
       9
       3
       7
       4
       6
       3
      11
      12
       5
       6
       8
       8
      14
       3
       5
       7
       5
       7
       6
       6
       7
       4
       5
       5
       2
       7
      10
       9
       2
       8
       9
       5
       6
       6
       6
       6
       7
      12
       2
       8
      13
      11
       9
      11
       7
       9
       4
       6
      13
       9
       7
       7
       4
       8
       6
       9
       9
      15
      13
       9
       6
       6
       4
      10
       8
       4
       4
       8
       7
      10
       7
       7
       6
       8
       5
       9
       5
       8
       7
      12
       8
      12
      10
       6
       4
       5
       2
       6
       7
       9
       6
       5
       6
       6
       7
       7
      10
       7
      12
       6
       7
      11
       5
       7
       8
       7
       6
       8
       6
       7
       5
       6
       4
       4
      10
       5
       6
       4
      11
      13
       6
       7
       4
       6
       4
       3
       6
      10
      10
      11
      20
      23
      19
      24
      29
      39
      42
      46
      36
      47
      47
      42
      32
      27
      26
      18
      15
      10
      15
      13
       7
       6
       5
       5
       3
       6
       9
       7
       7
      13
       8
       8
       7
       3
       5
       8
      10
       8
       9
       7
       4
       1
       9
       9
       5
      10
       4
       8
       1
      15
       5
      10
       5
      11
       7
       5
       6
       6
       4
       2
       6
       8
       4
       3
       8
       9
       7
       7
      12
       7
       3
       5
       8
       9
       6
      10
      10
       3
       9
       6
      10
       7
       3
       4
       5
       9
       7
       5
       8
       7
       4
       8
      10
       5
       5
      11
      11
       3
      10
       8
       4
      11
       5
      11
       8
      10
       6
       7
       5
       8
       8
       6
      10
       8
       7
       3
       5
       7
       8
       4
       4
       7
       5
       8
       7
       5
       3
       8
       9
       5
       8
       5
       3
       5
       6
       7
       8
      10
       3
       6
      11
       3
       8
       6
       6
       5
       3
       8
       6
       7
       8
       7
       6
       3
       4
       7
       8
       5
       8
       3
       8
       9
       6
       5
       9
       6
       6
       6
       3
       7
      10
       8
       2
       4
       4
      10
       7
       8
       6
       9
       7
       9
       7
       6
      11
       9
       6
       7
       8
      11
       3
       8
       7
      10
       9
      11
       6
       3
       4
       4
       8
       7
       5
       9
       5
       2
       3
       4
       2
       8
       8
       8
       7
       5
      10
       4
       7
       4
       4
       8
       6
       7
       9
       4
       2
       6
       7
       6
       5
       6
       6
      11
       6
       6
       3
       5
       8
       3
      12
       7
       7
       2
       9
       7
       5
       6
      11
       6
       5
       7
       5
       5
       6
      11
       7
       5
       2
       6
       6
      10
       5
       4
       6
       7
       8
       7
       6
       3
       5
       6
       7
       7
       4
      10
       7
       8
       8
       1
       4
       4
       3
       6
       6
      10
      10
       5
       6
       5
       7
       4
      12
      11
       2
       5
       4
       7
       4
       6
       3
       1
       8
       2
       5
       9
       6
       7
      11
       4
       7
       6
       4
       7
       7
       4
       7
       5
       9
       4
       8
       5
       5
       8
       5
       4
       4
       3
      10
       6
       9
       9
       5
       9
       2
       4
       4
       3
       5
       5
       3
       3
       5
       6
       9
       9
       4
       8
       7
       4
       2
       8
       9
       7
       9
       6
       6
       6
       8
       5
       8
       1
       6
       3
       7
       5
      12
       5
       6
       5
       5
       4
       6
       9
       4
       4
       7
       8
       5
       3
       3
       9
       3
       4
       1
       6
       4
       4
       5
       8
       6
      11
       6
       6
       8
       6
       4
       4
       3
       3
       3
       4
       5
       6
       8
       8
       2
       6
       7
       3
       4
       7
       8
       9
       4
       6
       2
       5
       7
      10
       7
       2
       5
       8
       5
       6
       4
       4
       4
       7
       6
       6
       4
      11
       6
       7
       4
       7
       4
       2
       7
       6
       3
      10
       5
       7
       4
       2
       4
       8
       6
       4
      12
       8
       7
       8
       8
       5
       7
      10
       8
       5
       7
      12
      12
       2
       4
      11
       6
       9
       6
       6
       7
       7
       7
      12
       8
       9
      17
       6
       6
       7
       8
       8
       9
       9
       7
       7
       4
       9
       5
       8
       5
       6
       0
       2
       5
      10
       8
       9
       5
       4
       7
       6
      10
       7
       1
       3
       4
       5
       0
      10
      10
       9
       7
       9
       6
       7
       6
       6
       4
       6
       3
       9
       4
       7
       6
       7
       5
       7
       6
       8
       4
      11
       4
       4
       3
      10
       6
      10
       5
       2
      10
       8
       6
       9
       4
       9
       5
       9
       7
       7
       5
       7
       4
       7
       5
       4
       6
       4
       3
       3
       5
       5
       4
       1
       6
       6
       6
       3
      10
       3
      10
       3
       5
       6
      10
       4
       2
       6
       6
       5
       3
       4
       5
       5
       0
       5
       6
       5
       7
       7
       4
       3
       6
       6
       6
       7
       5
       9
       5
       3
       7
       3
       3
       9
       5
       8
       7
       8
       7
       2
       8
       6
       5
       2
       6
      13
       4
       6
       9
       5
       4
       2
      14
       4
       2
       4
       6
       4
       9
       5
       1
       8
       6
       4
       4
       3
       7
       6
       6
       7
       8
       4
       6
       8
       5
       6
       8
       7
       8
       2
       5
       3
       3
       9
       6
       4
       6
       4
       5
       4
       6
       5
       8
       3
       2
       5
       3
       4
       4
       6
       9
       5
       2
       4
       5
       1
       9
       8
       4
       6
       7
       5
       9
       7
       5
       3
       5
       7
       4
       4
       7
       7
       4
       6
       6
       3
       5
      10
       6
       6
       9
       8
       3
       8
       3
       5
       9
       2
       4
       5
       6
       3
       5
       3
       8
       4
       5
      10
       4
       8
       6
       9
       3
       8
       7
       7
       3
       9
      10
       3
       0
       6
       3
       3
       6
       4
       7
       4
       6
       7
       8
       2
       7
       2
       6
       5
       5
       5
       3
       4
       8
       4
       6
       5
       6
       8
       4
       5
       7
       5
       6
       3
       6
       4
       4
       5
       4
       5
       5
       8
       6
       7
       4
       8
       7
       2
       6
       3
       5
       6
       6
       8
       4
       3
       6
      10
       3
       3
       6
       3
       0
       4
       5
       7
       7
       6
       5
       8
       2
       2
       8
       7
       6
       5
       4
       2
       3
       7
       4
       3
       6
       8
       2
       1
       5
       4
       9
       7
       5
       7
       9
       5
       7
       5
       3
       3
       5
       4
       6
       3
       5
       5
       2
       4
       4
       4
       4
       4
       6
       8
       8
       3
       4
       3
       5
       4
       8
       4
      12
       6
       5
       2
       6
       3
       7
       4
       6
       8
       8
       4
       2
       8
       3
       8
       5
       6
       6
       4
       7
       4
       4
       8
       7
       4
       8
       2
       6
       3
       5
       4
       4
       3
       8
      10
       9
       1
       5
       5
       4
       4
       2
       3
       3
       6
      11
       1
       7
       2
       4
       4
       1
       3
       1
       7
       4
       6
       6
       5
       4
       0
       6
       4
       4
       6
       2
       4
      11
       3
       2
       8
       6
       6
       3
       5
       2
       6
       4
       8
       4
       6
       4
       3
       2
       9
       3
      10
       8
       8
       4
       5
       8
       3
       1
       1
       3
       2
       5
       6
       7
       7
       5
       6
       6
       5
       1
       4
      11
       5
       5
       7
       4
       5
       8
       6
      10
      12
       9
       4
      11
       6
      11
       4
       4
       6
       2
       6
       6
       6
       8
      11
       4
       3
       3
       5
       4
       5
       2
       4
       5
       4
       5
       6
       3
       6
       6
       9
       5
       5
       8
       2
       5
       5
       6
       5
       6
       3
       2
       2
       8
       7
       6
       6
       5
       3
       3
       5
       7
       3
      10
       1
       9
       2
       3
       5
       7
       9
       2
       4
       4
       7
       4
       2
       4
       3
       4
       8
       4
       3
       5
       4
       5
       6
       6
       1
       5
       4
       6
       9
       3
       4
       2
       3
       6
       3
       8
       3
       8
       4
       4
       4
       3
       8
       7
       4
       6
       4
       5
       2
       1
       3
       4
       6
       8
       5
       2
       5
       6
       7
       5
       4
       6
       7
       5
       7
       9
      11
       9
      17
      16
      14
      15
      11
      12
      17
      10
      14
      16
      18
      10
      11
       7
       9
       8
       4
       5
       8
       8
       4
       5
       2
       3
       6
       2
       4
       5
       5
       3
       6
       5
       2
       3
       2
       3
       3
       2
       1
       6
       3
       2
       4
       5
       3
       3
       6
       4
       9
       6
       6
       6
       7
       7
       2
       4
       4
       4
       8
       5
       4
       3
       5
       9
       3
       1
       1
       4
       4
       4
       4
       4
       5
       0
       6
       6
       3
       4
       2
       3
       3
       5
       3
       4
       5
       7
       5
       5
       6
       7
       1
       4
       6
       9
       1
       6
       2
       5
       3
       8
       6
       3
       4
       6
       6
      10
       3
       2
       3
       2
       3
       2
       4
       4
       4
       4
       5
       9
       6
       9
       3
       4
       3
       2
       4
       3
       5
       1
       3
       5
       6
       3
       5
       2
       4
       4
       3
       1
       4
       7
       3
       6
       4
       6
       7
       6
       1
       5
       3
       5
       5
       4
       6
       5
       7
       7
       4
       2
       8
       7
       6
       5
       5
       5
       3
       4
       3
       5
       5
       6
       6
       4
       2
       7
       2
       3
       4
       2
       3
       7
       7
       7
       5
       5
       6
       5
       4
       3
       6
       6
       1
       3
       5
       4
       8
       5
       4
       5
       5
       6
       5
       3
       4
       7
       3
       4
       6
       5
       5
       4
       4
       4
       6
       5
       3
       5
       1
       3
       2
       5
       1
       1
       3
       3
       3
       4
       5
       6
       8
       2
       2
       7
       2
       5
       5
       4
       2
       5
       1
       6
       2
       2
       5
       2
       4
       2
       7
       2
       5
       5
       5
       5
       7
       7
       3
       5
       9
       2
       4
       4
       4
       3
       4
       6
       8
       3
       4
       2
       5
       9
       1
       3
       7
       6
       2
       4
       5
       1
       2
       2
       6
       3
       3
       2
       3
       6
       4
       0
       3
       8
       6
       5
       8
       5
       0
       6
       7
       6
       6
       3
       9
       6
       6
       6
       8
       6
       6
       4
       4
       5
       4
       3
       2
       2
       5
       4
       3
       3
       4
      10
       7
       4
       3
       3
       5
       4
       5
       3
       6
       3
       2
       3
       9
       4
       4
       6
       7
       7
       3
       7
       4
       4
       3
       1
       4
       2
       5
       4
       5
       3
       5
       7
       3
       2
       5
       7
       3
       9
       6
       6
       4
       7
       4
       3
       5
       6
       2
      11
       8
       1
       6
       3
       4
       1
       8
       6
       1
       3
       3
       4
       2
       1
       1
       6
       6
       5
       3
       1
       2
       2
       6
       5
       4
       4
       9
       4
       2
       3
       2
       4
       4
       2
       6
       3
       3
       4
       4
       9
       4
       8
       2
       5
       6
       1
       3
       1
       5
       1
       5
       1
       5
       2
       2
       1
       3
       4
       4
       4
       5
       2
       7
       1
       2
       4
       4
       3
       2
       2
       4
       4
       3
       5
       7
       5
       7
       5
       3
       4
       2
       7
       5
       4
       6
       2
       4
       2
       1
       2
       4
       2
       6
       3
       7
       8
       6
       3
       3
       3
       6
       1
       3
       3
       7
       7
       4
       5
       6
       6
       2
       4
       2
       3
       3
       5
       1
       5
       4
       5
       4
       2
       3
       4
       7
       4
       2
       3
       3
       5
       3
       2
       5
       3
       3
       5
       1
       3
       6
       6
       3
       4
       3
       6
       7
       6
       1
       6
       6
       5
       7
       2
       4
       4
       6
       5
       4
       2
       2
       4
       5
       6
       2
       4
       3
       6
       4
       3
       9
       5
       4
       3
       4
       3
       2
       6
       4
       4
       0
       3
       1
       4
       8
       2
       5
       5
       3
       3
       2
      10
       2
       2
       2
       4
       4
       3
       5
       7
       2
       2
       4
       2
       2
       3
       6
       4
       6
       2
       7
       4
       6
       5
       2
       2
       5
       6
       3
       5
       4
       3
       5
       2
       7
       2
       4
       6
       8
       4
       4
       4
       5
       4
       0
       2
       3
       0
       3
       4
       3
       4
       8
       2
       6
      11
       3
       3
       3
       4
       5
       4
       3
       3
       6
       4
       5
       4
       0
       8
       6
       5
       3
       4
       4
       3
       8
       3
       1
       6
       2
       2
       4
       3
       1
       4
       4
       2
       5
       4
       3
       1
       7
       3
       5
       4
       3
       4
       3
       5
       4
       3
       7
       6
       5
       3
       3
       5
       5
       2
       2
       0
       5
       3
       4
       4
       7
       1
       2
       6
       2
       5
       5
       0
       4
       1
       4
       1
       2
       3
       2
       3
       7
       3
       1
       4
       2
       2
       4
       6
       3
       3
       6
       4
       5
       2
       3
       2
       3
       6
       3
       3
       2
       1
       4
       6
       3
       4
       3
       5
       6
       4
       5
       2
       5
       4
       2
       1
       1
       5
       2
       1
       5
       3
       3
       4
       3
       4
       2
       5
       3
       5
       2
       7
       4
       1
       0
       2
       2
       5
       4
       2
       0
       5
       3
       5
       4
       3
       3
       4
       5
       2
       3
       1
       4
       0
       1
       3
       5
       5
       6
       2
       2
       4
       0
       9
       2
       5
       4
       4
       1
       5
       4
       2
       3
       5
       2
       5
       3
       5
       4
       4
       4
       7
       7
       3
       4
       5
       4
       5
       3
       1
       5
       3
       9
       5
       2
       3
       1
       3
       4
       6
       4
       4
       6
       1
       2
       2
       5
       7
       1
       6
       5
       4
       5
       5
       4
       4
       4
       4
       4
       2
       2
       1
       5
       5
       3
       5
       6
       4
       4
       0
       7
       2
       3
       4
       5
       1
       2
       5
       2
       2
       1
       3
       2
       5
       3
       6
       5
       3
       2
       4
       4
       1
       2
       2
       4
       6
       2
       3
       9
       1
       2
       8
       3
       0
       7
       5
       2
       2
       5
       2
       0
       2
       3
       3
       4
       1
       1
       6
       3
       2
       6
       1
       2
       2
       2
       3
       8
       6
       4
       3
       4
       1
       6
       5
       2
       6
       0
       3
       3
       3
       7
       5
       2
       3
       5
       3
       3
       6
       3
       2
       3
       1
       1
       3
       2
       5
       7
       0
       1
       3
       4
       1
       6
       4
       4
       3
       1
       3
       2
       4
       6
       1
       5
       3
       3
       4
       4
       2
       2
       2
       2
       3
       3
       5
       2
       3
       1
       5
       5
       1
       1
       4
       5
       3
       0
       3
       3
       2
       3
       4
       6
       1
       3
       7
       6
       5
       1
       3
       5
       2
       2
       4
       5
       4
       3
       2
       2
       3
       5
       4
       5
       6
       5
       3
       5
       4
       4
       2
       1
       3
       5
       3
       5
       3
       4
       4
       3
       3
       5
       5
       4
       4
       5
       5
       3
       5
       4
       0
       4
       6
       5
       1
       9
       3
       2
       2
       4
       5
       4
       3
       4
       3
       4
       8
       0
       7
       3
       2
       3
       3
       3
       5
       2
       2
       4
       5
       3
       4
       4
       6
       5
       3
       3
       8
       3
       2
       1
       3
       1
       2
       8
       4
       1
       4
       4
       5
       3
       7
       3
       5
       3
       4
       3
       0
       2
       8
       1
       0
       2
       3
       5
       2
       2
       6
       4
       1
       6
       1
       6
       1
       0
       3
       2
       2
       1
       3
       3
       4
       6
       5
       5
       3
       2
       3
       2
       2
       0
       3
       1
       4
       5
       2
       2
       2
       5
       4
       2
       1
       2
       3
       2
       3
       5
       0
       5
       2
       3
       4
       2
       7
       2
       7
       2
       6
       7
       3
       3
       5
       4
       1
       2
       1
       8
       2
       3
       1
       2
       7
       1
       3
       1
       2
       2
       3
       4
       4
       2
       5
       1
       2
       3
       3
       6
       3
       4
       3
       6
       0
       1
       4
       2
       2
       0
       3
       4
       3
       1
       3
       5
      10
       2
       5
       2
       6
       4
       6
       7
       1
       4
       6
       5
       3
       2
       1
       4
       3
       2
       1
       4
       3
       5
       9
       4
       3
       7
       4
       6
       4
       5
       1
       2
       7
       7
      10
       4
       9
       6
       5
       3
       3
       9
       5
       5
       4
       3
       2
       5
       6
       4
       4
       4
       3
       2
       4
       0
       3
       2
       6
       3
       3
       0
       2
       4
       3
       5
       3
       6
       2
       2
       3
       4
       4
       4
       2
       4
       3
       2
       6
       1
       2
       7
       4
       6
       4
       2
       4
       4
       5
       2
       3
       4
       3
       3
       2
       4
       4
       5
       3
       6
       7
       9
       3
       3
       3
       5
       4
       4
       5
       3
       5
       1
       1
       2
       3
       3
       6
       3
       3
       2
       4
       3
       4
       3
       6
       3
       2
       2
       3
       4
       4
       3
       4
       3
       3
       4
       3
       4
       1
       3
       4
       3
       4
       3
       3
       3
       3
       1
       5
       5
       2
       3
       7
       2
       2
       3
       4
       1
       3
       2
       5
       3
       5
       0
       1
       3
       2
       2
       1
       6
       6
       3
       1
       3
       8
       1
       4
       5
       2
       1
       1
       3
       5
       2
       1
       2
       4
       2
       9
       1
       2
       4
       7
       8
       4
       6
       1
       4
       2
       3
       6
       2
       4
       6
       1
       5
       4
       5
       4
       2
       4
       3
       5
       3
       1
       2
       4
       1
       2
       0
       4
       6
       1
       4
       1
       8
       1
       2
       5
       5
       4
       5
       1
       3
       1
       1
       1
       4
       5
       3
       5
       2
       4
       3
       2
       1
       2
       2
       3
       0
       1
       8
       5
       3
       2
       3
       1
       3
       1
       1
       5
       3
       3
       7
       3
       3
       5
       0
       4
       2
       1
       6
       2
       2
       3
       4
       3
       4
       2
       3
       3
       1
       6
       2
       2
       2
       4
       1
       5
       1
       2
       5
       5
       1
       3
       3
       2
       1
       4
      10
       0
       3
       2
       4
       2
       2
       4
       5
       7
       2
       2
       1
       3
       2
       2
       1
       6
       3
       4
       6
       2
       4
       5
       2
       5
       3
       6
       3
       5
       8
       2
       7
       4
       3
       2
       4
       5
       4
       3
       5
       2
       2
       0
       5
       5
       3
       2
       4
       3
       4
       3
       2
       3
       1
       3
       7
       3
       3
       4
       5
       2
       1
       6
       3
       3
       3
       3
       3
       2
       0
       4
       3
       3
       4
       1
       0
       2
       6
       5
       6
       3
       1
       6
       7
       3
       5
       4
       3
       6
       8
      10
       3
       9
       8
       9
      11
       4
       8
      12
       9
       9
       6
       4
       3
       6
       5
       4
       2
       3
       3
       4
       2
       2
       1
       6
       4
       1
       0
       5
       1
       5
       6
       0
       6
       2
       4
       4
       5
       3
       5
       4
       3
       2
       2
       1
       4
       6
       1
       4
       2
       1
       2
       2
       4
       1
       5
       1
       3
       3
       2
       5
       4
       3
       4
       6
       1
       2
       2
       4
       5
       6
       2
       4
       2
       2
       4
       3
       2
       2
       2
       2
       3
       4
       1
       1
       4
       4
       2
       4
       2
       6
       3
       1
       2
       6
       1
       3
       1
       2
       2
       2
       7
       4
       6
       4
       0
       4
       3
       1
       4
       1
       4
       0
       4
       2
       5
       0
       3
       2
       4
       1
       3
       3
       2
       1
       4
       2
       3
       3
       1
       0
       3
       5
       4
       2
       5
       4
       3
       5
       2
       4
       5
       2
       6
       5
       5
       5
       4
       7
       2
       3
       1
       0
       3
       2
       2
       2
       0
       3
       1
       3
       1
       3
       4
       2
       1
       5
       2
       4
       2
       3
       7
       4
       4
       0
       3
       2
       4
       3
       1
       6
       6
       4
       3
       1
       1
       5
       3
       1
       4
       3
       3
       2
       1
       1
       1
       1
       1
       2
       0
       0
       0
       0
       0
       0
       0
       0
       0
       0
       0
       0
       0
       0
       0
       0
       0
       0
       0
       0
       0
       0
       0
       0
       0
       0
       0
       0
       0
       0
       0
       0
       0
       0
       0
       0
       0
       0
       0
       0
       0
       0
       0
       0
       0
       0
       0
       0
       0
       0
       0
       0
       0
       0
       0
       0
       0
       0
       0
       0
       0
       0
       0
       0
       0
       0
       0
       0
       0
       0
       0
       0
       0
       0
       0
       0
       0
       0
       0
       0
       0
       0
       0
       0
       0
       0
       0
       0
       0
       0
       0
       0
       0
       0
       0
       0
       0
       0
       0
       0
       0
       0
       0
       0
       0
       0
       0
       0
       0
       0
       0
       0
       0
       0
       0
       0
       0
       0
       0
       0
       0
       0
       0
       0
       0
       0
       0
       0
$ROI:
0
$PRESETS:
None
0
0
$ENER_FIT:
-2.173939 0.279251
$MCA_CAL:
3
-2.173939E+000 2.792507E-001 0.000000E+000 keV
$SHAPE_CAL:
3
1.571259E+001 -1.155430E-003 0.000000E+000
