$SPEC_ID:
226Ra
$SPEC_REM:
DET# 1
DETDESC# MCB 132 Input 1
AP# Maestro Version 6.06
$DATE_MEA:
11/02/2021 12:13:03
$MEAS_TIM:
511533 511575
$DATA:
0 8191
       0
       0
       0
       0
       0
       0
       0
       0
       2
       2
       0
       0
       0
       0
       0
       0
       0
       0
       0
       0
       0
       0
       0
       0
       0
      11
    7098
   29117
    2361
    1112
    1075
    1044
    1056
    1178
    1193
    1209
    1240
    1170
    1217
    1163
    1246
    1339
    1359
    1226
    1123
     965
     953
     834
     911
     847
     809
     798
     883
     859
     849
     793
     803
     717
     685
     691
     713
     651
     649
     635
     696
     610
     607
     584
     579
     573
     595
     530
     543
     525
     577
     559
     504
     555
     472
     466
     473
     501
     485
     462
     477
     515
     462
     489
     512
     505
     460
     461
     514
     440
     413
     466
     418
     401
     422
     423
     408
     415
     395
     387
     392
     390
     404
     412
     373
     373
     374
     396
     405
     381
     361
     371
     426
     378
     394
     374
     361
     331
     363
     371
     351
     344
     362
     326
     326
     374
     343
     375
     358
     397
     374
     340
     352
     333
     355
     347
     332
     316
     324
     326
     309
     331
     341
     341
     332
     342
     304
     317
     325
     342
     316
     302
     317
     321
     330
     311
     301
     319
     336
     350
     347
     331
     337
     332
     303
     334
     399
     495
     625
     682
     481
     398
     312
     308
     323
     288
     269
     283
     332
     303
     277
     320
     312
     278
     310
     321
     299
     297
     302
     299
     311
     357
     383
     421
     401
     374
     354
     334
     293
     286
     330
     294
     294
     337
     303
     301
     337
     302
     312
     310
     326
     321
     332
     317
     374
     444
     400
     351
     376
     339
     343
     337
     328
     321
     320
     354
     468
     678
     882
     939
     745
     498
     350
     323
     294
     313
     332
     310
     346
     348
     334
     324
     318
     323
     347
     333
     339
     343
     310
     319
     337
     347
     319
     339
     355
     373
     365
     330
     363
     369
     402
     435
     483
     465
     439
     387
     379
     405
     470
     586
     663
     664
     541
     406
     346
     378
     395
     528
     540
     491
     400
     374
     377
     374
     336
     395
     416
     363
     365
     381
     332
     350
     422
     341
     377
     373
     359
     356
     382
     414
     425
     415
     493
     546
     589
     578
     582
     522
     440
     391
     368
     376
     419
     476
     493
     449
     464
     436
     369
     367
     391
     356
     425
     438
     452
     438
     444
     402
     369
     403
     549
     876
    1404
    1778
    1819
    1368
     990
     579
     496
     362
     381
     432
     402
     386
     384
     324
     359
     358
     362
     349
     393
     374
     401
     416
     443
     480
     418
     364
     375
     367
     335
     351
     349
     343
     341
     374
     372
     348
     348
     363
     355
     375
     349
     338
     356
     350
     369
     361
     376
     393
     418
     414
     388
     352
     352
     394
     395
     356
     380
     366
     388
     400
     417
     407
     407
     412
     391
     406
     409
     382
     418
     384
     392
     412
     398
     448
     524
     456
     435
     407
     425
     409
     439
     397
     356
     450
     396
     400
     370
     378
     384
     406
     377
     396
     377
     371
     386
     385
     395
     381
     385
     453
     377
     382
     389
     400
     397
     397
     378
     369
     371
     409
     401
     442
     404
     370
     410
     396
     395
     370
     385
     390
     408
     395
     385
     353
     375
     450
     437
     374
     404
     380
     425
     437
     416
     424
     402
     436
     395
     413
     418
     450
     417
     359
     393
     381
     401
     388
     379
     368
     392
     415
     374
     380
     373
     411
     384
     385
     400
     389
     417
     386
     348
     391
     436
     422
     337
     378
     407
     367
     363
     405
     430
     439
     456
     390
     417
     425
     403
     418
     392
     402
     409
     432
     443
     488
     634
     609
     545
     508
     431
     405
     354
     339
     383
     346
     409
     391
     412
     387
     391
     378
     374
     394
     414
     359
     397
     414
     353
     391
     349
     361
     330
     371
     428
     387
     347
     380
     346
     383
     361
     425
     428
     393
     405
     404
     374
     394
     407
     359
     394
     412
     360
     379
     407
     321
     390
     339
     358
     394
     353
     372
     377
     388
     355
     391
     366
     391
     364
     368
     400
     390
     367
     372
     400
     411
     504
     485
     450
     444
     400
     360
     351
     365
     358
     397
     369
     393
     371
     347
     407
     339
     383
     396
     368
     346
     412
     344
     358
     363
     380
     308
     364
     384
     348
     368
     384
     356
     336
     358
     368
     344
     354
     352
     378
     383
     359
     357
     418
     357
     414
     382
     354
     360
     379
     382
     362
     377
     358
     378
     367
     378
     370
     383
     352
     382
     344
     371
     327
     383
     373
     331
     343
     355
     375
     338
     388
     395
     322
     344
     373
     349
     395
     479
     628
     963
    1367
    1497
    1282
     884
     526
     386
     341
     357
     361
     340
     352
     333
     350
     334
     367
     348
     332
     352
     319
     335
     329
     340
     343
     351
     343
     351
     331
     325
     313
     344
     356
     330
     370
     370
     362
     341
     363
     309
     296
     349
     350
     348
     367
     366
     355
     374
     411
     370
     349
     361
     339
     332
     337
     329
     293
     336
     339
     349
     347
     337
     369
     350
     325
     345
     341
     330
     338
     338
     328
     405
     420
     426
     389
     361
     327
     351
     310
     330
     317
     331
     345
     295
     338
     351
     348
     383
     344
     337
     320
     298
     338
     307
     343
     317
     317
     297
     309
     325
     286
     288
     328
     351
     267
     336
     344
     341
     308
     304
     314
     310
     314
     292
     349
     337
     337
     303
     304
     311
     298
     279
     311
     321
     309
     307
     294
     291
     302
     311
     329
     312
     314
     327
     285
     306
     287
     291
     310
     313
     322
     307
     322
     300
     291
     290
     325
     321
     293
     322
     305
     314
     270
     317
     296
     280
     292
     295
     291
     270
     304
     275
     288
     286
     298
     301
     296
     306
     276
     300
     316
     285
     276
     323
     278
     276
     307
     303
     273
     287
     295
     294
     272
     307
     308
     285
     279
     312
     336
     402
     547
     687
     744
     704
     505
     410
     308
     306
     313
     303
     297
     324
     317
     314
     309
     290
     319
     263
     309
     276
     261
     284
     261
     283
     316
     249
     289
     283
     283
     260
     296
     271
     257
     287
     228
     278
     289
     305
     282
     268
     279
     254
     275
     276
     243
     261
     285
     265
     292
     308
     264
     285
     295
     274
     271
     287
     269
     254
     272
     239
     252
     256
     270
     263
     281
     251
     268
     285
     282
     277
     292
     247
     289
     271
     293
     267
     267
     249
     224
     255
     265
     254
     274
     260
     267
     252
     266
     223
     243
     255
     250
     242
     259
     261
     254
     251
     250
     254
     210
     241
     234
     270
     229
     239
     265
     239
     237
     235
     242
     249
     261
     273
     272
     253
     275
     291
     273
     280
     262
     295
     233
     225
     260
     271
     223
     263
     253
     231
     261
     218
     242
     242
     212
     242
     227
     232
     249
     225
     231
     276
     261
     256
     271
     284
     245
     256
     251
     229
     214
     219
     244
     252
     211
     242
     233
     252
     221
     227
     268
     235
     241
     244
     219
     228
     232
     225
     229
     211
     248
     222
     232
     248
     220
     252
     241
     235
     205
     257
     221
     216
     260
     201
     224
     243
     210
     218
     264
     244
     218
     212
     236
     229
     255
     198
     220
     235
     250
     198
     280
     237
     195
     216
     232
     230
     283
     273
     272
     220
     226
     231
     210
     219
     246
     237
     249
     227
     220
     211
     234
     240
     222
     257
     243
     246
     233
     225
     196
     217
     229
     210
     222
     231
     212
     255
     229
     201
     207
     198
     227
     236
     199
     219
     221
     219
     258
     216
     216
     199
     238
     215
     243
     226
     212
     220
     205
     203
     214
     233
     218
     198
     193
     216
     190
     206
     217
     227
     203
     177
     211
     203
     211
     235
     232
     213
     230
     206
     225
     202
     211
     212
     224
     202
     203
     210
     226
     193
     205
     194
     204
     234
     197
     202
     204
     213
     209
     194
     187
     218
     178
     177
     196
     198
     201
     198
     211
     197
     230
     205
     197
     214
     200
     188
     200
     206
     218
     212
     227
     196
     179
     225
     194
     201
     211
     198
     209
     222
     196
     197
     206
     200
     227
     192
     193
     199
     201
     217
     245
     204
     201
     198
     207
     182
     202
     197
     203
     192
     179
     190
     191
     205
     202
     188
     196
     198
     193
     207
     205
     258
     244
     269
     270
     233
     194
     203
     208
     191
     173
     202
     176
     177
     174
     188
     177
     199
     200
     181
     203
     206
     190
     172
     171
     187
     161
     196
     192
     195
     191
     204
     172
     182
     177
     189
     180
     194
     185
     187
     183
     205
     186
     200
     189
     164
     165
     204
     221
     259
     262
     258
     251
     212
     219
     199
     202
     169
     190
     178
     177
     167
     163
     188
     209
     188
     173
     208
     186
     170
     175
     169
     175
     185
     193
     182
     199
     171
     190
     186
     176
     177
     160
     191
     168
     189
     179
     176
     194
     177
     155
     188
     169
     163
     162
     163
     168
     182
     170
     177
     159
     168
     186
     162
     178
     185
     178
     191
     173
     180
     180
     168
     188
     190
     175
     171
     184
     158
     150
     185
     183
     179
     170
     150
     161
     150
     166
     168
     149
     198
     198
     163
     187
     179
     143
     168
     166
     164
     160
     155
     163
     163
     150
     178
     168
     156
     185
     160
     137
     160
     164
     162
     152
     185
     179
     153
     171
     154
     184
     171
     138
     160
     172
     149
     161
     174
     138
     161
     166
     177
     160
     196
     181
     155
     185
     190
     150
     165
     186
     173
     150
     183
     158
     186
     148
     153
     172
     182
     177
     184
     187
     154
     162
     156
     176
     156
     171
     163
     174
     167
     174
     171
     152
     164
     169
     169
     138
     152
     152
     153
     154
     152
     160
     151
     157
     173
     162
     170
     135
     151
     153
     169
     148
     142
     176
     157
     162
     149
     178
     152
     158
     163
     155
     147
     147
     169
     134
     168
     154
     142
     146
     131
     140
     154
     153
     142
     156
     188
     174
     129
     172
     149
     162
     160
     148
     172
     149
     147
     157
     148
     149
     149
     167
     156
     162
     148
     156
     128
     138
     130
     143
     158
     151
     146
     154
     148
     145
     138
     161
     155
     151
     142
     141
     127
     156
     161
     153
     166
     149
     127
     158
     163
     134
     139
     154
     143
     148
     177
     150
     152
     159
     128
     172
     164
     148
     136
     123
     136
     166
     142
     135
     171
     136
     140
     151
     159
     182
     120
     165
     159
     144
     131
     176
     135
     142
     150
     128
     146
     138
     148
     147
     119
     128
     156
     149
     158
     134
     129
     147
     182
     275
     373
     577
     774
     925
     897
     780
     538
     383
     275
     176
     147
     139
     151
     136
     168
     150
     154
     140
     140
     143
     146
     150
     132
     145
     153
     127
     173
     140
     121
     139
     141
     130
     150
     143
     171
     150
     134
     135
     130
     149
     155
     128
     123
     147
     167
     122
     127
     136
     142
     130
     124
     147
     148
     124
     156
     172
     148
     129
     129
     155
     125
     125
     138
     150
     115
     137
     145
     130
     114
     128
     125
     159
     117
     113
     143
     118
     105
     127
     128
     125
     124
     163
     121
     140
     126
     123
     128
     141
     140
     134
     125
     142
     123
     136
     137
     132
     139
     132
     159
     160
     132
     131
     131
     136
     135
     148
     150
     119
     163
     146
     130
     143
     127
     126
     117
     141
     118
     135
     106
     135
     139
     143
     127
     134
     125
     133
     135
     141
     125
     129
     138
     122
     129
     120
     112
     127
     131
     133
     128
     126
     135
     143
     143
     108
     125
     138
     149
     118
     151
     122
     137
     122
     118
     120
     100
     140
     122
     141
     126
     126
     100
     148
     126
     129
     123
     108
     129
     116
     127
     130
     134
     141
     126
     120
     127
     114
     129
     117
     131
     129
     121
     120
     125
     109
     110
     112
     107
     129
     124
     124
     132
     119
     124
     118
     132
     144
     106
     128
     117
     125
     113
     131
     130
     122
     112
      95
     111
     124
     121
     119
     125
     120
     119
     143
     114
     115
     111
     107
     122
     113
     112
     120
     132
     116
     120
     134
     137
     120
     129
     102
     113
     115
     114
     101
     106
     110
     110
     104
      95
     112
     120
     115
     110
     141
     111
     125
     108
     132
     105
     129
     119
     109
     100
     111
     114
     110
     112
     105
     103
      95
      99
     140
     123
     114
     118
     132
     131
     140
     159
     170
     198
     262
     304
     385
     453
     580
     696
     775
     873
     836
     772
     800
     656
     578
     493
     366
     298
     252
     202
     174
     160
     120
     145
     116
     119
     108
     102
      92
     107
     108
     106
     101
     129
     100
      96
     103
     111
     117
      97
     111
     119
     102
     107
     124
     112
     104
      89
     116
      80
      97
     107
      88
     107
      96
      82
      99
      87
     104
     105
     111
     112
      95
      94
     114
     120
     114
      99
     104
     100
      98
     109
     102
     102
     117
      80
     102
     100
      90
      96
     101
      97
      93
      94
      91
      89
     109
      93
      84
     109
     108
      96
     108
      93
      96
     102
      98
     104
     103
      76
     100
      82
      98
     100
     105
      95
     103
     106
      81
     108
      79
      95
      90
      87
      97
      98
      91
     101
      98
      92
      93
      83
     109
     100
      83
      80
     110
      97
     103
      79
     109
      90
      89
      93
      83
      69
      92
      90
      93
      98
      88
      80
      78
      87
      88
      94
     120
     108
     104
      92
      98
      79
      80
     102
     105
      81
     100
     100
      83
      93
     112
      92
     101
      93
      97
      86
      86
      98
      81
     104
      93
      83
      92
      94
     111
      99
      87
      85
      87
     104
     107
      91
      97
      83
      90
      93
     110
      89
      73
      91
      97
      83
     100
      92
      99
      87
     102
      95
      86
      99
      94
     101
      91
      86
     105
      86
      99
      83
      86
      93
     101
      87
     106
     105
     108
     106
     105
     125
     150
     201
     167
     145
     177
     139
     116
     103
     109
      96
     104
      98
      91
      97
      83
      86
      97
      76
      89
      93
      92
     107
      95
      92
     104
      91
      77
      85
      88
      82
      92
      86
      91
      98
      72
      79
      97
      92
      90
      83
     102
      91
      98
      80
     100
     115
     134
     155
     191
     165
     188
     195
     166
     161
     124
     110
      81
      95
      99
      84
      87
      96
      67
      93
      90
      63
      97
      79
      86
      69
      87
      92
      85
      97
      83
      87
      96
      71
      82
     114
      80
      79
      74
      79
      78
      73
      85
      82
      89
      74
      78
      90
      92
      98
      84
      97
      91
      82
     100
      99
     115
     105
      97
     110
      94
      90
     100
      92
      92
      91
     100
     100
      91
     102
     102
      85
      87
      92
      90
      97
      99
     111
      94
      84
      77
      93
     103
      93
      95
      89
     100
      90
      94
     102
      88
      85
      85
     108
      92
     113
     119
     128
     139
     127
     131
     142
     108
      89
     123
      83
      82
      74
      93
      90
      97
     119
     156
     215
     343
     492
     532
     574
     641
     514
     403
     289
     215
     167
     138
      85
      85
      74
      88
      90
      93
      79
      79
      78
      77
      87
      82
      73
      83
      80
      84
      66
      75
      82
     101
      72
      77
      76
      82
      83
      88
      71
      82
      79
      86
      83
      85
      78
      80
      95
      72
      91
      79
      77
      60
      99
      75
      78
      79
      72
      86
      75
      64
      79
      71
      70
      69
      67
      81
      67
      78
      91
      83
      80
      64
      91
      78
      66
      72
      72
      82
      74
      65
      80
      71
      88
      74
      78
      59
      67
      62
      95
      79
      85
      66
      64
      85
      62
      76
      78
      82
      75
      72
      86
      63
      63
      79
      96
      84
      77
      66
      83
      66
      61
      80
      62
      75
      71
      80
      78
      88
      84
      75
      78
      66
      79
      53
      72
      82
      65
      73
      60
      60
      89
      71
      80
      71
      90
      68
      89
      80
      65
      78
      84
      80
      76
      69
      72
      76
      78
      70
      68
      74
      75
      74
      73
      90
      78
      58
      60
      70
      75
      82
      79
      84
      73
      72
      84
      77
      87
     139
     180
     290
     413
     549
     703
     793
     821
     743
     602
     456
     304
     229
     149
     113
      84
      82
      76
      83
      61
      57
      86
      58
      68
      64
      71
      61
      73
      73
      71
      71
      68
      70
      84
      72
      78
      84
      87
      79
      84
      67
      77
      73
      60
      69
      62
      82
      71
      61
      62
      65
      62
      62
      88
      52
      75
      82
      65
      68
      65
      57
      71
      69
      72
      71
      56
      61
      63
      73
      54
      70
      71
      64
      62
      62
      80
      63
      76
      54
      78
      70
      69
      64
      63
      48
      81
      63
      68
      63
      67
      59
      68
      63
      59
      78
      59
      54
      61
      54
      61
      64
      70
      51
      67
      68
      65
      69
      77
      70
      73
      55
      59
      76
      71
      72
      68
      75
      73
      70
      87
      71
      68
      62
      83
      71
      71
      59
      79
      72
      68
      76
      60
      78
      74
      97
      84
      69
      75
      82
      85
      86
      61
      69
      57
      78
      76
      72
      95
      76
      67
      71
      70
      62
      72
      87
      74
      66
      79
      83
      69
      68
      55
      82
      85
      89
      73
      68
      77
      67
      90
      78
      75
      62
      60
      67
      75
      60
      67
      69
      68
      62
      67
      68
      62
      63
      69
      59
      67
      61
      59
      61
      58
      55
      54
      55
      72
      65
      54
      68
      60
      74
      65
      57
      70
      74
      64
      57
      63
      68
      69
      53
      69
      67
      56
      65
      52
      80
      84
      68
      92
     140
     188
     281
     352
     469
     471
     515
     460
     361
     278
     213
     160
     136
      86
      86
      72
      68
      57
      71
      69
      66
      78
      74
      73
      70
      78
      76
      69
      58
      63
      59
      59
      60
      38
      84
      57
      62
      62
      73
      53
      67
      60
      59
      59
      63
      79
      64
      58
      63
      60
      51
      56
      64
      54
      68
      66
      70
      72
      71
      59
      48
      65
      64
      69
      56
      50
      63
      54
      70
      66
      59
      69
      56
      72
      59
      74
      75
      72
      75
      69
      56
      64
      77
      54
      65
      65
      54
      55
      65
      52
      49
      82
      66
      55
      60
      62
      48
      52
      63
      61
      69
      71
      56
      52
      58
      58
      49
      60
      71
      53
      54
      61
      60
      68
      49
      49
      63
      57
      67
      55
      64
      63
      65
      54
      57
      48
      58
      58
      76
      66
      53
      51
      69
      58
      50
      55
      62
      57
      46
      57
      57
      64
      43
      44
      61
      61
      67
      54
      71
      52
      63
      52
      68
      56
      69
      71
      77
      73
      87
      90
      91
      92
      83
      90
      70
      75
      71
      67
      58
      69
      64
      46
      63
      59
      43
      62
      77
      62
      65
      54
      56
      50
      72
      70
      47
      49
      64
      48
      64
      63
      69
      49
      55
      53
      56
      51
      55
      63
      51
      43
      58
      50
      51
      80
      65
      58
      72
      51
      61
      66
      58
      49
      52
      63
      61
      42
      55
      57
      67
      56
      65
      52
      48
      40
      50
      49
      55
      69
      73
      59
      57
      67
      71
      72
      64
      68
      43
      50
      65
      48
      55
      58
      54
      78
      66
      44
      51
      67
      50
      62
      63
      65
      46
      50
      46
      67
      50
      56
      63
      49
      62
      68
      73
      67
      67
      61
      61
      54
      60
      51
      53
      52
      57
      63
      59
      70
      69
      51
      45
      53
      56
      59
      43
      51
      62
      54
      57
      41
      57
      65
      58
      70
      61
      72
      62
      57
      74
      55
      47
      59
      65
      62
      46
      57
      55
      61
      46
      62
      52
      47
      61
      53
      54
      49
      52
      50
      40
      61
      61
      52
      54
      51
      49
      44
      48
      65
      52
      46
      52
      51
      51
      48
      56
      48
      61
      47
      51
      50
      52
      57
      41
      54
      49
      62
      57
      47
      46
      64
      40
      45
      44
      63
      53
      65
      45
      53
      66
      49
      51
      62
      57
      55
      46
      56
      59
      54
      48
      54
      58
      63
      65
      53
      51
      48
      62
      50
      51
      43
      56
      53
      45
      50
      54
      51
      59
      47
      55
      58
      51
      57
      37
      51
      47
      57
      49
      57
      55
      60
      55
      57
      47
      48
      47
      75
      48
      49
      63
      70
      57
      60
      56
      65
      49
      61
      50
      39
      58
      60
      55
      52
      44
      52
      57
      58
      59
      48
      50
      58
      51
      65
      61
      57
      62
      53
      67
      58
      54
      57
      57
      51
      66
      62
      45
      52
      44
      52
      60
      58
      66
      57
      55
      53
      43
      57
      57
      45
      45
      61
      57
      57
      53
      73
      58
      50
      53
      61
      65
      45
      55
      62
      55
      51
      47
      47
      51
      56
      54
      63
      54
      52
      43
      57
      53
      51
      58
      58
      60
      52
      41
      43
      45
      49
      43
      53
      52
      69
      63
      52
      52
      55
      48
      71
      44
      56
      41
      53
      56
      45
      60
      39
      37
      50
      54
      41
      57
      48
      52
      49
      48
      30
      58
      49
      41
      59
      46
      44
      63
      56
      64
      50
      37
      49
      59
      50
      38
      47
      48
      58
      46
      39
      52
      55
      47
      52
      49
      44
      49
      55
      62
      45
      51
      51
      49
      64
      54
      44
      58
      54
      37
      51
      54
      63
      50
      40
      45
      62
      52
      58
      54
      44
      40
      51
      54
      47
      54
      49
      53
      53
      45
      45
      48
      45
      48
      58
      46
      38
      51
      48
      63
      45
      58
      50
      51
      43
      53
      38
      46
      49
      42
      50
      52
      45
      49
      46
      49
      42
      49
      61
      47
      35
      46
      54
      33
      57
      52
      39
      41
      51
      62
      39
      43
      62
      40
      53
      37
      49
      44
      52
      58
      48
      49
      49
      45
      39
      44
      57
      38
      46
      45
      36
      51
      46
      45
      43
      46
      41
      42
      61
      63
      50
      46
      53
      45
      51
      53
      47
      52
      43
      39
      41
      44
      48
      44
      40
      53
      56
      47
      46
      45
      47
      49
      48
      62
      54
      83
      71
     101
      98
     100
      98
      87
      70
      98
      65
      58
      47
      63
      43
      35
      50
      50
      43
      45
      34
      40
      45
      49
      45
      42
      37
      46
      55
      48
      54
      36
      54
      44
      51
      48
      52
      47
      52
      39
      49
      43
      39
      45
      42
      46
      39
      46
      34
      46
      42
      60
      52
      43
      48
      49
      46
      41
      51
      48
      40
      42
      47
      48
      34
      38
      50
      32
      51
      36
      40
      47
      56
      44
      37
      49
      52
      39
      46
      45
      34
      48
      45
      37
      51
      51
      47
      55
      53
      38
      52
      43
      37
      42
      43
      50
      40
      45
      52
      45
      44
      47
      39
      48
      43
      55
      33
      42
      37
      39
      40
      47
      48
      48
      39
      43
      49
      49
      36
      44
      45
      37
      36
      39
      36
      40
      40
      54
      38
      40
      46
      56
      35
      33
      48
      39
      38
      33
      47
      35
      44
      47
      44
      37
      45
      47
      44
      53
      41
      38
      47
      44
      48
      42
      46
      45
      32
      33
      28
      40
      36
      31
      44
      43
      44
      36
      51
      34
      45
      39
      47
      49
      34
      48
      41
      32
      41
      41
      52
      50
      45
      42
      39
      42
      44
      51
      40
      44
      44
      59
      58
      55
      49
      43
      51
      49
      47
      49
      45
      49
      52
      60
      48
      40
      42
      40
      47
      60
      48
      84
      89
      79
      77
      79
      65
      68
      58
      55
      64
      65
      52
      41
      45
      40
      46
      49
      38
      34
      41
      44
      39
      32
      44
      41
      39
      50
      36
      42
      36
      38
      42
      44
      39
      44
      39
      25
      34
      51
      45
      32
      37
      38
      41
      34
      39
      37
      39
      32
      41
      42
      53
      39
      45
      41
      35
      35
      38
      45
      47
      40
      30
      36
      41
      38
      33
      46
      41
      46
      35
      42
      35
      45
      38
      42
      48
      40
      42
      42
      48
      34
      32
      40
      35
      54
      49
      30
      34
      52
      47
      40
      33
      38
      41
      48
      44
      56
      35
      35
      30
      44
      35
      49
      31
      35
      41
      43
      34
      37
      44
      50
      45
      55
      53
      75
      82
      84
     104
      71
     111
      90
      68
      74
      72
      50
      42
      45
      48
      43
      58
      36
      38
      37
      42
      45
      40
      36
      31
      27
      37
      46
      55
      47
      38
      51
      32
      33
      28
      38
      43
      33
      35
      44
      45
      39
      46
      34
      53
      33
      45
      48
      37
      42
      46
      41
      47
      53
      32
      47
      37
      30
      39
      32
      37
      44
      44
      35
      41
      44
      44
      39
      33
      54
      42
      37
      43
      35
      38
      42
      45
      32
      41
      33
      57
      41
      42
      37
      45
      39
      43
      42
      30
      39
      33
      39
      56
      43
      40
      45
      38
      36
      39
      36
      41
      35
      33
      30
      39
      31
      36
      41
      40
      39
      35
      34
      40
      34
      37
      37
      32
      40
      40
      34
      46
      39
      37
      42
      39
      44
      49
      37
      42
      37
      35
      50
      39
      35
      38
      31
      39
      41
      39
      31
      35
      40
      45
      46
      33
      37
      40
      37
      33
      43
      41
      41
      39
      44
      45
      48
      49
      31
      50
      38
      37
      34
      39
      32
      42
      36
      35
      46
      34
      48
      45
      36
      39
      40
      39
      48
      36
      42
      39
      44
      51
      41
      37
      31
      42
      29
      46
      44
      43
      32
      32
      52
      31
      44
      26
      33
      40
      35
      26
      47
      24
      47
      35
      41
      30
      48
      41
      35
      34
      26
      28
      31
      36
      39
      59
      26
      40
      32
      44
      38
      35
      44
      48
      61
      59
      45
      53
      49
      66
      62
      54
      56
      56
      51
      45
      56
      43
      56
      46
      40
      33
      26
      31
      38
      30
      42
      39
      34
      32
      36
      32
      36
      31
      40
      44
      41
      36
      27
      33
      34
      40
      40
      28
      37
      33
      42
      34
      40
      31
      32
      34
      39
      34
      32
      23
      26
      31
      39
      43
      29
      35
      37
      44
      35
      33
      31
      32
      39
      45
      29
      28
      36
      29
      38
      30
      27
      22
      42
      29
      44
      32
      33
      30
      36
      33
      36
      36
      34
      30
      33
      30
      19
      38
      43
      38
      41
      38
      29
      38
      36
      39
      35
      29
      32
      40
      36
      35
      43
      41
      40
      28
      38
      41
      37
      35
      40
      24
      30
      29
      33
      45
      32
      38
      34
      30
      30
      36
      46
      42
      37
      44
      47
      45
      24
      27
      20
      35
      22
      34
      37
      30
      34
      42
      30
      35
      34
      36
      29
      37
      32
      35
      49
      30
      41
      41
      36
      38
      38
      27
      33
      27
      28
      33
      24
      29
      31
      35
      27
      33
      32
      36
      36
      42
      34
      26
      45
      39
      37
      42
      28
      35
      31
      34
      39
      37
      33
      35
      36
      36
      29
      25
      31
      29
      36
      41
      41
      35
      35
      32
      36
      41
      29
      32
      38
      41
      41
      39
      42
      45
      47
      52
      57
      49
      49
      48
      37
      43
      36
      35
      35
      43
      49
      26
      33
      45
      35
      38
      25
      30
      29
      28
      29
      39
      43
      25
      36
      35
      28
      37
      32
      32
      30
      36
      35
      32
      36
      28
      34
      31
      23
      33
      28
      31
      31
      36
      41
      44
      37
      29
      35
      24
      37
      37
      36
      35
      35
      35
      36
      23
      33
      33
      40
      31
      35
      34
      34
      33
      34
      27
      27
      33
      35
      30
      26
      27
      24
      20
      34
      29
      36
      35
      34
      32
      41
      43
      35
      26
      32
      28
      35
      41
      27
      41
      35
      36
      36
      32
      30
      25
      30
      27
      31
      39
      25
      25
      28
      34
      24
      31
      23
      37
      31
      36
      44
      38
      33
      28
      35
      30
      39
      29
      41
      29
      35
      37
      36
      37
      44
      37
      33
      24
      36
      33
      29
      41
      42
      32
      42
      31
      29
      38
      28
      29
      31
      28
      36
      29
      31
      26
      34
      31
      30
      36
      34
      16
      38
      28
      32
      33
      32
      33
      34
      32
      39
      26
      38
      34
      30
      39
      19
      34
      36
      21
      33
      33
      35
      30
      36
      29
      38
      39
      25
      31
      45
      28
      25
      24
      34
      32
      28
      38
      26
      22
      26
      47
      37
      28
      32
      36
      42
      37
      35
      43
      30
      28
      29
      36
      29
      38
      33
      31
      34
      24
      31
      31
      47
      22
      27
      30
      34
      28
      27
      30
      29
      42
      33
      28
      33
      27
      29
      42
      42
      41
      24
      31
      32
      34
      30
      48
      29
      34
      32
      33
      41
      35
      32
      33
      26
      48
      35
      27
      25
      32
      37
      29
      35
      23
      26
      34
      38
      29
      42
      27
      28
      39
      37
      32
      31
      24
      31
      21
      26
      25
      39
      26
      33
      44
      28
      23
      28
      37
      41
      29
      34
      23
      29
      26
      31
      28
      25
      33
      37
      38
      29
      22
      31
      29
      23
      38
      26
      21
      32
      29
      24
      38
      32
      41
      34
      27
      35
      39
      35
      29
      39
      33
      37
      46
      31
      30
      28
      29
      28
      22
      44
      34
      41
      22
      35
      27
      28
      37
      36
      35
      31
      31
      35
      30
      38
      31
      39
      24
      34
      31
      28
      33
      27
      35
      32
      34
      34
      32
      32
      29
      27
      29
      35
      29
      27
      33
      32
      31
      28
      31
      27
      21
      25
      33
      28
      28
      17
      31
      33
      29
      28
      33
      31
      27
      32
      46
      32
      31
      27
      24
      49
      42
      43
      28
      15
      36
      31
      40
      28
      27
      33
      31
      20
      29
      33
      31
      38
      34
      26
      28
      36
      34
      33
      30
      38
      36
      27
      26
      23
      43
      35
      23
      32
      34
      37
      36
      38
      41
      51
      49
      35
      27
      41
      38
      38
      26
      27
      30
      31
      25
      28
      30
      28
      36
      25
      24
      27
      26
      27
      28
      27
      28
      32
      32
      29
      29
      26
      19
      31
      31
      27
      20
      32
      26
      32
      25
      33
      38
      21
      23
      27
      35
      21
      34
      31
      30
      27
      32
      30
      19
      32
      25
      29
      24
      20
      32
      26
      22
      35
      33
      26
      33
      22
      22
      26
      32
      34
      30
      31
      35
      29
      36
      33
      33
      27
      29
      23
      29
      23
      34
      34
      31
      27
      29
      38
      23
      32
      34
      32
      25
      27
      29
      32
      30
      32
      32
      16
      27
      21
      18
      26
      35
      35
      30
      23
      27
      26
      40
      28
      32
      30
      34
      18
      19
      33
      28
      30
      39
      28
      29
      33
      26
      27
      32
      28
      37
      23
      23
      32
      25
      29
      23
      24
      43
      38
      29
      29
      28
      26
      31
      27
      31
      23
      25
      28
      16
      27
      31
      27
      27
      35
      40
      28
      40
      32
      37
      24
      29
      30
      38
      29
      17
      33
      20
      24
      25
      29
      34
      21
      30
      30
      36
      27
      29
      36
      24
      31
      34
      32
      25
      22
      22
      24
      31
      30
      28
      21
      30
      27
      23
      23
      20
      26
      21
      29
      31
      33
      35
      18
      29
      28
      25
      27
      28
      30
      22
      22
      15
      32
      31
      15
      26
      25
      25
      37
      21
      24
      20
      20
      23
      27
      35
      25
      25
      26
      25
      24
      18
      20
      18
      27
      25
      21
      23
      21
      23
      26
      23
      25
      22
      28
      27
      34
      25
      29
      26
      23
      27
      19
      26
      27
      15
      24
      16
      18
      25
      25
      27
      30
      28
      26
      28
      12
      24
      28
      27
      26
      23
      30
      24
      25
      26
      21
      32
      25
      28
      24
      23
      19
      26
      33
      35
      28
      14
      24
      30
      28
      26
      21
      35
      25
      33
      20
      24
      30
      26
      18
      25
      18
      25
      24
      20
      27
      20
      28
      22
      33
      32
      23
      21
      22
      25
      29
      28
      31
      42
      32
      28
      27
      21
      32
      25
      23
      22
      25
      17
      32
      18
      27
      33
      25
      33
      21
      23
      27
      25
      21
      27
      26
      40
      18
      20
      29
      31
      29
      30
      27
      21
      30
      37
      28
      19
      23
      19
      34
      26
      18
      22
      28
      28
      27
      19
      27
      22
      22
      25
      27
      29
      18
      20
      31
      31
      37
      16
      34
      24
      25
      23
      34
      28
      21
      24
      26
      22
      25
      20
      30
      20
      20
      27
      22
      19
      23
      29
      25
      21
      24
      21
      22
      19
      22
      22
      26
      28
      30
      22
      26
      26
      24
      28
      23
      30
      17
      31
      21
      18
      27
      19
      26
      24
      37
      29
      22
      20
      17
      18
      25
      22
      32
      17
      16
      28
      18
      26
      27
      26
      25
      22
      24
      23
      21
      20
      22
      21
      29
      20
      30
      30
      26
      23
      32
      24
      31
      20
      20
      18
      24
      23
      23
      26
      35
      24
      22
      30
      30
      26
      15
      17
      23
      28
      21
      27
      21
      18
      23
      21
      17
      28
      23
      24
      30
      21
      26
      29
      19
      22
      24
      21
      20
      30
      20
      27
      21
      18
      27
      33
      34
      24
      33
      41
      41
      32
      33
      28
      20
      21
      27
      29
      32
      22
      30
      22
      24
      22
      20
      21
      17
      21
      24
      23
      26
      25
      15
      19
      20
      14
      25
      29
      21
      17
      26
      13
      31
      19
      16
      24
      19
      17
      15
      30
      21
      32
      19
      33
      21
      25
      20
      21
      19
      19
      17
      11
      20
      25
      20
      22
      16
      17
      21
      18
      25
      26
      21
      24
      24
      32
      28
      19
      28
      15
      16
      21
      20
      19
      11
      13
      21
      20
      28
      18
      23
      20
      24
      23
      20
      23
      24
      24
      22
      27
      23
      20
      18
      15
      19
      17
      17
      17
      19
      18
      26
      20
      11
      33
      28
      24
      25
      25
      33
      34
      23
      31
      26
      31
      27
      31
      25
      15
      25
      25
      31
      22
      20
      21
      22
      21
      21
      22
      22
      19
      20
      16
      21
      21
      19
      23
      19
      18
      13
      17
      18
      22
      18
      21
      19
      17
      21
      19
      27
      26
      27
      24
      24
      16
      27
      19
      24
      20
      21
      13
      24
      11
      15
      21
      20
      30
      28
      13
      19
      27
      19
      18
      25
      10
      22
      24
      22
      18
      22
      27
      27
      23
      21
      21
      15
      12
      27
      21
      20
      17
      23
      22
      16
      23
      29
      25
      17
      21
      18
      19
      30
      26
      24
      31
      27
      16
      25
      15
      16
      22
      18
      19
      22
      15
      23
      19
      19
      22
      18
      26
      17
      22
      25
      33
      17
      18
      23
      19
      13
      25
      21
      23
      28
      24
      17
      24
      27
      23
      20
      13
      28
      27
      20
      25
      25
      21
      14
      21
      19
      21
      21
      20
      16
      29
      19
      21
      17
      20
      20
      31
      14
      17
      30
      27
      21
      22
      12
      16
      15
      32
      24
      23
      23
      15
      23
      23
      33
      15
      23
      27
      28
      22
      19
      21
      30
      36
      52
      57
      53
      80
      96
      96
      98
      90
     121
     108
     113
     103
     115
     112
      84
      63
      67
      61
      52
      30
      45
      33
      31
      25
      22
      18
      17
      24
      16
      21
      19
      16
      24
      27
      17
      13
      19
      21
      21
      22
      20
      21
      16
      16
      19
      23
      20
      20
      18
      18
      16
      12
      23
      14
      24
      17
      17
      19
      18
      20
      15
      20
      18
      20
      15
      15
      21
      12
      16
      14
      14
      15
      17
      14
      20
      13
      23
      21
      18
      21
      14
      23
      23
      17
      20
      20
      17
      14
      27
      17
      24
      18
      23
      15
      26
      16
      23
      23
      21
      14
      14
      18
      21
      20
      24
      17
      15
      22
      20
      17
      31
      17
      17
      15
      22
      17
      12
      11
      18
      17
      21
      16
      25
      15
      16
      17
      14
      15
      22
      19
      18
      17
      17
      11
      16
      31
      17
      19
      18
      10
      22
      21
      13
      16
      19
      18
      21
      18
      19
      17
      21
      26
      19
      15
      14
      22
      15
      20
      16
      13
      24
      13
      13
      24
      21
      21
      19
       9
      16
      15
      18
      13
      16
      22
      14
      24
      19
      17
      29
      13
      26
      18
      23
      21
      18
      19
      21
      19
      27
      23
      21
      22
      17
      20
      21
      18
      19
      19
      18
      22
      20
      16
      23
      21
      11
      23
      20
      11
      15
      16
      18
      23
      22
      26
      10
      17
      23
      20
      12
      15
      15
      20
      16
      22
      26
      10
      15
       9
      16
      15
      24
      19
      13
      17
      12
      23
      21
      22
      15
      24
      20
      20
      18
      13
      20
      17
      19
      27
      13
      23
      13
      19
      13
      18
      21
      21
      24
      17
      16
      22
      30
      24
      18
      17
      17
      15
      18
      25
      14
      14
      23
      29
      22
      13
      11
      14
      19
      15
      11
      14
      24
      24
      17
      11
      21
      13
      24
      16
      18
      10
      19
      24
      22
      13
      23
      20
      22
      23
      15
      21
      18
       6
      17
      12
      22
      11
      17
      23
      18
      20
      21
      20
      25
      20
      19
      18
      21
      25
      16
      23
      20
      12
      16
      15
      18
      11
      18
      21
      21
      15
      12
      27
      15
      16
      13
      14
      15
      13
      15
      15
      17
      13
      16
      14
      15
      20
      18
      20
      13
      21
      22
      26
      22
      13
      18
      17
      20
      17
      27
      22
      18
      20
      17
      17
      22
      14
      11
      22
      17
      24
      17
      15
      13
      17
      13
      14
      23
      20
      19
      18
      18
      22
       9
      19
      18
      14
      14
      18
      18
      17
       8
      13
      18
      22
      16
      19
      15
      19
      17
      21
      19
      11
      14
      14
      16
      21
      18
      23
      16
      16
      14
      17
      18
      12
      14
       7
      16
      21
      14
      18
      18
      10
      17
      18
      15
      18
      14
      14
      15
      17
      14
      13
      17
      23
      16
      17
      19
      16
      24
      16
      26
      18
      18
      14
      21
      32
      21
      19
      19
      21
      14
      23
      19
      21
      19
      13
      13
      21
      20
      27
      25
       8
      19
      21
      11
      25
      23
      25
      21
      18
      22
      17
      20
      23
      22
      21
      21
      16
      23
      21
      18
      23
      19
      18
      31
      13
      19
      21
      13
      17
      20
      11
      13
      25
      16
      15
      15
      14
      23
       9
       7
      14
      17
      19
      24
      19
      12
      14
      14
      18
      13
      18
      19
       9
      14
      15
      18
      15
      20
      14
      16
      20
      16
      23
      12
      10
      22
      19
      16
      13
      12
      14
      12
      22
      10
      13
      16
      14
      11
      10
      13
      18
      14
      13
      13
      19
      11
      16
      17
       9
      13
      20
      11
      11
      21
      19
      16
      20
      19
      17
      16
      16
      16
      12
      12
      18
      14
      14
      14
      13
      23
      14
      15
      11
      18
      20
      15
      17
      15
      29
      11
      26
      24
      24
      22
      20
      18
      16
      14
       9
      19
      13
      17
      15
      17
      13
      17
      15
      13
      13
      14
      12
      18
      15
      15
      15
      21
      12
      10
      15
      19
      14
      22
      15
      21
      16
      20
      14
      15
      13
      17
      11
      12
      13
      15
      18
      15
      18
      12
      16
      15
      14
      12
      15
      13
      13
      17
      18
      15
      14
      16
      19
      13
      10
      12
      18
      22
      23
      14
      14
      11
      11
      10
      12
       8
       5
       9
      14
      21
      20
      18
      13
      12
      13
      15
      17
      17
      11
       9
      16
       9
      15
      13
      14
      12
      12
      17
      14
      11
      14
      17
      22
      23
      19
      18
      17
      16
      11
       9
      12
      21
      11
       8
      15
      13
      19
      11
       8
      11
      13
      17
      14
      14
      13
      14
      10
       5
      12
      15
      12
      12
      16
      19
      18
       8
      19
      22
      18
      11
      12
      12
      20
      13
      13
      18
      20
      23
      12
      16
      13
      12
      14
      14
      23
      20
      22
      13
      14
      17
      14
      16
      12
      10
      13
      22
      12
      20
       9
      11
       9
      12
      12
      10
      12
      14
      13
      20
      12
      20
       9
      16
      18
      20
      17
       9
      18
      15
      14
      16
      11
      16
      15
      14
      14
      15
      10
      21
      18
      12
      17
      20
      13
      18
      13
       8
      11
      10
      11
       9
      15
      17
      16
       9
      17
      14
      13
      12
      19
      12
      11
      15
      18
      11
      23
      13
      14
      17
      10
      14
      13
      14
      17
      11
      13
      15
       6
      10
      12
      15
      10
      14
      13
      16
      16
      12
      16
      20
      13
      15
      17
      15
      16
      21
      18
      16
      15
      11
      19
      10
      19
      11
      19
      11
      21
      11
       9
       6
      23
       6
      14
      12
      12
      18
      18
      13
      13
      15
      14
      18
      10
      12
      14
      13
      16
      24
      16
       9
      18
       9
       7
      10
      16
      10
      10
      13
       4
      11
      19
      17
      16
      14
      14
      12
      11
      21
      19
      21
      17
      13
      14
      17
      10
      18
      10
      17
      11
      13
      11
      12
      12
      14
       9
      15
      15
      17
      18
      16
      20
      10
      16
      12
      15
      14
      10
      10
       9
      15
      14
      15
      13
      10
       9
      15
      14
      17
      19
      11
      11
      12
      11
       9
      19
      17
      10
      16
      12
      14
      23
       9
      12
      12
      18
      18
      10
       9
      12
      20
      22
       9
      19
      16
      12
      10
       7
      12
      11
      14
      11
      19
      19
      16
      14
      13
      10
      21
      18
      17
      20
      24
      16
      18
      26
      13
      17
      19
      17
      21
      15
      24
      11
      10
      24
      13
      16
      13
      19
      10
      16
      13
      10
      13
       8
      22
      11
      11
      14
      17
       9
      12
      13
      19
      13
      15
      11
      11
      17
       9
      16
      11
      15
      10
       8
      12
       8
      16
      17
       5
      15
      18
      16
      12
      16
      19
      13
      24
      20
      12
      12
      12
      10
      17
      12
      12
      16
      13
      13
       8
      16
      12
      10
      11
      17
       2
       6
       8
       9
      15
       8
      14
       8
      13
      18
       9
       7
      17
      14
      13
      16
      11
      19
      12
      13
      14
      20
       6
       9
       8
       8
      12
      16
      14
      12
      13
      14
      19
      18
      16
      16
      17
      12
      12
      16
      26
      24
      15
      16
      16
      25
      26
      36
      44
      40
      54
      48
      53
      46
      55
      44
      46
      31
      32
      32
      27
      28
      23
      25
      22
      20
      17
      16
      17
      19
      12
      26
      13
      11
       8
      14
      11
      12
      17
      12
      15
      16
       9
      12
      16
      13
      14
      16
      13
      16
       7
      14
       9
      11
      13
      13
      10
      10
      20
      14
      12
      16
      16
      18
      11
      15
      13
      14
      14
       7
      11
      17
      12
      19
      13
      10
      14
      18
      14
      12
      15
       9
       9
      16
      23
      13
       6
      10
       8
      10
      14
      11
      11
       6
      22
      12
       9
      15
      12
       9
      13
      14
      10
      12
      13
      11
      14
      15
      13
      15
       5
       8
      12
       6
      16
      12
      13
      17
      12
       7
      14
       9
      11
      12
      17
      13
      15
       9
      13
      11
      16
      13
      14
      14
      12
      20
      11
      12
      15
      12
      11
      10
      11
      10
       9
      10
      15
       7
      12
       9
      15
       9
      15
      17
      14
       9
      12
      12
      14
      18
      13
       9
      16
      13
      15
      10
      12
      19
      12
      11
      15
      13
      10
       9
      17
      15
      14
      13
      17
      15
       9
       9
       9
      15
      10
      13
      10
      14
      13
      14
      15
      12
       9
      13
      10
      12
      11
      14
      10
      10
       9
      16
      14
       9
      11
      11
       9
      15
      11
       7
      14
      15
       8
      10
      15
      17
      17
      11
      11
      11
      15
      17
      15
      11
      14
      13
      20
       9
      15
      14
      11
      21
      13
       7
      12
      22
       8
      10
      10
      12
      14
      11
       9
       9
       9
      10
      13
      12
      10
      15
      11
      13
       9
      11
      11
      14
      13
      12
       6
      11
      13
      15
      13
      11
       7
       9
      16
       9
      17
       6
       8
      11
      11
      14
       9
      16
      13
      13
      15
       9
      13
       7
      19
       8
       9
       9
       7
      14
       7
       4
      12
      13
      16
       6
      10
      13
      15
      11
      10
       6
      10
      16
      21
      15
      16
      11
      16
      19
      13
      18
      14
      15
      12
      11
      13
      16
      17
      16
      10
       8
      10
      13
       9
      19
       7
      15
      15
      16
      11
      17
      13
      11
      16
      14
       8
      14
      12
      13
      14
      12
       9
      14
      15
      13
      10
      14
      16
      14
      20
      12
      16
      15
      20
      11
      15
       8
      10
      18
      12
      12
      14
      12
      13
      16
      12
      10
       9
      12
      10
      15
      10
      16
      15
      10
      12
      11
      16
      19
      12
      10
      15
      15
      16
      19
      10
      12
       7
       9
      18
      15
       7
      16
      15
       9
      10
       8
       9
      12
      10
      11
      16
      17
      11
      17
       7
      14
      10
      13
      14
      17
       9
       8
      11
      15
       6
      14
      13
      12
      12
      16
      11
      15
      13
      10
      11
       7
       9
      13
       8
      13
      15
       8
      13
       6
      14
      12
      12
      11
      10
      17
      14
      11
      14
       8
       9
      17
      12
      17
      16
       7
      18
      10
      10
      11
       8
       9
      20
      10
      14
      16
       4
      15
      13
      12
       6
       4
      13
       7
       6
       8
      14
      17
      11
      10
      13
       9
      11
      10
      13
      14
      11
      15
      14
      10
      10
      14
      12
       7
       8
      10
      16
      11
      19
      16
      11
      13
      15
      10
      13
      11
      11
      11
      13
      13
      12
      11
       9
       9
       9
       9
       7
      12
       6
      11
      12
      10
      10
      12
      20
       9
      14
       9
      13
      13
      20
      11
      17
      20
       9
       8
       9
       9
       7
      12
      13
      11
      11
       8
       6
      15
      11
      11
      11
       9
       9
       7
      13
      15
      11
       8
      11
       9
      15
      16
      11
      10
      10
      14
       7
      13
      14
      11
      15
      10
      10
      14
      16
       7
      23
      14
       4
      14
      14
      13
       8
       8
       5
      12
      11
       9
       9
      17
       7
      12
      13
      14
       6
      15
      10
      17
      14
      11
       9
       9
      12
       9
      10
      13
       8
      11
      14
      16
       7
       8
      12
      12
      14
      13
       8
      13
       9
      18
      18
      15
       7
       9
      12
      18
      14
      11
      10
      19
      13
      14
      15
      10
      14
      15
       9
      10
      17
       9
       7
      12
      13
      14
       7
      13
      13
      10
       8
      13
      10
       9
       7
      12
      11
      14
      12
      11
       8
      12
      16
       7
      13
      16
      13
      11
      12
       8
      14
      10
      19
       8
      14
      16
      15
       9
       5
      10
      15
      10
      16
      10
      13
      12
       8
      11
       9
      12
      13
      12
      10
       8
      11
      11
      19
      15
      18
      15
      12
      11
       6
      11
       7
       9
      14
      11
      10
      11
      11
      14
       9
      10
      16
      14
      12
       4
      15
       9
      13
      11
      12
      17
       9
      12
      16
      11
      10
      16
      14
      12
      11
       9
      10
      11
      10
      12
      14
      11
      12
      17
      17
      11
      12
       9
      11
      12
       9
      10
      14
      12
      10
      11
      13
      15
      11
       8
       9
       8
      10
      12
       7
       9
       6
       9
       9
       8
      12
      15
      10
       9
      15
      11
      20
      12
      12
      11
      10
      12
       7
       9
       6
      10
       5
      10
      14
      12
       9
      11
       7
      10
      10
       4
      17
      13
      16
      10
      14
      10
      11
      13
       5
      10
      15
       6
       7
       9
      13
       8
      12
       9
      12
      11
      10
       7
       9
      10
      12
      10
      11
       9
      16
      10
      17
      11
       7
      11
       9
       8
      15
      13
       7
      10
       8
      17
      13
      15
      15
      10
      10
      12
      11
       8
      14
      13
       6
      17
      11
      17
      12
       8
      13
       8
      12
      10
      13
      11
      11
       8
      13
       8
      11
      10
       9
       9
       9
      13
      11
      13
      11
      10
      12
      15
      12
      13
       2
      15
      11
       9
       9
      10
       8
      14
      11
       8
       9
      12
      10
       8
       7
       7
       6
      11
       6
       3
      11
      10
       7
      14
      15
      14
      12
       7
      12
      13
       5
      14
       3
      11
       9
      13
       4
      10
       7
      16
      11
      10
      19
      11
      10
      10
       7
      11
      12
       7
       7
      11
      16
      13
       6
      11
      17
       8
      14
       7
       8
      13
       9
      10
       8
      11
      10
      11
      12
       5
       4
      10
      14
       7
      11
      15
       7
       8
      11
       8
      16
       9
      10
       9
       8
       5
       4
       7
       5
       6
       4
      11
      19
      10
      12
      14
       7
      12
      11
      11
       6
      11
       7
      13
       7
      13
       7
      16
      11
       9
       8
       8
       7
      11
       7
      10
       6
      15
      14
       4
       6
       7
       8
      11
      10
       7
       8
      10
      10
       9
      12
      11
      17
      13
      11
      12
       4
       8
       9
      12
       9
      15
       7
      12
       9
      14
      10
      13
      14
       8
      11
      12
       8
       8
       6
      12
      10
       9
       7
      13
       7
      12
       8
       8
       7
       9
       6
      12
      11
      10
      12
       8
       3
       7
      18
       9
      12
      12
       8
       7
      11
       8
      14
      12
       8
      11
      11
       9
      11
      18
       3
       5
       4
       7
      10
      12
      10
       7
      12
       9
       9
       7
      11
      15
      10
       9
      11
      15
       9
       5
       7
      11
      23
       9
      19
       8
      10
      14
       8
       5
       6
      12
       7
      10
      11
      11
       7
      10
       6
       9
      10
      11
      12
       8
       4
       8
       9
      10
       7
       8
       5
      10
       9
       7
      16
      12
      13
      12
      12
       9
      12
       9
      16
       8
      10
       6
      13
       7
       9
       6
      11
       6
       9
       5
      11
      10
      13
      11
      11
       8
       9
      14
      16
      11
      15
      10
       8
       6
       6
      14
       4
       6
      13
       9
      16
       7
       8
      10
       5
       8
      13
       8
       8
      10
      14
      13
       7
       4
      11
      12
       7
       6
      10
      12
      13
       9
       9
       6
       8
       5
       8
       8
       7
      17
      13
       9
       6
      11
       6
      11
      10
       6
       9
       8
       6
      11
      11
       7
       7
       9
      16
       5
      14
       8
      10
       8
      14
       6
      11
       7
      11
      10
      14
       8
      14
      14
      12
       6
      14
      15
      19
      14
      18
      21
      20
      17
      14
      14
      13
      10
      14
      13
      15
      16
      12
      14
      14
      11
       8
      14
       5
      13
       9
      10
       7
      16
       8
      16
      14
      10
       9
      11
       9
      11
      10
      16
       9
      12
       8
      12
      10
      13
      12
      10
      12
       2
       9
      13
      12
      12
      11
       9
      10
      14
      11
      12
      16
       7
      10
      12
      19
      12
       7
      11
      12
      11
      12
      11
      13
      17
       8
      10
      10
       8
      11
       9
       6
      10
       9
      15
       7
      10
       8
       9
       4
       4
       8
       6
      12
      11
      11
       7
       5
       9
       8
       8
      10
      11
      12
       6
       9
      13
      13
      13
       4
       5
      13
       7
      10
       8
       7
       7
      10
       9
      12
      17
       9
       6
       3
      14
       8
       7
      13
      12
       5
       8
      11
      12
       8
      12
      10
       9
       8
       8
      12
       7
       9
       3
       8
      11
       9
       9
      10
       8
      11
      12
       8
      15
      10
      12
      14
       3
       3
      11
      10
       8
      10
      11
       7
       8
       7
      12
      11
      10
      12
       9
      11
       9
       9
       8
       8
      10
      10
       5
       7
       6
      10
       9
       4
      12
       8
      10
      12
      13
       7
       5
       8
       6
      12
       7
      15
       7
       7
       6
       9
      10
       6
      11
      12
       8
       9
       6
       3
       8
       5
      11
       9
       4
      11
       7
       8
      11
       5
       9
       8
       7
      10
      12
       3
       8
       5
      10
      10
       2
       5
      11
       4
      12
      15
      10
      13
      11
      13
      12
      10
      16
       6
       9
      11
       7
      11
      11
      15
      12
       7
      12
       7
       9
      14
       8
       9
       7
      12
       5
       8
       6
       7
      10
       9
       5
       7
       9
      14
       6
       8
      13
       4
      11
      14
      11
       5
      11
      13
      15
       5
       5
       7
       7
       7
       3
      17
       7
       5
       8
       7
       5
       6
      16
       7
      14
      11
       3
      11
       7
      16
      12
      11
       8
       8
       7
       7
      13
       9
       9
       6
       8
      11
       9
       6
      10
       9
      12
      10
      11
      10
       7
       9
       7
      10
       8
       7
       5
      10
      10
      14
      10
      10
       8
       8
      10
       5
      13
      10
      10
       8
      10
      15
       5
       7
       5
       6
      10
       8
       5
       8
      11
      11
      15
       8
       6
      13
      12
      13
      10
       8
      11
      10
      13
      19
      13
      11
      16
      21
      17
      24
      14
      18
      15
      18
      20
      20
      12
      21
      16
      13
      18
      15
      14
      19
       9
      13
      12
      12
       9
       8
       5
       8
       9
       9
       9
      10
       7
      13
      18
       8
      10
       8
       7
       9
      14
       9
      11
       5
       4
      14
      11
       9
      13
      13
      14
       8
      11
      11
      11
      10
      10
       5
      11
      11
       7
       9
       6
       9
       7
       6
       9
       7
      11
      10
       2
      11
      11
       9
      12
      14
       8
       7
      13
      14
       8
      13
      13
      11
       7
       7
       8
       7
       9
       8
       7
       5
       4
       5
      11
       9
       7
      12
       8
      10
       3
       6
       5
      12
      10
       6
      14
       9
       8
       5
       8
       5
       7
      12
       6
      10
       9
      10
      10
      10
      11
       4
       9
       8
       9
       7
       5
       9
      13
       8
       9
       8
       8
       5
       6
      11
       5
      15
       7
       7
       8
       5
       6
       5
      10
       8
       8
      10
       9
       9
       9
      10
       9
      10
       4
       8
       6
      12
       4
      11
      11
       5
      10
       5
      10
       9
       8
      11
       7
       5
       7
       6
       5
      10
      13
       5
      11
       3
       5
      11
      12
       7
       8
       7
      13
       8
       3
       0
       0
       0
       0
       0
       0
       0
       0
       0
       0
       0
       0
       0
       0
       0
       0
       0
       0
       0
       0
       0
       0
       0
       0
       0
       0
       0
       0
       0
       0
       0
       0
       0
       0
       0
       0
       0
       0
       0
       0
       0
       0
       0
       0
       0
       0
       0
       0
       0
       0
       0
       0
       0
       0
       0
       0
       0
       0
       0
       0
       0
       0
       0
       0
       0
       0
       0
       0
       0
       0
       0
       0
       0
       0
       0
       0
       0
       0
       0
       0
       0
       0
       0
       0
       0
       0
       0
       0
       0
       0
       0
       0
       0
       0
       0
       0
       0
       0
       0
       0
       0
       0
       0
       0
       0
       0
       0
       0
       0
       0
       0
       0
       0
       0
       0
       0
       0
       0
       0
       0
       0
       0
       0
       0
       0
       0
       0
       0
$ROI:
0
$PRESETS:
None
0
0
$ENER_FIT:
-2.173939 0.279251
$MCA_CAL:
3
-2.173939E+000 2.792507E-001 0.000000E+000 keV
$SHAPE_CAL:
3
1.571259E+001 -1.155430E-003 0.000000E+000
