$SPEC_ID:
226Ra
$SPEC_REM:
DET# 1
DETDESC# MCB 132 Input 1
AP# Maestro Version 6.06
$DATE_MEA:
11/22/2021 09:22:29
$MEAS_TIM:
198151 198167
$DATA:
0 8191
       0
       0
       0
       0
       0
       0
       0
       0
       0
       0
       0
       0
       0
       0
       0
       0
       0
       0
       0
       0
       0
       0
       0
       0
       0
       1
    1766
   14811
    1341
     440
     423
     408
     428
     460
     493
     462
     456
     441
     469
     452
     461
     491
     573
     542
     437
     362
     345
     359
     343
     350
     309
     340
     347
     355
     292
     322
     324
     269
     283
     268
     272
     291
     253
     257
     251
     229
     241
     257
     234
     230
     195
     205
     231
     225
     218
     188
     219
     211
     207
     202
     215
     179
     196
     172
     208
     211
     157
     191
     210
     183
     205
     165
     174
     181
     191
     203
     194
     174
     158
     160
     149
     180
     175
     152
     178
     169
     165
     167
     162
     159
     138
     132
     132
     147
     131
     149
     128
     145
     152
     139
     158
     140
     175
     140
     149
     123
     151
     143
     139
     122
     130
     139
     162
     139
     141
     125
     143
     134
     144
     124
     140
     119
     134
     135
     133
     113
     118
     125
     128
     123
     124
     130
     116
     136
     108
     138
     133
     125
     144
     135
     118
     113
     132
     133
     135
     131
     134
     140
     145
     136
     138
     184
     255
     245
     187
     163
     123
     119
     124
     119
     112
     100
     114
     116
     116
     118
     122
     120
     123
     120
     113
     121
     120
     135
     137
     154
     133
     172
     171
     124
     133
     133
     116
     120
     132
     115
     143
     115
     118
     112
     120
     116
     130
     124
     131
     120
     115
     133
     154
     163
     179
     132
     149
     125
     116
     125
     154
     143
     133
     147
     211
     279
     411
     362
     288
     197
     164
     128
     133
     143
     135
     120
     156
     120
     108
     109
     126
     137
     117
     143
     144
     123
     141
     133
     140
     140
     144
     147
     141
     158
     153
     136
     155
     138
     157
     170
     174
     178
     168
     149
     157
     158
     195
     231
     266
     231
     206
     141
     158
     144
     176
     192
     214
     203
     177
     153
     135
     132
     125
     164
     148
     149
     135
     143
     143
     162
     139
     169
     164
     153
     142
     155
     160
     151
     166
     170
     206
     213
     221
     243
     206
     194
     193
     185
     176
     135
     159
     168
     210
     190
     184
     164
     142
     142
     131
     154
     179
     161
     193
     176
     147
     157
     149
     156
     226
     411
     613
     721
     707
     482
     353
     219
     193
     152
     147
     162
     160
     156
     165
     149
     146
     157
     132
     168
     130
     141
     158
     162
     183
     179
     155
     153
     141
     136
     157
     144
     151
     142
     150
     129
     145
     140
     128
     133
     150
     128
     138
     131
     117
     129
     147
     143
     159
     144
     130
     147
     126
     146
     139
     137
     137
     173
     180
     144
     133
     155
     182
     154
     145
     170
     157
     142
     165
     177
     138
     149
     147
     171
     146
     191
     172
     163
     151
     156
     154
     155
     156
     153
     149
     160
     151
     137
     132
     133
     149
     156
     169
     151
     154
     130
     141
     147
     142
     158
     152
     163
     156
     142
     170
     172
     145
     163
     139
     147
     163
     144
     147
     147
     157
     159
     147
     149
     156
     147
     154
     147
     160
     158
     132
     148
     151
     161
     141
     142
     147
     172
     127
     164
     154
     168
     159
     168
     144
     174
     158
     179
     123
     143
     149
     158
     157
     150
     150
     153
     145
     143
     143
     144
     184
     151
     149
     139
     149
     130
     154
     162
     151
     152
     152
     151
     135
     154
     162
     163
     170
     172
     172
     170
     157
     147
     163
     161
     161
     138
     158
     131
     152
     147
     180
     220
     244
     239
     213
     169
     171
     155
     163
     155
     162
     149
     149
     138
     153
     152
     156
     154
     165
     147
     156
     155
     159
     120
     133
     132
     125
     148
     145
     161
     153
     150
     139
     133
     159
     154
     163
     150
     160
     161
     162
     155
     128
     153
     149
     154
     165
     142
     123
     163
     166
     126
     145
     128
     146
     145
     151
     165
     142
     142
     177
     140
     158
     121
     154
     146
     151
     145
     165
     134
     156
     183
     139
     187
     165
     157
     141
     150
     148
     155
     139
     157
     135
     162
     137
     142
     153
     152
     121
     158
     149
     153
     162
     142
     152
     149
     150
     131
     161
     133
     134
     132
     134
     157
     158
     134
     140
     151
     125
     135
     135
     152
     144
     173
     139
     129
     141
     132
     141
     147
     174
     150
     158
     138
     137
     138
     137
     138
     168
     128
     156
     128
     155
     146
     142
     153
     132
     148
     148
     152
     133
     140
     127
     117
     136
     160
     154
     154
     163
     202
     267
     463
     604
     540
     450
     292
     159
     155
     127
     125
     112
     114
     154
     148
     128
     136
     131
     145
     135
     148
     141
     144
     125
     123
     141
     121
     117
     147
     132
     141
     132
     127
     141
     134
     143
     134
     141
     116
     124
     128
     138
     132
     136
     136
     137
     156
     141
     132
     147
     138
     141
     129
     136
     149
     127
     133
     135
     144
     121
     128
     143
     153
     129
     151
     124
     144
     120
     137
     135
     134
     140
     158
     159
     171
     151
     141
     120
     136
     118
     124
     137
     144
     114
     132
     114
     134
     167
     157
     130
     139
     138
     123
     119
     139
     111
     131
     132
     111
     136
     132
     157
     113
     139
     138
     128
     126
     111
     119
     146
     118
     126
     135
     131
     149
     125
     127
     126
     101
     118
     109
     135
     112
     135
     113
     128
     109
     128
     104
     111
     119
     130
      97
     106
     111
     111
     110
      99
     129
     109
     116
     103
     114
     136
     101
     124
      96
     132
     143
     127
     113
     114
     113
     119
     132
     134
     123
     108
     134
     107
      86
     115
     101
     127
     113
     125
      95
     113
     108
     122
     112
     102
     127
     125
     109
     114
     117
      93
     101
     115
     100
     113
     131
     114
     119
     142
     118
     114
     105
     137
     200
     265
     288
     284
     248
     177
     124
     104
     107
     132
     124
     125
     124
     128
     122
     116
     114
      91
      95
     103
     111
     117
     110
     101
     112
     113
     104
     124
     121
      99
     116
      99
     110
     112
     108
      96
     116
     105
      84
     104
     104
     106
      99
      89
     114
      96
     114
     101
     109
     108
     115
     110
      95
     109
      95
     103
      81
     107
     110
     105
      95
     113
     100
      84
     117
     112
     102
     111
     119
     105
     112
     110
     113
      99
     119
     105
     110
     108
      99
     118
      99
     124
     112
      85
      75
      97
      99
      87
     102
      88
     108
     104
     100
     113
     101
      97
      94
      97
      86
      91
      90
     104
      79
     104
      92
      97
     100
     101
      83
     103
     108
      94
     104
     106
     103
     118
     125
     119
     109
     104
      93
     119
      93
     105
      96
      77
     123
      96
      96
      95
      94
      87
      70
      83
      91
      90
      97
      86
     102
      92
     121
     106
     114
      91
      93
      96
     102
     108
     107
     109
      96
      88
      78
      97
      81
     104
      95
      86
      76
      95
     102
      86
      92
      77
      68
      73
      81
      72
     111
      87
     102
      80
      95
      87
      90
      93
      76
     121
      85
      97
      83
      85
      90
      74
      74
      88
      81
      95
      96
     102
      87
      71
      86
      88
      90
      86
      84
      82
      87
      80
     106
      93
      89
     104
     104
     100
     104
      87
      96
      89
     100
      84
      81
      67
      87
      85
      81
      74
      84
      88
      99
      97
      80
      94
      83
      87
      72
      86
      73
      93
      88
      79
      58
      98
      94
      84
      76
      84
      83
      68
      70
      73
      69
      78
      86
      80
      85
      79
      83
      72
      87
      93
      79
      74
      85
      74
      93
      84
      82
      89
      93
      89
     103
      74
      81
      82
      76
      76
      74
      79
      99
      83
      81
      94
      77
      76
      86
      69
      72
      83
      82
      74
      95
      89
      73
      73
      74
      77
      81
      80
      66
      83
      80
      88
      70
      79
      83
      73
      64
      91
      84
      68
      87
      94
      80
      88
      82
      81
      81
      85
      91
      83
     100
      56
      78
      83
      72
      86
      76
     100
      79
      86
      99
      92
      69
      84
      81
      61
      82
      81
      74
      73
      70
      84
      80
      85
      86
      83
      84
      71
      78
      75
      72
      87
      74
      77
      79
      82
      75
      63
      63
      99
      87
      75
      85
      89
      98
     112
     101
      96
      88
      85
      78
      72
      78
      74
      79
      74
      74
      83
      88
      75
      64
      86
      67
      70
      78
      80
      78
      66
      75
      66
      89
      65
      59
      70
      74
      81
      51
      77
      73
      66
      61
      70
      95
      62
      71
      61
      92
      68
      86
      84
      69
      91
      85
      83
      97
      96
     102
     106
      73
      93
      68
      83
      71
      72
      71
      58
      74
      63
      57
      72
      58
      74
      81
      72
      72
      74
      75
      67
      61
      66
      53
      60
      63
      73
      72
      62
      59
      67
      67
      61
      68
      75
      85
      63
      79
      65
      53
      63
      85
      75
      73
      63
      71
      73
      73
      52
      84
      58
      61
      75
      62
      70
      65
      71
      53
      58
      63
      70
      75
      56
      75
      56
      72
      60
      62
      71
      75
      68
      72
      54
      77
      91
      66
      74
      66
      51
      61
      76
      64
      72
      57
      68
      60
      66
      67
      87
      67
      56
      78
      67
      73
      62
      58
      60
      75
      67
      63
      58
      68
      68
      70
      65
      69
      59
      76
      59
      58
      60
      57
      61
      70
      68
      79
      58
      68
      82
      71
      68
      87
      67
      69
      68
      65
      69
      55
      58
      72
      64
      66
      66
      54
      62
      59
      65
      48
      62
      72
      55
      67
      60
      43
      74
      49
      57
      48
      65
      63
      72
      73
      77
      68
      58
      72
      58
      68
      62
      48
      63
      58
      60
      52
      61
      70
      69
      82
      64
      87
      58
      59
      55
      75
      68
      66
      67
      55
      65
      65
      68
      70
      62
      57
      67
      61
      60
      63
      69
      75
      56
      69
      62
      54
      66
      59
      62
      55
      53
      70
      54
      69
      55
      57
      65
      58
      54
      68
      54
      61
      57
      62
      62
      67
      48
      68
      56
      48
      62
      51
      55
      64
      52
      50
      65
      65
      47
      57
      67
      66
      65
      81
      66
      80
      41
      63
      51
      59
      61
      62
      60
      74
      74
      65
      62
      58
      65
      48
      69
      54
      59
      54
      55
      46
      58
      60
      53
      56
      45
      68
      68
      58
      70
      58
      48
      64
      68
      48
      62
      61
      63
      69
      46
      69
      66
      59
      51
      62
      73
      66
      40
      48
      55
      64
      49
      60
      64
     102
     138
     219
     363
     385
     387
     263
     172
     131
      73
      52
      59
      49
      56
      52
      48
      58
      54
      71
      49
      67
      62
      43
      59
      44
      54
      59
      57
      50
      64
      56
      61
      50
      54
      51
      51
      50
      50
      50
      51
      39
      52
      69
      60
      50
      54
      59
      55
      59
      45
      47
      53
      50
      61
      62
      40
      53
      44
      54
      46
      51
      44
      55
      63
      55
      63
      63
      56
      54
      58
      53
      57
      59
      50
      47
      60
      48
      59
      47
      61
      53
      54
      60
      52
      50
      53
      48
      55
      57
      54
      55
      48
      43
      45
      44
      39
      60
      38
      60
      51
      57
      42
      53
      57
      50
      55
      63
      59
      61
      61
      55
      58
      63
      65
      50
      48
      66
      51
      54
      65
      49
      47
      44
      57
      34
      55
      64
      39
      56
      59
      51
      45
      49
      36
      47
      42
      50
      38
      41
      45
      57
      52
      44
      47
      61
      67
      50
      40
      47
      40
      59
      53
      54
      51
      66
      48
      49
      53
      50
      40
      49
      40
      41
      44
      47
      53
      45
      53
      41
      56
      69
      47
      57
      52
      47
      55
      53
      50
      44
      40
      35
      35
      39
      53
      47
      40
      47
      53
      46
      43
      46
      45
      51
      47
      55
      49
      51
      62
      45
      61
      59
      48
      50
      48
      50
      54
      52
      51
      45
      46
      50
      57
      59
      45
      51
      43
      53
      43
      53
      42
      51
      34
      42
      38
      52
      50
      45
      49
      56
      51
      44
      37
      40
      39
      50
      66
      38
      47
      40
      29
      58
      41
      54
      42
      37
      43
      42
      44
      47
      49
      50
      43
      40
      45
      43
      44
      50
      40
      42
      36
      50
      43
      40
      45
      36
      54
      52
      61
      61
      52
      77
      92
      98
     135
     142
     218
     275
     293
     331
     319
     337
     289
     307
     222
     209
     148
     127
     108
      90
      89
      63
      57
      54
      49
      52
      59
      58
      52
      46
      40
      47
      44
      44
      35
      43
      41
      44
      41
      38
      31
      37
      35
      40
      28
      37
      36
      30
      53
      41
      36
      44
      43
      47
      41
      41
      48
      41
      49
      45
      44
      42
      43
      46
      46
      55
      33
      35
      36
      29
      32
      31
      45
      36
      35
      32
      37
      56
      39
      28
      41
      36
      46
      39
      31
      37
      44
      40
      40
      40
      42
      34
      37
      42
      45
      37
      39
      40
      33
      38
      40
      36
      23
      40
      39
      34
      45
      35
      39
      31
      40
      44
      35
      45
      36
      45
      51
      41
      49
      32
      27
      40
      33
      30
      31
      39
      40
      30
      46
      41
      33
      31
      37
      34
      43
      41
      38
      27
      39
      36
      37
      37
      39
      38
      46
      28
      27
      40
      39
      31
      34
      36
      40
      34
      43
      28
      29
      44
      29
      34
      30
      28
      36
      30
      28
      37
      28
      36
      33
      33
      21
      50
      49
      34
      30
      35
      17
      37
      34
      29
      42
      32
      34
      31
      34
      26
      37
      26
      39
      29
      42
      24
      35
      26
      39
      35
      39
      33
      38
      32
      38
      43
      30
      33
      35
      35
      39
      40
      39
      46
      42
      27
      34
      29
      39
      36
      50
      61
      59
      51
      79
      76
      59
      53
      35
      47
      29
      39
      30
      29
      43
      28
      34
      43
      42
      42
      40
      40
      34
      29
      42
      29
      39
      31
      35
      30
      41
      37
      44
      31
      34
      39
      30
      30
      23
      43
      28
      37
      34
      36
      36
      31
      37
      50
      50
      69
      64
      64
      72
      69
      66
      58
      48
      59
      36
      40
      37
      31
      25
      33
      33
      40
      33
      34
      26
      32
      36
      31
      41
      25
      36
      44
      38
      39
      39
      39
      43
      42
      42
      26
      28
      33
      35
      30
      41
      32
      32
      36
      42
      39
      35
      40
      41
      48
      46
      34
      50
      37
      48
      38
      45
      41
      29
      34
      32
      40
      33
      39
      36
      46
      35
      38
      36
      44
      42
      44
      32
      29
      42
      31
      46
      49
      29
      46
      26
      43
      33
      37
      27
      40
      37
      38
      39
      33
      36
      37
      47
      40
      42
      51
      60
      53
      41
      61
      39
      44
      43
      42
      39
      44
      36
      33
      37
      53
      58
      76
     129
     167
     227
     242
     260
     194
     179
     122
      67
      56
      49
      37
      34
      27
      34
      33
      40
      33
      34
      32
      32
      28
      33
      35
      29
      27
      27
      35
      30
      34
      29
      31
      30
      28
      25
      30
      40
      32
      30
      32
      31
      37
      35
      34
      25
      31
      31
      30
      24
      25
      26
      37
      36
      27
      34
      33
      31
      26
      29
      28
      27
      25
      24
      29
      21
      32
      22
      27
      27
      45
      28
      36
      38
      21
      33
      28
      27
      26
      36
      31
      23
      26
      29
      22
      24
      27
      35
      27
      34
      28
      26
      28
      38
      23
      37
      22
      30
      37
      22
      26
      34
      27
      36
      41
      29
      28
      26
      27
      32
      33
      26
      28
      26
      31
      27
      42
      35
      32
      30
      34
      30
      35
      33
      28
      33
      30
      38
      27
      28
      29
      25
      31
      40
      21
      25
      28
      27
      40
      32
      31
      25
      37
      25
      24
      41
      28
      25
      19
      32
      35
      41
      21
      31
      29
      26
      45
      26
      27
      21
      36
      27
      26
      31
      33
      37
      36
      36
      74
      80
     131
     227
     284
     367
     317
     309
     233
     173
     109
      74
      47
      28
      28
      41
      30
      23
      29
      31
      28
      33
      32
      29
      24
      25
      26
      23
      28
      21
      29
      22
      23
      27
      36
      48
      33
      32
      28
      31
      29
      21
      36
      20
      28
      35
      31
      27
      21
      28
      33
      29
      30
      26
      25
      25
      29
      30
      25
      26
      28
      21
      27
      28
      40
      22
      23
      23
      29
      25
      34
      25
      28
      25
      29
      25
      25
      33
      23
      21
      39
      17
      22
      30
      21
      15
      31
      27
      28
      34
      23
      23
      25
      22
      27
      36
      23
      32
      21
      29
      32
      40
      30
      29
      28
      28
      26
      32
      31
      27
      31
      28
      22
      23
      36
      22
      25
      30
      24
      30
      30
      30
      29
      44
      27
      40
      35
      23
      33
      36
      21
      29
      29
      38
      27
      36
      24
      28
      23
      23
      29
      22
      23
      25
      28
      24
      18
      26
      25
      34
      17
      24
      33
      27
      38
      32
      21
      31
      17
      35
      30
      16
      27
      24
      38
      32
      32
      31
      27
      18
      27
      31
      37
      27
      32
      37
      32
      27
      21
      31
      30
      15
      18
      21
      23
      21
      22
      28
      28
      30
      20
      23
      23
      20
      21
      29
      23
      21
      27
      22
      23
      25
      26
      32
      22
      30
      24
      29
      28
      31
      25
      32
      30
      24
      23
      26
      26
      29
      43
      43
      66
     107
     141
     175
     207
     218
     194
     138
     101
      65
      55
      27
      35
      37
      23
      28
      26
      17
      26
      28
      41
      34
      38
      23
      17
      31
      29
      29
      30
      21
      28
      23
      24
      24
      23
      17
      21
      24
      19
      28
      20
      35
      15
      26
      29
      27
      16
      29
      26
      30
      18
      21
      18
      20
      25
      20
      24
      21
      24
      24
      19
      26
      25
      23
      17
      28
      18
      25
      26
      29
      30
      23
      31
      31
      25
      23
      33
      24
      31
      28
      24
      23
      29
      23
      23
      29
      22
      21
      27
      22
      26
      20
      27
      29
      32
      21
      13
      15
      17
      19
      24
      23
      22
      38
      22
      22
      30
      20
      26
      21
      26
      16
      18
      25
      22
      25
      25
      22
      24
      29
      27
      21
      25
      23
      21
      28
      24
      18
      22
      21
      26
      13
      28
      24
      29
      20
      25
      13
      28
      25
      29
      36
      20
      19
      26
      21
      19
      18
      33
      25
      22
      20
      24
      26
      21
      20
      37
      29
      29
      27
      36
      27
      36
      30
      32
      32
      21
      25
      27
      20
      28
      20
      21
      11
      22
      33
      32
      24
      22
      21
      23
      19
      27
      24
      22
      28
      24
      23
      22
      20
      20
      22
      21
      29
      40
      23
      19
      15
      20
      23
      30
      12
      31
      31
      13
      18
      22
      33
      24
      24
      15
      27
      21
      18
      23
      28
      24
      20
      25
      24
      22
      31
      15
      16
      22
      30
      25
      20
      27
      24
      29
      28
      28
      22
      27
      22
      24
      22
      23
      15
      22
      22
      22
      16
      30
      24
      32
      24
      24
      22
      22
      17
      19
      29
      25
      19
      26
      26
      29
      28
      31
      31
      21
      27
      23
      26
      20
      22
      28
      15
      21
      26
      24
      15
      28
      13
      14
      23
      17
      18
      17
      16
      18
      22
      26
      17
      26
      29
      25
      34
      34
      24
      30
      30
      32
      29
      23
      22
      19
      18
      25
      19
      21
      25
      20
      17
      18
      22
      30
      19
      20
      18
      22
      19
      35
      22
      25
      15
      23
      16
      30
      18
      20
      21
      23
      21
      21
      18
      15
      20
      28
      26
      19
      27
      21
      15
      24
      21
      28
      19
      23
      19
      17
      12
      17
      20
      18
      19
      17
      26
      23
      18
      21
      17
      27
      24
      20
      17
      14
      23
      23
      15
      21
      21
      21
      25
      18
      15
      20
      23
      21
      21
      19
      13
      30
      34
      17
      22
      21
      26
      18
      17
       8
      20
      20
      22
      14
      19
      15
      25
      22
      30
      22
      28
      20
      25
      23
      24
      16
      14
      25
      21
      17
      12
      18
      19
      17
      24
      25
      28
      17
      19
      17
      16
      11
      23
      30
      22
      21
      19
      24
       9
      20
      19
      22
      18
      16
      17
      20
      24
      25
      21
      28
      26
      19
      19
      21
      18
      26
      27
      17
      19
      18
      22
      17
      14
      27
      25
      19
      20
      15
      18
      17
      23
      22
      16
      24
      28
      29
      17
      27
      17
      14
      21
      24
      24
      19
      22
      22
      10
      25
      16
      17
      13
      18
      21
      15
      23
      18
      24
      18
      18
      17
      20
      14
      22
      17
      18
      14
      13
      19
      22
      26
      26
      26
      14
      22
      26
      27
      34
      21
      22
      22
      24
      20
      20
      18
      19
      19
      25
      29
      27
      20
      13
      22
      18
      16
      21
      15
      13
      20
      17
      20
      26
      28
      26
      20
      14
      16
      26
      16
      13
      21
      26
      13
      23
      16
      23
      14
      18
      19
      31
      20
      24
      21
      27
      22
      18
      22
      19
      18
      16
      12
      19
      25
      29
      17
      19
      24
      18
      20
      16
      15
      26
      13
      28
      14
      21
      20
      20
      18
      16
      23
      16
      24
      18
      22
      20
      19
      22
      12
      24
      19
      16
      13
      23
      17
      14
      26
      21
      18
      12
      21
      17
      19
      16
      20
      26
      18
      19
      20
      20
      15
      15
      22
      17
      10
      22
      20
      15
      14
      25
      25
      24
      20
      20
      17
      21
      17
      19
      12
      17
      28
      17
      19
      19
      19
      16
      20
      21
      18
      15
      17
      24
      13
      21
      19
      19
      15
      23
      25
      27
      17
      15
      20
      16
       9
      19
      15
      12
      17
      20
      20
      11
      28
      28
      22
      17
      17
      26
      10
      13
      21
      20
      21
      21
      17
      13
      20
      18
      24
      20
      28
      42
      29
      35
      58
      35
      43
      38
      33
      27
      20
      19
      16
      22
      14
      19
      14
      18
      12
      16
      12
      22
      18
      16
      21
      15
      12
      22
      19
      15
      14
      17
      19
      21
      21
      13
      20
      22
      18
      21
      15
      15
      20
      23
      18
      10
      13
      14
      15
      22
      16
      15
      13
      13
      11
      12
      26
      14
      21
      27
      18
      16
      19
      17
      15
      17
      13
      12
      18
      14
      21
      13
      15
      18
       7
      15
      25
      12
      16
      17
      12
      24
      18
      20
      19
      14
      14
      24
      17
      21
      17
      22
      25
      17
      27
      17
      16
      21
      20
      18
      15
      12
      15
      23
      20
      21
      15
      18
      11
      15
      13
      18
      17
      15
      18
      13
      11
      16
      14
      25
      14
      19
      14
      22
      16
      18
      22
      15
      19
      13
      12
      14
      27
      12
      19
      17
      16
      14
      19
      21
      19
      20
      15
      22
      16
      13
      20
      15
      20
      16
      20
      19
      14
      11
      14
      18
      19
      15
      20
      18
      16
      15
      18
      18
      19
      19
      20
      17
      27
      17
      17
      17
      21
      12
      21
      14
      12
      17
      16
      19
      20
      20
      26
      14
      12
      14
      25
      20
      18
      20
      23
      22
      20
      21
      28
      21
      26
      23
      14
      13
      22
      16
      11
       9
      11
      13
      23
      22
      25
      31
      22
      28
      30
      26
      31
      28
      18
      18
      21
      19
      16
      24
      15
      15
      12
      21
      17
      17
      17
      22
      18
      20
      15
      22
      20
      18
      15
      17
      21
      11
      17
      14
      14
      11
      14
      10
      20
      20
      16
      21
      17
      14
      21
      17
      13
      16
      11
      16
      16
      11
      12
      15
      14
      14
      23
      23
      12
      16
      24
      18
      22
      12
      13
      17
      12
      14
      18
      13
      14
      19
      21
      22
      11
      13
      21
      14
      18
      17
      16
      16
      14
      15
      18
      20
      18
      15
      15
      13
      11
      15
      13
      12
      12
      13
      14
      19
      18
      18
      21
      22
      20
       9
      14
      14
      16
      21
      19
       9
      21
      23
      26
      22
      24
      21
      37
      41
      33
      46
      42
      26
      35
      25
      20
      17
      21
      19
      18
      11
      15
      23
      12
      21
      19
      11
      19
      15
      12
      15
      16
      15
      18
      14
      13
      15
      14
      16
      16
      23
      13
      21
      18
      16
      24
      20
      13
      13
       9
      16
      22
      15
      13
      21
      13
      21
      26
      12
      10
      24
      11
      13
      13
      14
      18
      15
      16
      14
      24
      12
      18
      16
      15
      16
      14
      15
      19
      13
      14
      13
      17
       9
      20
      10
      14
      16
      20
      11
      11
      11
      14
       9
      12
      12
      22
      20
      16
      10
      17
      11
      14
      15
      17
      11
      18
      12
      18
      19
      19
      19
      13
      18
      12
      25
      15
      12
      12
      14
      18
      15
      13
      15
      13
      12
      13
      13
      16
      18
      13
      19
      18
      14
      13
       6
      11
      10
      22
      14
      17
      13
      15
       7
      19
      13
      11
      24
      16
      10
      13
      10
       7
      11
      10
      16
      14
      14
      17
      18
      15
       7
      14
      15
      12
      12
      14
      14
      18
      13
      16
      13
      17
       6
      11
      18
      14
      22
      14
      13
      19
      14
      16
      18
      17
      13
      14
      12
      11
      17
      19
      12
      20
      16
      10
       8
      16
       6
      16
      14
      13
      12
      24
      19
      18
      16
      17
      11
      22
      16
      13
      13
      13
      11
       9
      19
      13
      18
      16
      16
      20
      18
      11
      12
       9
      26
      14
      24
      16
      14
      22
      21
      26
      33
      27
      25
      17
      27
      24
      20
      20
      10
       7
      13
      12
      17
      10
      19
      18
      16
      14
      15
      23
      14
      20
      11
      12
      13
      11
       9
      11
      11
      13
      13
       7
       9
      19
       9
      14
      17
      13
      20
      15
       9
       9
      11
      11
      11
       9
      13
      12
      11
      15
      13
      16
       9
      14
      10
      13
       8
      20
      19
      15
       8
      14
       8
      20
      12
      13
      13
      11
      21
      13
      16
       9
       9
      10
      13
      12
      15
      14
      19
      10
      12
      11
      15
      14
      16
       9
      11
      10
      16
      20
      16
       7
      15
      11
      17
      15
      10
      15
      11
      13
      14
       7
       8
      17
      19
      14
      11
       7
      15
      20
      16
      18
      13
      16
      11
      12
      15
      18
      16
       5
      13
      15
      19
       8
      17
      15
      15
      13
      17
      10
      16
       9
      16
      13
      15
      14
      11
      13
       8
      16
      12
      15
      16
      10
      15
      11
      24
      13
       8
      15
      11
      16
      20
      18
      14
      16
      14
      13
      21
      16
      16
      18
       9
      12
       8
      15
      13
      16
      14
      20
      16
      10
      12
      15
      11
      17
      19
      23
      11
      12
      10
      13
      22
       9
      12
      17
      16
      14
      13
      13
      12
      10
      14
      14
      21
      12
      22
      18
      15
      22
      17
      19
      19
      23
      19
      29
      22
      22
      19
      15
      26
      17
      14
      12
      15
      13
      14
      12
      16
      14
      16
      14
      14
      16
      18
      10
      10
       9
      12
      13
      12
      15
      20
      12
      17
      13
       8
      12
       9
       6
       5
      11
      12
       7
       9
      14
      10
      21
       4
      17
      14
       8
      14
      13
      14
      11
      12
      14
      10
      16
       9
      13
      11
      17
      16
       8
      12
      11
      18
      13
       8
      15
      18
      16
       8
       7
       7
      15
       9
      14
      10
      16
      10
      12
      13
      11
       9
      11
      12
      15
      10
      12
       8
      17
      10
      10
      15
      10
      10
      10
      14
      14
      17
      12
      11
      11
       9
      13
       9
      17
      13
       9
      12
      13
      10
      13
      20
      20
      10
       9
       9
      17
      15
      24
      14
      16
      12
      16
      19
      11
      24
      11
       9
      17
      11
      20
      10
      13
      17
      14
       6
      16
      13
      17
      15
      12
      18
      13
      16
      20
      16
      12
      11
       7
      17
      14
       8
      18
       9
       7
      13
      16
       9
      11
      20
      13
      18
      13
      14
      11
       7
      15
      16
      15
      14
      16
      14
      15
      10
       6
      14
       8
      17
      15
       9
      15
      19
      11
      18
      12
       8
      14
      18
      15
      13
      12
       3
      10
      12
      16
      12
       9
       8
      12
      17
      15
      12
      14
      15
       7
      14
      16
      10
      15
      18
      12
      13
      17
      16
      11
      11
      11
       7
      12
      12
       9
      16
      10
      10
      11
       8
      12
      14
      14
      17
       8
      13
      14
      12
      11
      14
      13
      15
      11
      15
      12
      12
      15
      15
       9
       9
      13
      11
      10
      16
       9
      11
      10
      18
      15
      18
      15
      15
      12
      10
      14
      17
      14
      20
      13
      10
       5
       6
      11
       9
       8
      11
      10
      11
      15
      18
      16
      14
      18
      18
       8
      18
      10
       6
      13
       9
      13
      19
       8
      14
      12
       8
      14
      14
      10
      13
       9
      12
      13
      14
      14
      14
      14
      15
      13
      10
      11
      13
      21
      12
      13
       8
      12
      15
       8
      10
      10
      14
      11
       9
      20
      13
      14
      18
      13
      12
      14
      10
      13
      11
      15
       6
      14
      11
       8
      19
      10
      13
       9
      12
      12
      11
       9
       9
      17
      15
       9
      11
      14
      18
      15
      12
       9
      12
       6
      12
       9
      13
      16
      10
      14
      16
       9
      13
       7
      14
       9
      12
      12
       9
      12
      12
       8
      13
      11
      14
       9
      14
      15
      15
      13
       7
      14
      17
      17
      13
      13
      10
      12
      13
      11
      14
       6
      13
      10
      11
      11
       8
      14
      17
       7
      10
      11
      15
      11
       7
      12
      13
      10
       8
      11
      21
      12
       7
      11
      15
      17
       7
      10
      19
      21
      14
      20
      14
       9
       5
      13
      11
      14
       6
      18
      13
      12
       7
      10
       8
      11
       9
       6
       8
      14
       8
      13
       9
      10
      13
       9
      11
      10
      11
      12
      11
      15
      14
       9
      13
      11
      15
      12
       5
       8
       8
       9
       8
      12
      11
       6
      17
      20
       7
      12
       9
      15
      10
      18
       7
      13
       9
      13
      13
      10
      11
      11
      18
      11
       7
       8
       7
      13
      10
       8
      11
      13
       7
       8
       8
      12
      11
       9
      15
       8
      16
      13
       8
      15
       9
      13
       9
      13
       7
      10
      15
       9
      13
       8
      17
      13
      12
      11
      15
      10
      13
      11
      12
      12
      10
       8
       9
       9
       8
      16
      14
       9
      10
      17
      17
      10
       7
      12
      10
      10
      11
      11
       8
      13
       8
       7
      14
      15
      16
       8
      13
       9
       9
      18
      11
      10
       6
      10
      13
       8
       8
      12
      11
      14
      12
      12
      10
       9
      10
      13
       6
      12
      11
       7
       8
       8
      12
       5
      10
       9
       8
       9
      14
       5
      15
      15
      14
       6
      14
      12
       9
      14
       6
       9
      10
       8
      10
       8
       8
      12
       6
       8
      10
      11
       8
      10
       7
       7
       8
       6
      10
       7
      13
       2
       9
       5
       6
       5
       9
      12
       7
      11
      12
       8
       9
       8
      11
       9
       8
       9
      13
      10
      14
       9
       6
       4
      11
       7
       9
       8
      12
      10
       9
      14
       7
       8
      12
      10
       7
       9
      13
       9
      15
      11
      11
      12
      11
       9
      10
      11
       3
      17
       4
       6
      13
       9
       9
      17
      12
      14
       7
       9
       8
       8
      12
      10
       8
      12
      18
      11
       8
       6
      11
       8
      11
      10
      10
       4
      14
      12
       9
       7
      10
       9
       8
       5
      10
       6
      11
      10
      11
      10
      12
       7
       5
      12
      12
      13
       8
       5
      10
       6
       9
       5
       6
       6
       8
       8
      14
       9
       9
       7
      14
      17
       9
      11
      10
      13
       7
      10
      11
       7
       8
      11
      12
      13
      14
      11
      11
       9
      11
       9
      10
      10
       9
       8
       7
       8
      10
      11
      10
       5
       9
      12
      12
      12
       6
       8
      12
       8
      10
      10
      14
      12
      17
      12
      16
       7
       5
       7
       4
       7
       3
      13
      10
       9
      10
       6
       7
       8
       7
       8
       8
      11
      10
      13
       6
      13
      11
       9
      15
       7
      12
      12
       8
       6
      10
      10
      12
      11
      10
       6
       6
      14
      10
      11
       5
       6
       4
      11
      13
       9
      10
       9
       6
       9
      11
      10
       7
      10
       7
      14
       6
       9
       9
       7
      10
       7
       7
       7
       6
      10
       9
       5
      11
       6
      10
      11
       9
      13
      10
       9
       8
       6
      12
       7
       7
       5
       5
      16
      10
      13
      11
       7
      14
       8
       8
       9
       9
      11
       7
       9
       8
      14
      12
      13
      10
       6
      12
       6
      11
      11
       5
       4
       8
       9
       8
      11
       5
      11
      12
       8
      10
      11
      10
      11
       7
       7
      11
       9
       8
      13
       5
       9
       6
      11
       9
      15
       5
       7
      11
      12
      10
      11
      10
       3
      11
      14
      13
      13
      13
      10
      10
       8
       9
      13
      12
      13
      10
      12
      13
       7
       6
       9
       7
      12
       7
       6
      10
      15
       7
       5
       7
      10
      10
      11
       9
       8
      12
      10
       2
       4
       2
      10
       7
      13
       8
       7
      12
      11
       5
       7
      11
      11
      17
      14
       5
       8
       7
       2
      10
      11
      12
       9
       9
      11
       8
       6
       8
       8
      14
       8
       7
       9
       7
       8
       9
       5
       4
      15
       6
       4
      15
       6
       7
       7
       8
      12
       6
       4
       8
       7
      11
       5
       9
       5
      12
      10
      11
      13
      10
      10
      11
      13
       3
       9
       5
       5
      16
      10
       6
      10
       9
      10
      17
       5
       7
       9
      11
       8
      11
       6
       7
      15
      13
      10
       7
      14
       8
      11
       8
      13
      10
       7
       7
       7
       7
       6
      13
       9
       9
      11
      12
       9
       5
      11
       4
       8
      11
       9
      16
      12
      11
      13
      12
       9
       9
       8
       3
       9
      10
       3
      12
       5
       9
       7
       7
      10
       8
       2
      15
       9
       7
       7
       9
       9
      10
       8
      12
       7
       8
      11
       9
      11
       7
      10
       9
       5
       9
      10
      10
       5
      12
      10
       7
      12
       7
       8
       7
      10
      10
      12
       6
       4
       8
       4
       8
      13
       8
      17
       8
       6
       9
      18
       6
       7
       7
      12
      16
       7
       8
      13
      12
       9
       3
       4
       7
       9
       6
       8
       7
       7
       7
       3
       7
       9
       8
      10
       8
       8
       8
       4
       5
       6
       9
       8
       9
       4
       9
       6
       6
       7
      10
      10
       3
       4
       7
       4
      12
       8
       9
       8
       9
       9
       9
      10
       5
       8
       7
       8
       5
      11
       9
       8
       8
       7
      11
       8
      14
       9
       8
      12
      13
       9
       5
       1
       9
       8
       6
      11
       5
      17
      13
      11
       7
       6
       8
      11
      12
       5
      12
       8
      16
      17
      15
      13
      23
      35
      25
      35
      46
      49
      47
      54
      59
      40
      38
      33
      31
      22
      24
      13
      15
      14
      12
       4
       7
       5
       6
       7
       9
       8
       5
      11
      11
       6
       7
       7
       9
      10
       8
       6
      11
       7
       7
       2
       3
       3
       6
       8
       6
       8
       8
       7
       4
       5
      11
       7
      11
       6
       6
       9
       8
       9
      16
       3
       7
       4
       8
       6
       4
       6
       6
       6
       8
      11
       8
       6
       7
       6
       9
       7
       9
       9
       7
       5
       9
      10
       8
      14
      13
      11
      10
       6
       7
       8
       9
       4
       8
       4
       7
       8
       6
      10
      12
       2
       9
       7
      10
       7
       6
      11
       7
       7
       9
       4
       6
       5
       3
       7
       6
       7
      10
       9
       8
       2
       9
       9
      10
       8
       9
       7
       9
       9
       9
      10
      10
       4
      13
       6
       8
      10
       7
       4
       1
       5
      10
       8
       6
       6
      11
       7
       5
       8
       6
      12
      11
       5
       8
       5
       9
      11
       9
       2
       9
       7
       3
       7
      12
       4
       2
      12
      10
       3
       4
       5
       8
       9
       8
      11
       8
      10
       8
      10
       8
      11
      18
       5
      14
       5
       6
       8
      10
       8
       7
       6
       5
       5
      13
      13
      11
       9
      13
       8
       7
       6
       6
       5
       6
       7
       8
      10
       5
       5
       6
       8
       5
       8
       9
       5
       4
       4
       3
      10
       8
      11
      11
       7
       9
       4
       8
       5
      13
       6
      11
       3
      10
       7
       6
       9
       9
       7
       3
       9
       8
       5
       5
       7
      11
       8
       6
      11
       4
       2
      12
       8
       8
       5
       5
      11
       8
      11
       6
       4
       8
       6
      12
       5
       6
       6
       8
       5
       6
       4
       8
       4
      15
       5
       9
       5
       8
       8
       3
       5
       5
       5
      10
       5
       9
       5
       7
       7
       5
      10
      10
       8
      10
       4
      10
       6
      11
       5
       9
      11
       8
       4
       4
       9
       4
       6
       7
       2
       6
       3
       8
       8
       4
       6
       6
       7
       9
       5
       4
       3
       7
       6
       9
       8
       4
      11
       9
       4
       6
      12
       6
       7
       3
       9
       7
       7
       9
       4
       5
       7
       8
       7
       7
       5
       4
       8
       7
      16
       3
       7
       6
       2
       7
       8
       7
       4
       9
       8
       7
      10
       6
       4
       4
       8
       9
       7
       7
       7
       6
       3
       8
       6
       7
       6
       7
      10
       7
       6
       5
       3
       8
       3
      12
       8
      10
       5
       7
       8
       6
      13
       7
       6
      10
       6
       8
       4
       6
       8
       8
       6
       5
       5
       8
       4
       5
       6
       4
       7
      10
       7
       7
      10
      10
       7
       3
       5
       7
       4
       9
      10
       6
       5
       4
      11
      10
       4
       4
       5
       4
       2
       6
      11
       7
       8
       7
       8
       8
       8
       4
       6
       7
       5
       2
       4
       8
       6
       7
       8
       5
       7
       6
       4
       6
      11
       8
      11
      10
       7
       9
       5
       7
       6
       7
       6
      12
       6
      10
       8
      11
       6
      13
       9
       6
       7
      11
       8
      11
       7
      13
      13
       8
       5
      10
       5
       9
      14
      10
       8
       7
       8
       3
       6
       5
       4
       3
       6
       5
       4
       5
       9
       9
       7
       8
       7
      10
       3
       3
       2
       7
      12
       5
      13
       5
       2
       7
       4
       5
       7
       6
       4
       8
       3
       4
       5
       3
       5
       5
       8
       7
       2
       4
       8
       5
       4
       2
       6
       8
       6
       9
       6
       4
       6
       6
       6
       4
       8
       7
       4
       9
       4
       7
      11
       8
       7
       4
       9
       4
       7
       8
       9
       4
       5
       4
       8
       9
       6
       3
       6
      10
       5
       6
       5
       7
       4
       7
       4
       3
       7
       9
       7
       6
       9
       8
      13
       8
       6
       3
       3
       8
       9
       5
      10
       4
       3
       5
      12
      12
       8
       8
       4
       8
       4
      11
       7
       4
       3
       8
       5
       5
       5
      12
       7
       7
       5
       8
      11
       9
       8
       5
       7
       4
       5
       8
       3
       5
       5
       5
       4
       7
       5
       8
       7
       7
       4
       8
      10
       7
       5
       8
       5
       5
       8
       6
       7
       5
      10
       4
       7
       9
       9
       1
       4
       5
       3
      10
       4
       6
       7
       6
       4
       4
       3
       8
       6
       7
       4
       7
       5
       8
       4
       3
       6
       4
       3
       7
       8
      10
       4
       2
       6
      10
       8
       6
       9
       5
       2
       4
       2
       5
       7
       8
       5
       7
       3
       3
       4
       3
       4
       6
       7
       5
       6
      11
       8
       6
       7
       4
       3
       4
       8
       8
       9
       7
       3
       6
       2
       7
       5
       3
      10
       8
       5
       7
       9
       4
       9
       4
       9
       5
       9
       6
       4
       5
       6
       4
       3
       5
       5
      15
       5
       4
       5
       4
       5
       7
       3
       6
       3
       3
       5
       5
       2
       6
       6
       5
      12
       1
       6
       2
       6
       6
       3
       5
       9
       3
       6
       7
       5
       3
      10
       3
       4
       8
       9
       8
       6
       6
       7
       3
       4
       8
       1
       4
       5
       7
       8
       5
       8
       4
       6
       5
       7
       4
       4
      12
       2
       5
      10
       3
       2
       9
       8
       6
       4
       9
       5
       5
       5
       5
       4
      10
       4
       5
       9
       3
       3
       1
       4
       3
       9
       6
       2
       3
       5
       7
       3
       9
       3
       5
       5
       3
       9
       7
       4
       9
       6
       5
       8
       4
       5
       6
       7
       3
       4
       7
       8
       5
       9
       3
       7
       4
       3
       4
       6
       4
       7
       5
       9
       4
       6
       5
       6
      11
       9
       5
       2
       4
       5
       8
       5
       6
       7
       7
       6
       4
       4
       6
       7
       6
       4
       5
       8
       5
       5
       6
      11
       7
       6
       2
       8
       2
       8
       7
      10
       7
       4
       2
       6
       9
       6
       1
       5
       3
       5
       5
       3
       1
       5
       5
       2
       6
       3
       4
       2
       4
       5
       5
       4
       3
       4
       2
       3
      11
       6
       2
       8
       7
       7
       9
       1
       7
       2
       7
       3
       9
       7
       5
       4
       3
       6
       5
       6
       5
       4
       4
       2
       7
       5
       5
       6
       6
       7
       4
       9
       8
      10
       3
       4
       3
       7
       7
       7
       7
       6
       5
       5
       6
       7
       8
      14
       8
       7
       3
       7
       7
       6
       9
       3
       5
       8
       6
       5
       6
       8
       4
       4
       5
       4
       3
       4
       5
       3
       7
       6
       9
       7
       3
       8
       3
      10
       4
       5
       6
       5
       5
       4
       7
       4
       3
       6
       3
       7
       2
       6
       3
       4
       6
       4
       4
       2
       5
       4
       6
       7
       7
       4
       5
       1
       5
       9
       5
       4
       3
       4
       3
       7
       6
       3
       4
      10
       7
       5
       4
       3
       4
       5
       2
       6
       7
       4
       1
       4
       5
       6
       4
       7
       0
       7
       5
       6
       5
       3
       1
       7
       3
       9
       7
       5
       4
       6
       3
       8
       7
       7
       4
       7
       5
       6
       5
       5
       8
       6
       4
       3
       3
      13
       7
      17
      20
      19
      16
      24
      16
      18
      22
      22
      12
      18
      18
      18
      14
       5
       5
      14
       6
       4
       3
       4
       8
       2
       2
       5
       3
       5
       8
       3
       4
       5
       3
      10
       7
       8
       6
       6
       8
       7
       6
       8
       6
       6
       4
       2
      10
       5
       7
       4
       7
       2
       4
       7
       9
       3
       7
       1
       4
       4
       2
       2
       9
       8
      10
       4
       2
       2
       5
       3
       4
       5
      10
       4
       8
       5
       7
       5
       1
       5
       6
       0
       9
       2
       5
       5
       4
       2
       4
       4
       4
       6
       4
       7
       4
       7
       6
       8
       4
       4
       1
       4
       4
       2
       2
       3
       2
       5
       5
       3
       6
       6
       5
       6
       6
      12
       5
       6
       6
       2
       5
       5
       7
       5
       8
       4
      10
       3
       2
       9
       5
       4
      12
       7
       4
       7
       2
       4
       7
       6
       6
       7
       1
       4
       7
       3
       3
       8
       5
       8
       9
       8
       4
       6
       2
       7
       2
       5
       1
       2
       7
      11
      11
       5
       5
       3
       6
       6
       7
       5
       6
       9
       7
       4
       6
       4
       4
       3
       8
       6
       2
       6
       4
       9
       6
       5
       6
       4
       7
       5
       1
       1
       1
       9
       5
       5
       4
       3
       6
       1
       3
       5
       5
       2
       7
       5
       4
       3
       4
       6
       3
       4
       6
       8
       4
       6
       9
       9
       7
       1
       3
       4
       5
       2
       8
       4
       3
       6
       4
       9
       7
       4
       3
       3
       2
       7
       2
       5
       8
       6
       7
       7
       6
       2
       7
       8
       4
       5
       3
       2
       6
       1
       7
       6
       2
       8
       6
       8
       4
       7
       6
       2
       4
       9
       2
      10
       2
       3
       3
       4
       8
       6
       5
       4
       2
       2
       7
       7
       2
       5
       4
       2
       6
       2
       4
       2
       5
       2
       7
       6
       1
       4
       6
       1
       9
       9
       6
       7
       8
      14
       6
       6
      10
       6
       6
       8
       9
       8
      12
      10
       3
       5
       8
       3
       2
       6
       4
       5
       1
       5
       3
       3
       4
       6
       4
       3
       3
       6
       5
       6
       4
       7
       2
       8
       6
       4
       5
       3
       6
       5
       4
       5
       5
       5
       4
       4
       7
       4
       3
       8
       3
       4
       6
       5
      10
       4
       4
       3
       5
       3
       4
      10
       5
       2
       3
       3
       4
       0
       3
       2
       5
      13
       6
       3
       5
       6
       2
       8
       2
       5
       5
       5
       3
       4
       4
       2
       4
       4
       6
       3
       9
       4
       7
       5
       7
       3
       4
       6
       5
       9
       3
       7
       4
       5
       4
       8
       3
       2
       3
       6
       4
      11
       8
       2
      10
       5
       7
       5
       4
       6
       3
       2
       4
       4
       7
       5
       4
       5
       5
       5
       2
       2
       2
      10
       4
       3
       2
       3
       9
       2
       3
       3
       5
       3
       6
       7
       1
       8
       3
       6
       5
       3
       4
       5
       9
       2
       7
       7
       6
       4
       3
       5
       5
       3
       2
       5
       4
       3
       7
       3
       3
       3
       5
       5
       6
       2
       4
       1
       6
       8
       7
       5
       4
       4
       4
       7
       6
       9
       3
       4
      11
       4
       7
       6
       2
       4
       7
       3
       3
       5
       4
       1
       5
       2
       3
       5
       4
       2
       3
       2
       1
       3
       8
       9
       1
       4
       4
       6
       8
      10
       4
       4
       2
       3
       4
       7
       4
       5
       1
       6
       3
       1
       7
       5
       5
       5
       3
       4
       4
       1
       5
       6
       6
       8
       3
       5
       3
       5
       7
       4
       4
       1
       6
       2
       2
       7
       2
       3
       5
       5
       2
       1
       6
       5
       3
       3
       4
       7
       2
       5
       0
       3
       1
       6
       4
      10
       6
       6
       3
       4
       8
       3
       5
       3
       3
       4
       3
       5
       8
       1
       3
       2
       5
       6
       7
       4
       6
       8
       6
       4
       2
       5
       2
       3
       4
       5
       3
       4
       8
       9
       5
       4
       2
       6
       5
       6
       4
       5
       4
       7
       2
       2
       3
       7
       5
       5
       7
       3
       2
       4
       9
       3
       4
       7
       5
       5
       7
       5
      10
       4
       3
       3
       4
       2
       2
       1
       4
       4
      10
       5
       6
       5
       3
       5
       7
       3
       3
       4
       4
      10
       3
       5
       3
       2
       0
       5
       3
       9
       5
       3
       5
       2
       5
       4
       7
       4
       3
       5
       2
       5
       6
       7
       2
       3
       4
       6
       2
       6
       9
       7
       1
       4
       4
       5
       1
       6
       7
       5
       5
       6
       2
       3
       9
       5
       4
       5
       3
       4
       5
       7
       6
       4
       5
       3
       4
       2
       6
       6
       3
       6
       2
       7
       7
       5
       8
       2
       7
       5
       5
       6
       5
       6
       3
       5
       5
       3
       2
       5
       2
       0
       3
       7
       2
       5
       5
       2
       4
       4
       3
       4
       4
       5
       3
       3
       5
       7
       4
       5
       4
       2
       4
       3
       2
       6
       6
       3
       5
       4
       4
       7
       9
       3
       2
       3
       2
       6
       3
       1
       5
       8
       6
       2
       6
       3
       3
       6
       9
       5
       6
       5
       5
       4
       6
       2
       6
       4
       6
       3
       5
       3
       3
       5
       5
       3
       5
       2
       5
       5
       4
       4
       2
       2
       3
       3
       3
       2
       3
       2
       3
       8
       2
       5
       5
       3
       2
       5
       4
       5
       3
       2
       6
       4
       4
       2
       1
       5
       6
       3
       2
       1
       8
       5
       3
       4
       2
       3
       5
       5
       5
       7
       3
       7
       4
       2
       3
       3
       3
       1
       8
       4
       6
       3
       8
       2
       6
       2
       7
       6
       4
       1
       6
       2
       4
       2
       4
       4
       3
       3
       6
       3
       4
       5
       3
       1
       5
       3
       3
       5
       5
       4
       3
       2
       6
       6
       2
       2
       2
       7
       4
       3
       3
       2
       4
       5
       4
       3
       4
       2
       4
       3
       6
       6
       3
       5
       5
       5
       4
       9
       6
       2
       6
       8
       5
       3
       1
       2
       4
       6
       6
       5
       2
       4
       5
       3
       3
       3
       4
       1
       3
       4
       5
       4
       1
       2
       2
       5
       3
       3
       6
       3
       8
       1
       3
       1
       5
       2
       3
       3
       4
       7
       3
       4
       1
       2
      10
       3
       5
       3
       5
       5
       4
       1
       4
       5
       6
       4
       6
       5
      10
       3
       6
       4
       5
       6
       2
       3
       4
       2
       4
       6
       6
       2
       2
       5
       3
       6
       5
       9
       1
       2
       3
       3
       3
       2
       5
       6
       2
       5
       3
       3
       5
       3
       3
       4
       3
       1
       3
       2
       5
       1
       4
       3
       3
       6
       4
       4
       6
       3
      10
       4
       2
       6
       5
       4
       5
       8
       5
       2
       2
       2
       3
       6
       5
       4
       2
       6
       5
       4
       1
       5
       3
       3
       1
       2
       5
       1
       5
       4
       5
       2
       4
       1
       4
       3
       9
       8
       4
       9
       7
       2
       6
       4
       3
       3
       2
       8
       4
       4
       2
       1
       5
       4
       5
       6
       4
       2
       3
       4
       9
       3
       3
       6
       2
       8
       4
       3
       6
       4
       6
       6
       2
       3
       6
       5
       2
       3
       2
       7
       3
       5
       8
       6
       4
       3
       2
       3
       4
       1
       1
       3
       2
       3
       1
       4
       5
       2
       5
       1
       2
       2
       6
       1
       9
       2
       6
       1
       4
       4
       7
       3
       3
       2
       1
       2
       1
       6
       3
       6
       2
       3
       4
       7
       4
       4
       1
       5
       4
       6
       7
       8
       5
       2
       3
       3
       2
       6
       8
       0
       4
       1
       3
       4
       2
       4
       2
       6
       1
       2
       4
       5
       3
       4
       5
       9
       3
       3
       2
       4
       4
       0
       1
       3
       0
       4
       5
       6
       2
       3
       2
       2
       3
       4
       3
       6
       4
       8
       3
       5
       4
       7
       7
       9
       4
       6
       7
       4
       8
       4
       9
       6
       7
       1
       3
       9
       7
       7
       7
       3
       5
       3
       7
       4
       8
       2
       5
       6
       4
       7
       1
       8
       5
       6
       5
       2
       2
       2
       3
       5
       2
       4
       2
       3
       2
       4
       5
       3
       3
       3
       5
       5
      10
       4
       2
       3
       7
       4
       0
       7
       4
       1
       7
       4
       6
       3
       2
       6
       5
       2
       2
       4
       3
       4
       0
       2
       3
       4
       4
       6
       6
       7
       2
       6
       6
       2
       2
       3
       2
       4
       0
       4
       2
       5
       4
       2
       4
       5
       4
       2
       4
       1
       4
       2
       4
       0
       4
       3
       6
       4
       3
       3
       4
       2
       5
       2
       6
       4
       5
       1
       5
       4
       4
       5
       4
       7
       2
       4
       5
       2
       3
       2
       2
       3
       6
       2
       1
       3
       1
       6
       2
       5
       3
       0
       6
       2
       4
       4
       3
       3
       3
       6
       6
       2
       1
       6
       4
       6
       4
       2
       2
       3
       2
       3
       4
       3
       5
       4
       5
       5
       8
       4
       1
       6
       3
       4
       2
       4
       4
       1
       2
       3
       2
       8
       4
       4
       3
       6
       3
       4
       5
      10
       4
       2
       3
       3
       4
       3
       6
       1
       4
       1
       5
       4
       4
       7
       1
       1
       7
       2
       2
       3
       5
       2
       4
       3
       2
       2
       2
       8
       1
       2
       4
       7
       5
       3
       3
       2
       2
       2
       7
       2
       4
       4
       1
       4
       5
       2
       3
       4
       5
       5
       3
       3
      10
       3
       3
       3
       5
       4
       6
       3
       1
       2
       6
       2
       2
       4
       2
       1
       3
       7
       1
       1
       2
       1
       5
       5
       0
       5
       1
       3
       5
       4
       1
       2
       4
       4
       1
       5
       2
       3
       6
       1
       3
       2
       3
       3
       3
       4
       2
       5
       8
       4
       4
       9
       3
       4
       1
       4
       6
       3
       2
       1
       1
       4
       5
       3
       2
       3
       4
       3
       2
       3
       6
       2
       3
       2
       3
       3
       6
       5
       4
       3
       7
       4
       5
       5
       7
       2
       5
       3
       3
       4
       3
       4
       2
       2
       7
       5
       6
       5
       3
       1
       8
       7
       1
       3
       2
       4
       2
       2
       6
       1
       1
       1
       9
       4
       2
       3
       2
       3
      11
       2
       7
      10
      10
       6
      11
       3
       9
       9
       9
       4
       4
       3
       9
       3
       9
       3
       5
       3
       4
       3
       7
       3
       3
       1
       1
       2
       2
       3
       3
       4
       5
       6
       3
       8
       7
       0
       4
       2
       6
       2
       2
       7
       2
       2
       3
       5
       2
       0
       5
       4
       4
       3
       4
       3
       4
       2
       6
       3
       0
       3
       3
       1
       2
       5
       4
       4
       4
       4
       5
       4
       2
       2
       4
       3
       6
       8
       5
       3
       6
       1
       6
       2
       2
       4
       4
       8
       6
       1
       4
       1
       1
       2
       3
       4
       4
       3
       8
       2
       4
       4
       1
       3
       7
       6
       4
       7
       5
       5
       1
       4
       1
       3
       1
       3
       5
       4
       2
       2
       2
       4
       2
       2
       1
       3
       3
       4
       5
       8
       1
       1
       1
       3
       3
       3
       1
       3
       7
       1
       4
       3
       4
       2
       4
       3
       1
       7
      10
       2
       3
       2
       6
       4
       4
       7
       5
       4
       4
       1
       3
       1
       2
       4
       1
       6
       1
       4
       4
       2
       2
       2
       3
       3
       3
       0
       6
       3
       2
       1
       1
       2
       1
       2
       5
       5
       4
       2
       2
       4
       4
       0
       0
       0
       0
       0
       0
       0
       0
       0
       0
       0
       0
       0
       0
       0
       0
       0
       0
       0
       0
       0
       0
       0
       0
       0
       0
       0
       0
       0
       0
       0
       0
       0
       0
       0
       0
       0
       0
       0
       0
       0
       0
       0
       0
       0
       0
       0
       0
       0
       0
       0
       0
       0
       0
       0
       0
       0
       0
       0
       0
       0
       0
       0
       0
       0
       0
       0
       0
       0
       0
       0
       0
       0
       0
       0
       0
       0
       0
       0
       0
       0
       0
       0
       0
       0
       0
       0
       0
       0
       0
       0
       0
       0
       0
       0
       0
       0
       0
       0
       0
       0
       0
       0
       0
       0
       0
       0
       0
       0
       0
       0
       0
       0
       0
       0
       0
       0
       0
       0
       0
       0
       0
       0
       0
       0
       0
       0
       0
       0
$ROI:
0
$PRESETS:
None
0
0
$ENER_FIT:
-2.173939 0.279251
$MCA_CAL:
3
-2.173939E+000 2.792507E-001 0.000000E+000 keV
$SHAPE_CAL:
3
1.571259E+001 -1.155430E-003 0.000000E+000
