$SPEC_ID:
226Ra
$SPEC_REM:
DET# 1
DETDESC# MCB 132 Input 1
AP# Maestro Version 6.06
$DATE_MEA:
02/06/2022 20:23:31
$MEAS_TIM:
148602 148615
$DATA:
0 8191
       0
       0
       0
       0
       0
       0
       0
       0
       0
       0
       0
       0
       0
       0
       0
       0
       0
       0
       0
       0
       0
       0
       0
       0
       0
       4
    2429
   11102
     850
     436
     414
     444
     411
     476
     498
     475
     519
     517
     478
     499
     497
     522
     547
     486
     502
     440
     386
     407
     402
     355
     398
     364
     367
     360
     372
     369
     331
     299
     304
     319
     346
     306
     314
     269
     285
     298
     284
     260
     259
     275
     293
     292
     272
     239
     263
     259
     265
     256
     225
     257
     259
     229
     233
     244
     243
     237
     229
     219
     232
     228
     230
     253
     232
     202
     260
     228
     236
     213
     236
     222
     208
     192
     203
     195
     191
     202
     210
     234
     215
     188
     193
     217
     217
     172
     201
     201
     185
     179
     162
     157
     203
     171
     175
     171
     174
     202
     181
     190
     184
     183
     172
     187
     198
     152
     182
     180
     178
     166
     197
     160
     186
     156
     185
     171
     172
     174
     179
     174
     172
     173
     181
     160
     177
     181
     195
     156
     156
     182
     184
     165
     156
     164
     210
     182
     180
     157
     159
     208
     191
     182
     190
     233
     338
     380
     299
     248
     188
     181
     168
     165
     196
     167
     177
     185
     161
     186
     187
     195
     196
     164
     176
     154
     187
     170
     181
     195
     205
     267
     244
     197
     198
     168
     161
     159
     165
     174
     128
     171
     180
     164
     166
     170
     178
     204
     153
     181
     203
     193
     227
     214
     231
     217
     234
     183
     222
     186
     197
     192
     205
     215
     278
     338
     457
     549
     441
     294
     280
     192
     216
     217
     187
     230
     215
     203
     228
     239
     247
     211
     257
     262
     242
     232
     208
     189
     213
     205
     226
     233
     212
     241
     232
     223
     234
     194
     216
     238
     255
     279
     268
     224
     224
     261
     417
     623
     775
     718
     543
     333
     275
     275
     411
     729
     964
     934
     719
     418
     254
     239
     232
     244
     276
     329
     260
     234
     205
     283
     322
     324
     295
     268
     212
     193
     191
     220
     250
     396
     455
     455
     423
     370
     303
     261
     250
     213
     206
     210
     295
     358
     458
     476
     406
     292
     249
     243
     216
     207
     256
     305
     324
     303
     255
     255
     176
     219
     209
     350
     555
     833
     881
     795
     581
     405
     270
     253
     225
     269
     252
     233
     202
     213
     192
     176
     169
     182
     180
     197
     233
     203
     236
     231
     235
     200
     169
     187
     202
     156
     185
     179
     171
     183
     208
     193
     199
     196
     182
     183
     178
     172
     178
     188
     184
     195
     209
     210
     184
     186
     201
     178
     201
     170
     184
     199
     176
     165
     193
     214
     215
     234
     205
     190
     211
     185
     212
     197
     214
     202
     185
     222
     189
     213
     248
     269
     238
     241
     197
     220
     186
     226
     208
     196
     208
     211
     199
     206
     180
     219
     204
     199
     209
     209
     174
     186
     226
     197
     215
     199
     192
     187
     198
     207
     190
     218
     198
     215
     227
     241
     189
     202
     215
     213
     207
     179
     178
     188
     215
     192
     249
     202
     218
     208
     201
     186
     211
     188
     200
     211
     238
     213
     213
     197
     186
     174
     198
     221
     237
     200
     203
     188
     199
     208
     223
     214
     206
     186
     211
     191
     204
     172
     216
     226
     214
     200
     212
     180
     212
     203
     232
     201
     226
     228
     191
     205
     196
     223
     208
     229
     233
     224
     217
     221
     229
     188
     227
     215
     225
     211
     207
     230
     212
     236
     291
     320
     317
     303
     265
     244
     232
     205
     196
     206
     197
     226
     209
     199
     208
     213
     209
     190
     232
     229
     220
     208
     229
     205
     198
     240
     205
     228
     203
     221
     210
     191
     200
     201
     238
     231
     213
     246
     289
     289
     243
     249
     199
     204
     197
     199
     208
     238
     231
     205
     200
     209
     216
     200
     229
     228
     219
     207
     199
     194
     210
     211
     233
     213
     198
     231
     195
     248
     198
     189
     236
     254
     246
     207
     212
     195
     249
     180
     190
     191
     211
     220
     201
     200
     187
     197
     186
     203
     191
     203
     182
     168
     189
     203
     198
     204
     181
     185
     182
     182
     203
     187
     213
     172
     172
     179
     161
     211
     209
     186
     200
     188
     192
     190
     182
     192
     206
     177
     206
     204
     204
     210
     178
     181
     182
     191
     180
     183
     188
     205
     186
     169
     204
     193
     197
     176
     203
     206
     192
     171
     235
     177
     200
     191
     167
     198
     202
     195
     222
     325
     521
     816
     886
     919
     791
     545
     341
     200
     198
     191
     186
     166
     156
     170
     198
     171
     177
     192
     191
     144
     187
     177
     204
     161
     166
     182
     190
     164
     159
     159
     151
     171
     157
     194
     158
     181
     177
     191
     171
     185
     184
     199
     187
     193
     199
     157
     203
     197
     170
     185
     162
     184
     197
     166
     186
     143
     151
     174
     160
     187
     172
     166
     169
     161
     167
     172
     171
     154
     176
     173
     166
     202
     203
     197
     156
     150
     156
     133
     159
     144
     160
     160
     177
     144
     149
     144
     153
     157
     159
     139
     154
     172
     155
     162
     167
     141
     157
     168
     163
     141
     149
     142
     171
     142
     134
     168
     166
     151
     148
     132
     137
     157
     177
     144
     160
     156
     144
     138
     153
     155
     156
     153
     146
     147
     142
     144
     135
     172
     151
     148
     145
     144
     157
     150
     140
     151
     124
     164
     140
     129
     142
     121
     141
     103
     162
     162
     148
     134
     119
     152
     117
     119
     144
     147
     124
     158
     154
     139
     134
     148
     129
     165
     140
     150
     146
     130
     138
     153
     147
     130
     134
     136
     136
     122
     142
     127
     150
     123
     145
     155
     167
     211
     210
     208
     175
     144
     141
     137
     161
     185
     218
     272
     255
     200
     152
     161
     132
     131
     125
     167
     216
     306
     483
     597
     526
     416
     211
     166
     128
     142
     100
     134
     136
     142
     108
      88
     114
     115
     122
     138
     119
     114
     142
     105
     121
     150
     125
     109
     136
     122
     118
     136
     129
     120
     111
     107
      99
     108
     111
     121
     118
     150
     109
     111
     121
     114
     121
     132
     154
     114
     143
     130
     129
     144
     135
     145
     133
     151
     105
     129
     120
     138
     145
     164
     123
     137
     121
     103
     106
     108
      96
     103
      88
     125
     103
     101
     115
     105
     106
     105
      96
     117
      88
     120
     105
      97
     116
      94
      82
     124
      90
     100
     113
     112
     101
      95
     109
     117
     120
     144
     155
     156
     189
     167
     140
     133
     139
     156
     161
     138
     138
     120
     105
     105
     112
      94
     105
     118
     112
     114
     126
     111
     129
      97
     102
      87
      91
     107
     104
     117
     116
     101
      99
     118
      94
     126
     112
      92
      97
     128
      96
     109
      95
      92
      96
     104
     100
     109
      88
      83
     105
     111
     115
      99
     100
      91
      90
      93
     115
     112
      89
     105
     101
     100
      95
     103
      89
      90
     107
      90
     101
      97
     103
      94
      92
     101
      76
      80
     101
     105
      95
      93
      84
      90
      89
      61
      89
      99
     118
     123
     170
     387
     662
     911
     994
     857
     644
     308
     157
     118
      95
      85
      94
      84
      91
      96
      91
      83
     110
     113
     116
     114
     101
     118
     100
      94
      97
      85
      89
      83
      95
      91
      92
      89
     112
      87
     107
      91
     102
      83
      91
      97
      76
     100
      75
      91
      84
      67
      91
      89
      97
      78
      75
      78
      77
      71
      89
      81
      67
      98
      79
      72
      83
      77
      87
      79
      83
      95
      82
      82
      78
      94
      90
      84
      80
      90
      86
      71
      73
      81
      83
     102
      79
      69
      74
      88
      86
     101
      80
      73
      90
      80
      93
      79
      67
      77
      66
      79
      76
      87
      78
      87
      90
      82
      74
     101
     102
      87
      96
      89
      93
      73
      92
      93
      69
      93
      96
      81
      90
      84
      77
      94
      94
      92
      87
      97
     112
     101
      84
     111
      81
      82
     109
      86
      85
      83
      85
      79
      72
      67
      75
      72
      89
      81
      69
      71
      82
      91
      66
      71
      67
      80
      98
      74
      94
      82
      94
     104
     120
     116
     105
      82
      78
      72
      71
      79
      84
      83
      63
      55
      81
      66
      76
      82
      83
      92
      72
      66
      58
      76
      66
      69
      83
      77
      75
      84
      68
      70
      80
      80
      76
      85
      80
      66
      87
      81
      76
      85
      92
      75
      97
     109
     176
     343
     624
     973
    1350
    1521
    1276
     840
     478
     203
     108
      92
      76
      78
      76
      70
      80
      70
      60
      70
      70
      70
      63
      86
      72
      68
      62
      70
      91
      61
      60
      78
      58
      63
      56
      64
      77
      71
      64
      61
      61
      63
      66
      58
      57
      73
      81
      64
      80
      74
      61
      67
      66
      73
      78
      66
      79
      81
      69
      79
      62
      65
      49
      71
      78
      80
      59
      73
      55
      70
      66
      58
      66
      57
      64
      92
      56
      79
      58
      72
      59
      72
      71
      59
      68
      80
      67
      58
      62
      50
      64
      71
      75
      57
      61
      57
      67
      62
      68
      66
      64
      56
      64
      50
      57
      58
      65
      63
      68
      73
      61
      74
      63
      64
      64
      70
      62
      50
      58
      69
      79
      60
      68
      70
      56
      71
      53
      63
      62
      68
      81
      67
      77
      93
      60
      68
      74
      69
      77
      79
      55
      82
      67
      58
      66
      80
      65
      68
      67
      67
      59
      53
      77
      69
      77
      72
      61
      67
      52
      58
      58
      76
      61
      68
      57
      51
      66
      61
      57
      67
      59
      63
      62
      54
      73
      69
      61
      57
      62
      68
      72
      82
      76
      87
      89
      75
      75
      67
      58
      53
      55
      71
      68
      83
      73
      72
      86
      85
      74
      62
      52
      55
      69
      51
      63
      60
      64
      51
      67
      65
      65
      68
      60
      72
      60
      60
      71
      80
      57
      65
      53
      67
      74
      53
      61
      59
      62
      68
      54
      72
      69
      62
      66
      56
      62
      72
      61
      61
      60
      58
      50
      65
      63
      63
      57
      67
      58
      68
      74
      80
      49
      53
      69
      59
      61
      70
      52
      46
      67
      58
      75
      48
      47
      70
      69
      54
      47
      56
      60
      71
      76
      65
      54
      60
      75
      68
      66
      63
      54
      53
      56
      54
      55
      68
      63
      60
      50
      54
      35
      70
      43
      61
      56
      67
      89
     124
     176
     258
     311
     282
     240
     136
     124
      80
      68
      64
      53
      46
      53
      41
      38
      57
      48
      52
      48
      50
      49
      42
      63
      51
      44
      59
      57
      57
      45
      59
      44
      51
      58
      54
      59
      45
      59
      48
      53
      47
      70
      53
      54
      69
      44
      49
      53
      54
      44
      48
      53
      46
      60
      50
      54
      63
      43
      60
      58
      56
      47
      44
      51
      51
      47
      37
      60
      53
      46
      42
      56
      42
      55
      53
      44
      65
      56
      60
      64
      53
      51
      47
      39
      42
      45
      53
      39
      56
      38
      59
      46
      41
      62
      52
      61
      45
      43
      61
      54
      41
      53
      41
      44
      58
      54
      41
      48
      60
      45
      55
      59
      38
      37
      42
      52
      50
      37
      46
      55
      52
      44
      51
      55
      39
      54
      49
      65
      44
      45
      39
      36
      52
      64
      47
      42
      57
      51
      54
      43
      54
      29
      56
      51
      49
      50
      63
      51
      63
      44
      41
      56
      58
      44
      43
      54
      50
      53
      47
      47
      51
      45
      44
      49
      31
      70
      46
      40
      56
      59
      53
      68
      44
      41
      44
      35
      58
      36
      52
      37
      54
      50
      32
      45
      53
      58
      45
      41
      40
      43
      49
      42
      47
      62
      50
      49
      53
      65
      38
      53
      42
      39
      57
      34
      51
      32
      26
      42
      45
      39
      47
      36
      44
      42
      33
      44
      42
      39
      32
      49
      43
      47
      47
      47
      37
      42
      58
      32
      47
      47
      34
      38
      35
      35
      44
      38
      31
      44
      35
      42
      62
      33
      39
      38
      43
      50
      40
      41
      25
      48
      36
      38
      40
      42
      42
      49
      49
      35
      37
      40
      34
      40
      26
      42
      34
      41
      40
      47
      72
      59
      84
      84
     116
     120
     136
     187
     227
     257
     267
     256
     285
     283
     198
     177
     156
     134
     111
      87
      74
      61
      61
      49
      52
      47
      46
      52
      36
      51
      45
      33
      47
      42
      49
      22
      35
      40
      32
      40
      34
      31
      45
      34
      37
      45
      43
      30
      36
      42
      40
      44
      35
      42
      37
      36
      50
      38
      35
      34
      30
      35
      33
      23
      32
      34
      36
      43
      34
      46
      30
      35
      41
      45
      33
      28
      42
      30
      41
      37
      33
      35
      21
      46
      43
      34
      42
      50
      35
      41
      38
      32
      49
      46
      38
      30
      41
      35
      29
      33
      38
      39
      38
      42
      35
      36
      40
      32
      33
      42
      30
      31
      37
      40
      32
      34
      31
      30
      31
      31
      42
      25
      28
      43
      24
      40
      40
      30
      26
      31
      41
      33
      26
      28
      43
      34
      43
      34
      33
      35
      37
      46
      30
      29
      37
      27
      30
      33
      25
      37
      33
      37
      32
      37
      38
      27
      31
      36
      37
      36
      30
      38
      31
      36
      18
      30
      28
      30
      29
      31
      37
      25
      37
      35
      29
      32
      27
      32
      31
      32
      29
      37
      40
      32
      33
      39
      31
      44
      30
      36
      32
      25
      27
      27
      34
      36
      40
      25
      26
      37
      31
      28
      40
      37
      39
      32
      38
      34
      34
      34
      35
      30
      32
      36
      33
      42
      34
      36
      47
      56
      57
      52
      63
      46
      31
      36
      46
      45
      41
      26
      34
      32
      29
      31
      36
      30
      33
      35
      38
      31
      44
      24
      37
      27
      37
      32
      41
      31
      33
      45
      32
      32
      41
      20
      33
      25
      46
      40
      30
      40
      40
      39
      35
      38
      32
      39
      49
      51
      48
      47
      75
      57
      44
      49
      42
      34
      28
      34
      39
      26
      34
      31
      27
      29
      29
      27
      39
      20
      30
      30
      27
      45
      34
      36
      32
      34
      32
      16
      32
      30
      32
      31
      36
      21
      25
      37
      27
      28
      32
      33
      17
      37
      35
      32
      30
      31
      38
      40
      30
      34
      30
      31
      37
      34
      34
      38
      27
      35
      37
      28
      34
      39
      39
      24
      33
      35
      38
      22
      28
      23
      41
      31
      36
      35
      30
      32
      33
      33
      37
      38
      33
      36
      38
      32
      34
      42
      54
      70
     153
     253
     382
     605
     845
     927
     838
     833
     534
     304
     171
      85
      66
      50
      38
      32
      37
      39
      62
      67
     108
     166
     179
     193
     195
     148
     106
      63
      53
      33
      40
      33
      30
      24
      21
      26
      38
      24
      26
      33
      26
      25
      26
      22
      36
      26
      25
      31
      27
      33
      27
      29
      26
      35
      33
      27
      24
      19
      26
      27
      30
      28
      26
      34
      26
      23
      31
      20
      26
      28
      27
      22
      27
      35
      29
      31
      31
      25
      28
      25
      30
      33
      26
      31
      24
      33
      29
      28
      27
      22
      21
      38
      28
      34
      15
      18
      23
      22
      24
      28
      33
      25
      23
      28
      27
      30
      19
      22
      19
      26
      29
      34
      22
      27
      40
      34
      27
      21
      28
      22
      31
      26
      30
      27
      28
      27
      30
      22
      23
      19
      27
      21
      24
      24
      31
      30
      31
      28
      31
      30
      26
      18
      28
      27
      25
      26
      29
      38
      25
      25
      35
      23
      27
      21
      18
      30
      35
      33
      26
      19
      24
      23
      29
      35
      30
      24
      25
      32
      20
      29
      27
      29
      19
      31
      27
      33
      32
      31
      20
      29
      26
      28
      26
      28
      25
      26
      36
      45
      76
     124
     168
     198
     283
     253
     212
     157
     129
      78
      50
      30
      28
      38
      26
      44
      39
      42
      56
      42
      51
      35
      28
      28
      28
      24
      24
      20
      41
      29
      29
      29
      19
      27
      32
      34
      24
      25
      26
      18
      20
      23
      26
      15
      23
      14
      19
      25
      26
      25
      27
      18
      27
      29
      27
      27
      22
      26
      23
      23
      21
      18
      23
      26
      24
      24
      40
      14
      26
      29
      24
      33
      22
      24
      14
      25
      28
      21
      26
      32
      32
      28
      28
      18
      20
      29
      34
      28
      22
      31
      22
      20
      26
      27
      32
      22
      24
      18
      22
      23
      19
      25
      17
      15
      26
      31
      16
      39
      27
      18
      23
      32
      30
      22
      33
      31
      29
      15
      22
      26
      32
      26
      35
      30
      27
      25
      20
      38
      20
      29
      33
      31
      30
      33
      32
      29
      32
      30
      35
      33
      31
      26
      22
      24
      25
      28
      27
      27
      29
      31
      30
      29
      35
      34
      32
      28
      24
      30
      21
      23
      33
      28
      32
      21
      21
      20
      22
      29
      22
      26
      21
      27
      27
      28
      26
      23
      22
      24
      28
      25
      36
      18
      23
      21
      32
      23
      25
      22
      23
      26
      24
      20
      21
      21
      28
      24
      25
      25
      27
      24
      25
      31
      28
      23
      25
      32
      23
      26
      22
      25
      30
      28
      35
      24
      22
      34
      24
      43
      41
      44
      78
      99
     131
     157
     149
     163
     131
      83
      65
      29
      38
      31
      21
      26
      23
      21
      25
      31
      23
      26
      25
      24
      26
      33
      20
      11
      25
      22
      26
      24
      19
      28
      10
      24
      24
      15
      20
      23
      23
      28
      28
      21
      25
      24
      19
      29
      25
      23
      22
      25
      24
      20
      20
      20
      21
      19
      20
      16
      18
      32
      19
      27
      27
      19
      14
      25
      22
      16
      23
      18
      23
      26
      27
      28
      25
      19
      24
      30
      20
      19
      28
      25
      20
      13
      27
      21
      23
      26
      13
      19
      24
      30
      19
      27
      23
      19
      22
      24
      18
      24
      25
      20
      21
      18
      15
      22
      22
      24
      21
      32
      22
      25
      29
      24
      25
      26
      21
      13
      22
      23
      12
      22
      22
      25
      19
      22
      17
      21
      22
      13
      23
      21
      21
      19
      21
      21
      20
      17
      24
      24
      21
      19
      20
      18
      18
      24
      14
      24
      19
      23
      40
      25
      21
      18
      29
      21
      34
      30
      37
      36
      37
      38
      31
      45
      77
     102
      69
     108
      82
      79
      56
      34
      33
      24
      22
      18
      23
      19
      17
      20
      21
      23
      25
      26
      24
      19
      26
      19
      27
      21
      25
      18
      18
      27
      24
      18
      27
      17
      27
      22
      17
      18
      22
      22
      19
      18
      13
      17
      21
      13
      25
      19
      21
      24
      22
      31
      23
      27
      11
      31
      26
      24
      21
      28
      21
      34
      29
      39
      37
      34
      40
      44
      43
      25
      21
      20
      20
      17
      18
      18
      21
      21
      18
      16
      20
      18
      17
      20
      16
      18
      23
      16
      18
      16
      26
      21
      18
      25
      30
      20
      21
      23
      28
      30
      23
      19
      16
      18
      22
      23
      22
      25
      29
      18
      18
      18
      14
      19
      15
      22
      18
      18
      23
      27
      19
      16
      19
      19
      22
      28
      27
      22
      27
      27
      27
      19
      23
      21
      26
      28
      44
      31
      36
      36
      39
      26
      27
      22
      28
      24
      27
      23
      22
      18
      20
      20
      25
      17
      24
      28
      24
      17
      25
      16
      11
      18
      23
      24
      29
      22
      20
      24
      24
      13
      21
      18
      17
      25
      21
      22
      12
      25
      26
      20
      20
      14
      19
      18
      17
      25
      28
      25
      13
      22
      23
      13
      26
      36
      19
      22
      17
      19
      18
      14
      19
      22
      23
      12
      23
      17
      24
      27
      12
      24
      13
      28
      22
      23
      23
      17
      24
      15
      18
      25
      33
      24
      17
      16
      28
      23
      14
      27
      24
      30
      34
      23
      25
      21
      13
      16
      27
      19
      21
      23
      17
      21
      15
      19
      28
      16
      24
      14
      14
      16
      23
      21
      25
      24
      29
      19
      29
      28
      34
      20
      16
      21
      24
      23
      17
      15
      13
      21
      20
      23
      27
      26
      25
      22
      16
      14
      15
      27
      25
      20
      24
      24
      14
      20
      22
      22
      20
      25
      26
      26
      16
      18
      12
      18
      14
      20
      20
      19
       9
      30
      29
      19
      19
      21
      20
      16
      13
      14
      23
      19
      20
      12
      20
      19
      11
      24
      23
      15
      25
      21
      18
      23
      17
      11
      26
      19
      15
      19
      22
      23
      16
      23
      21
      25
      30
      24
      20
      15
      15
      13
      17
      19
       9
      27
      14
      14
      21
      27
      22
      18
      18
      19
      21
      15
      13
      19
      16
      17
      19
      29
      17
      23
      18
      11
      19
      25
      25
      18
      23
      20
      24
      21
      14
      15
      26
      17
      16
      13
      29
      25
      19
      15
      11
      21
      21
      18
      23
      18
      13
      16
      13
      32
      25
      27
      23
      22
      20
      16
      28
      13
      24
      20
      23
      25
      12
      18
      19
      18
      20
      19
      24
      20
      25
      15
      19
      22
      16
      19
      14
      18
      20
      16
      21
      19
      23
      23
      22
      16
      16
      21
      21
      11
      15
      24
      24
      23
      15
      15
      15
      24
      23
      11
      16
      18
      22
      13
       9
      22
      15
      19
      21
      18
      29
      14
      14
      21
      23
      21
      19
      20
      16
      19
      25
      19
      19
      15
      21
      16
      27
      22
      16
      18
      19
      23
      19
      22
      11
      22
      12
      28
      15
      25
      18
      22
      16
      18
      10
      19
      20
      13
      28
      27
      19
      17
      17
      22
      23
      20
      22
      12
      18
      22
      18
       8
      18
      25
      17
      31
      19
      26
      31
      36
      46
      46
      30
      28
      30
      24
      28
      23
      15
      23
      21
      22
      11
      24
      19
      14
      18
      22
      17
      11
      20
      15
      11
      26
      16
      27
      14
      21
      20
      15
      20
      18
      23
      10
      18
      14
      18
      21
      26
      16
      15
      25
      14
      17
      18
      16
      18
      22
      18
      18
      15
      16
      12
      14
      19
      12
      12
      16
      17
      19
      16
      11
      20
      20
      23
      19
      21
      20
      21
      13
      14
       7
      15
      20
      19
      12
      22
      18
      32
      33
      24
      28
      54
      49
      38
      47
      44
      32
      29
      17
      16
      12
      21
      21
      16
      20
      14
      14
      14
      18
      19
      15
      12
      24
      20
      26
      16
      22
      18
      22
      14
      19
      14
      13
      16
      18
      19
      24
      17
      21
      22
      11
      21
      20
      21
      17
      18
      21
      15
      16
      24
      18
      20
      13
      19
      15
      10
      13
      19
      16
      20
      12
      22
      23
      14
      20
      18
      15
      18
      21
      11
      14
      14
      13
      24
      18
      13
      21
      19
      14
      11
      21
      15
      16
      27
      12
      15
      16
      14
      14
      14
      16
      20
      22
      18
      12
      19
      20
      19
      19
      16
      24
      25
      18
      25
      15
      20
      21
      20
      17
      22
      22
      27
      23
      26
      21
      19
      20
      14
      16
      14
      21
      17
      19
      19
      38
      22
      26
      23
      32
      26
      21
      25
      22
      14
      13
      14
      12
      12
      15
      18
      15
      12
      18
      23
      22
      22
      18
      11
      14
      15
      17
      13
      19
      16
      11
      12
      10
      13
      20
      21
      21
      10
      14
      14
      10
      13
      15
      14
      16
      20
      15
      11
      16
      11
      12
      17
      17
      15
      23
      19
      15
      12
      18
       8
      20
      14
      20
      15
      16
      17
      18
      17
      13
      18
      20
       7
      18
      12
      12
      18
      11
      16
      10
      13
      14
       8
      12
      24
      12
      11
      20
      12
      14
      17
      14
      17
       9
      13
      23
      20
      14
      10
       8
      17
      16
      11
      13
      11
      13
      23
      21
      15
      14
      15
      18
      13
      17
      19
      24
      33
      31
      38
      38
      40
      38
      36
      27
      24
      21
      10
       9
      21
      20
       8
      13
      17
      15
      14
      21
      17
      12
      14
      20
      11
      13
      11
      19
      16
      13
      16
      13
      10
      14
       9
      16
      22
       8
      11
      12
      21
      11
      16
      23
      19
      16
      17
      11
      18
      14
      23
      14
      13
      23
      21
      16
      16
      21
      13
      11
      11
      16
      19
      11
       9
      18
      17
      23
      15
      16
      18
      11
       8
      17
      20
      15
      13
      17
      14
      12
      18
      11
      23
      13
      13
      15
      19
      14
       8
      17
      11
      10
      13
      16
      20
      15
      23
      15
      11
      13
       9
      12
      13
      15
      15
      15
      13
      15
       8
      19
      17
      11
      14
      19
      16
      15
      25
       9
      12
      18
      15
      10
      11
      15
      12
      13
      15
       9
      17
      22
      14
      22
       9
       9
      11
      10
      13
      10
      21
      22
      16
       9
      22
      11
      23
      20
      15
      21
      10
      16
      20
      12
      12
      25
      16
      19
       9
      19
      13
      14
      19
      13
      18
      21
      16
      11
      11
      12
      19
      10
      12
      17
       8
      15
      14
      17
      15
      19
      11
      10
      11
      17
      12
      13
      10
      17
      15
      18
      14
      14
      16
      10
      18
      10
      13
      13
      10
      29
      15
      17
      18
      17
      11
      14
      17
      23
      17
      18
      15
      20
      19
      15
       9
      16
       9
      25
      10
       9
      14
      13
      14
      16
       7
      20
      26
      14
      18
      23
      28
      26
      26
      21
      23
      11
      17
      15
      11
      14
      11
       8
      11
      14
      14
       9
      11
       9
      24
      20
      10
      24
      17
      12
      17
      20
      20
      11
      18
      21
      14
      13
      20
      10
       9
       9
       6
      12
      12
      17
       8
      11
      14
      12
      13
      14
      13
       5
      17
      13
      21
      11
      17
      18
      12
      23
      10
      11
      13
      16
      12
       9
      14
      18
      17
       8
      15
      11
      18
      13
      16
      14
       7
      15
      14
      14
       7
      12
      17
      17
      17
      13
       7
      13
      17
      17
      11
      15
      12
      18
      14
      16
      19
      11
      16
      13
      11
      11
      11
      12
      12
      16
       8
      14
      11
      17
      23
      13
      15
      10
      14
      22
       8
      15
      17
      15
      18
      13
      17
      12
      19
      11
      13
      15
      13
      10
      12
       9
       9
      16
       8
      11
      16
      17
      14
      11
      14
       9
      11
      12
      18
       8
      11
      14
      20
      11
      15
      13
      14
      14
      16
      21
      16
      16
      10
       9
      17
       9
      23
      12
      16
      13
      10
       8
      11
       7
      14
       8
      15
      12
      12
      18
      14
       9
      11
      17
       9
      18
      13
       4
       9
      22
      11
      20
      15
      13
      11
      20
      19
      20
      18
      17
      16
      19
      20
      31
      44
      58
      87
     109
     119
     130
     138
     145
     148
     107
      81
      57
      43
      32
      29
      15
      17
      12
      14
      19
       5
       6
      14
      16
      11
      17
      17
      11
      13
      14
       6
      11
      16
      10
      20
      11
       9
       7
      23
      15
      11
      10
       9
      15
      14
      12
      12
      15
      15
      13
       7
      19
      10
      16
      12
      12
      18
      13
      12
      18
       8
       9
      13
      10
      15
      16
      16
      12
      11
      11
       7
      19
      13
      13
       8
       9
       8
       9
      12
      14
      11
       8
      14
      18
      24
      11
      19
      18
      16
      13
      12
      10
       9
      16
      10
      17
      17
       7
      13
      16
      12
       7
      14
      13
       8
      16
      11
      11
      14
      13
       7
      15
      10
      14
      14
      11
      10
      12
      15
      10
      15
      19
      17
      20
      15
      20
      13
      22
      24
      32
      29
      21
      24
      21
      25
      27
      19
      13
      19
      17
      11
      17
      11
      11
      12
      11
      15
      15
      12
      13
      12
      12
      14
      11
       7
      12
      18
      14
      13
      16
      10
      16
      10
      11
      15
      10
       8
      19
      13
      10
       8
      13
      16
      13
      10
      14
      16
      11
       7
      18
       9
      15
      14
      13
       7
      18
      10
      12
      12
      13
      18
       6
      12
      12
      11
      18
      20
       7
      16
      15
      12
      12
       8
      15
       8
      19
      16
      15
      15
       9
       8
      19
      15
      12
      11
      10
      16
      14
       8
      11
       8
      16
      13
       9
      11
      13
      15
      19
      10
      10
      14
      11
       8
      11
      11
      15
      12
      13
      11
      10
      11
      14
      12
      13
       9
      18
       9
      11
       9
      12
       8
      12
       9
      11
      11
      11
      10
      11
      17
      14
      17
       7
       9
      10
       9
      14
       9
      10
       6
      15
      10
      10
      10
      18
       9
      11
      12
      11
      16
      12
      12
      16
      16
       7
      16
      10
       8
      10
      13
      12
      13
       9
       9
      13
       6
      13
      14
       5
      11
      15
       6
       9
       6
       9
       5
      10
      16
      16
      10
       8
       9
      10
       9
      11
      17
      12
      19
      17
      13
      16
      13
      16
      17
      13
       6
      10
      11
      13
      10
      11
      13
      10
       8
      11
      15
       9
      13
       9
      11
      10
       9
      12
       5
      13
       9
      13
      14
      12
      17
      14
      14
      11
      10
      18
      12
      11
      13
      10
      11
      15
      11
      13
      12
      12
      16
      11
       7
      13
      12
      12
      13
       8
       7
       8
       8
       9
       8
       8
      13
       9
       7
       9
       9
      12
      14
       6
      10
       9
       9
       6
       7
      14
       7
      11
      14
      10
      10
      13
      10
      10
      12
       9
       4
       6
      15
       9
      15
       7
      17
      13
      15
       5
      11
      14
       8
       4
      14
       9
      14
      16
      13
      22
      20
      36
      32
      36
      67
      56
      49
      53
      50
      57
      28
      28
      24
      13
      24
      18
       8
      12
      10
      13
       4
      14
      12
       8
      14
      11
      13
       9
      13
      10
      12
       8
       6
      14
      10
       6
      10
       6
      12
       8
       9
      13
      14
      10
      13
      13
       9
      15
      16
       6
      11
      10
       8
       5
      13
      11
      11
       6
      15
       9
      15
       5
      15
      13
      17
       9
      10
      13
       5
      13
       7
      14
      11
      11
      14
      11
      12
       9
      10
       5
       8
      11
       5
       7
      12
       7
       5
      12
       8
      12
       7
      13
       7
       9
       9
       8
      12
       6
       9
      15
       7
      16
       7
       9
      10
       7
       8
      13
       6
       8
       8
       9
       9
       9
      10
       8
      13
      10
       8
       6
       7
       7
       9
       9
      13
       6
      17
       8
      10
       6
       7
      12
       7
      20
      13
       5
       5
      20
       8
       8
       9
       5
      13
       8
       9
      10
      13
       9
      17
      10
      13
       8
      12
       8
      12
      10
      15
      27
      21
      20
      20
      23
      15
      19
      22
      14
      15
      12
       8
      11
       6
      13
       9
      10
      11
      11
      16
      10
      11
       5
       7
      16
       7
       9
       9
      10
       9
      13
       9
       8
      12
       8
       6
       7
      14
       6
      10
       4
      15
      10
       2
       8
      12
      12
      10
      11
       8
       8
       4
      10
      10
      10
      13
       9
       8
       8
      10
       8
       7
      10
       9
      10
      10
      14
      12
      13
       8
       7
      13
       7
      13
       5
      10
      12
       6
       9
       6
       9
      12
       3
       7
      11
       7
      12
       9
      11
      10
       8
      17
       7
       8
       9
      13
      13
      10
       7
      11
       8
       5
      10
       8
      10
       5
       5
      16
       3
       7
      15
       7
       2
       7
       7
       4
       5
       5
       6
       9
       6
      11
      11
       8
      13
      15
       7
      14
      12
      12
       8
      13
       9
      12
       9
       6
      15
       7
      10
      10
      18
      12
       5
       7
      11
       9
      12
      14
      11
      12
       6
       3
       9
       4
       9
      11
      11
      10
      12
      10
       8
       7
      12
       9
       7
      18
      10
      10
      11
      10
       4
      12
      12
      10
       8
       7
       4
      15
       8
       6
      10
      11
      10
      12
      12
       8
       7
      11
       7
       5
       7
       7
      10
       7
       9
       8
       9
       9
      10
       8
       8
      18
       6
      11
       6
       6
       8
       2
       8
       5
      17
      12
       9
      11
       7
      10
       9
      10
       9
       6
       8
      10
       8
       4
      18
       6
       9
       8
       5
      13
       4
       9
       9
      10
       5
       9
      12
      10
       9
       7
      11
       7
       6
      13
       8
       7
       5
       7
      11
       8
       8
       5
      12
       3
      13
      11
       6
       7
       7
       6
       8
       3
      11
       9
       7
       9
      11
       6
       8
       6
       6
       8
       9
       8
       6
       5
       6
      10
       6
      11
      12
      18
      18
       5
      11
       7
      11
       5
       7
      14
       4
       7
       5
       9
       4
       5
       7
      10
       3
       7
      10
       7
      10
       4
       7
       7
      10
       9
       9
       8
      10
       7
       7
      10
       8
       8
      13
       4
      11
       8
       4
      12
       8
       9
       8
       8
      13
       6
       6
      11
       8
      13
       8
      14
       6
       6
      14
      19
      12
      15
      14
       8
      13
      21
      27
      21
      28
      42
      33
      40
      39
      33
      20
      23
      13
      17
      23
      10
       9
       8
      10
       5
       7
       7
       6
      10
       9
       7
       7
       8
       9
      11
      16
      18
      14
      16
      13
      17
       8
      14
      10
      14
       5
      11
       8
       9
      11
      11
      12
       4
       7
       9
       9
      11
      10
      14
       6
       7
       4
      11
      11
      10
       9
       6
       8
      12
       6
      10
      11
      13
       9
       4
      10
      11
       8
      10
       8
       3
       7
      13
      10
      15
       9
      10
      12
      11
       9
      16
      18
      10
      13
      11
      16
      22
      12
       9
      18
      13
      14
      15
      19
       7
       8
       8
       5
       8
       9
      13
       7
      11
       7
      13
      13
      28
      24
      21
      26
      22
      23
      22
      16
      13
      19
      21
      11
      13
       6
      12
       9
       7
       6
       7
       5
      11
       8
      11
       5
       5
      11
       9
       8
       6
      12
       7
       9
      10
       9
       6
      12
       8
       7
      10
      10
      11
       8
       7
       7
       5
       6
       5
       4
      13
       9
       7
       9
      11
       8
       4
       9
       8
       4
       3
       5
       8
      10
       7
      12
       4
       6
      12
       7
       4
       9
      12
      11
      16
      12
      10
       5
       9
       9
      11
       8
       6
       3
       8
       7
      14
       4
      10
       7
       4
       5
      11
       7
      13
       4
       6
      10
       9
       9
       8
       8
      11
      12
       9
       8
       9
       6
       9
      11
      10
       9
       7
       3
       7
      12
      16
      13
       7
       7
       9
       3
       7
       8
      10
       8
       8
       6
      12
       8
       8
       8
       5
       9
      12
       9
       6
       9
       7
       8
       9
      12
       9
       7
       9
      12
       8
       6
       8
       5
       8
       9
       8
       7
       5
       8
      10
       7
       5
       8
       9
       8
       9
       7
       7
       8
      12
       9
       9
       6
       8
      11
      16
       5
       5
      12
       0
       7
       7
       7
       6
      13
      10
      14
      19
      10
      15
       8
      16
      15
      24
      28
      40
      43
      40
      41
      45
      32
      28
      38
      24
      28
      14
      17
      11
      13
       9
       7
      16
       5
       4
      11
      12
       5
      10
       4
       9
       9
      11
       9
       8
       8
       8
      11
       9
      10
       5
       7
      10
       8
       7
      12
       8
       5
      13
       9
       8
       8
       5
       7
       3
       8
       9
       9
      11
       7
       8
       7
       5
       5
       5
       7
       8
       3
       4
       9
       5
       9
      13
       8
      11
       7
       7
      10
       7
       6
       9
       6
      10
       8
       8
       6
       6
      10
      11
      12
       6
      14
       5
       4
       8
       7
      11
       3
       3
       8
       6
      11
       5
       9
       8
      14
       6
       7
      12
       8
       6
       3
       6
       9
       7
       8
      10
       9
      12
       7
       8
      11
       8
       7
       8
       5
       4
      19
       8
      10
      13
      15
       6
       7
      10
       9
       8
       5
       6
       6
       8
      10
       8
       5
       8
      14
       6
       3
       4
       6
       7
       6
      14
       7
      12
       8
       4
      11
       8
       9
       7
       5
      14
       2
      10
       7
      10
       9
      12
       5
       7
      10
      10
       9
      10
      13
      13
      18
      12
      15
      19
      20
      20
      25
      15
      14
      23
      11
      15
      12
      12
       7
       9
       5
      11
       5
      10
       9
       8
       4
       9
       6
      13
      13
      12
       9
       6
      11
       9
      10
       5
      10
       8
      10
       6
       5
       4
       5
       6
       9
       3
      12
       4
       3
       4
       5
       9
       6
      10
      11
       8
       9
       9
       6
       6
       6
       6
      10
       9
       8
       7
      13
       8
      10
      15
       2
       8
       6
       6
       5
       9
      12
       6
      10
       6
      10
       6
       6
       7
       8
      10
       9
       6
       4
       8
       6
       8
      10
       8
       6
       8
       9
       9
       7
       7
       7
       7
       7
       6
      10
       4
       8
       7
       9
      10
      13
      10
       8
       7
       6
       7
       9
       9
       4
       7
       4
      12
       5
      10
      13
      12
       9
      11
       6
      10
       8
       9
       8
       9
       5
       5
       6
      12
      11
       9
       5
       8
       7
       7
       4
       8
       6
       5
       4
       5
      13
       4
       3
       8
       7
       6
       5
       4
       6
      15
       6
       9
       9
       4
       6
      10
       6
       5
       7
       6
      10
       7
      11
       3
       3
       6
       4
       6
       5
       6
       8
       7
       4
       9
       5
       5
       6
      11
       7
       8
       3
       6
       5
       6
       3
      10
      11
       4
       8
       3
       2
       9
       5
       6
       9
       5
       6
       4
      13
       3
       7
       8
       7
       7
       8
       8
       2
       5
       7
       8
       7
       8
       6
       2
       9
       2
       9
       8
       4
       1
       6
       7
       5
       6
       9
       6
       8
       8
       5
       4
       2
       6
       4
       7
       2
       8
       4
       6
      10
       6
       5
       7
       6
       5
       6
       6
       8
      10
      10
      11
       9
       3
       6
       3
       6
       8
       7
       5
       7
       8
      10
      14
      10
       9
      14
       8
      11
       5
      12
      11
       3
       9
       9
      10
       7
       3
      15
      10
      14
       1
       3
      10
       9
       8
       8
       5
       5
       2
      10
       6
       9
       8
       7
       8
       9
       4
       7
      10
       3
       6
      10
      10
       7
       9
       6
       7
       5
       6
       5
       4
       5
       6
      10
       9
       4
       6
      11
       5
       7
       6
      11
       8
      10
       7
       5
       9
       3
       8
       8
       4
       2
       5
       7
       6
       3
       8
       2
       6
       2
       1
       2
       4
       6
       4
       4
       3
      10
       6
       6
       7
       7
      10
       5
       5
       3
       7
      11
       2
       5
       7
       4
       9
       7
       5
       3
       9
       7
      10
       7
      12
       4
       1
       6
       5
       6
       2
       8
       8
       5
       7
       4
       8
       4
       6
       2
      11
       5
       5
       6
       9
       4
       7
       3
      10
       9
      12
       4
       3
       6
       7
       5
       8
       4
       9
      13
       9
       4
       3
       8
       4
       4
       3
       6
       5
       6
       7
       5
       5
       8
       8
       4
       2
       2
       7
       6
       3
       5
       4
       9
       8
       6
       8
       5
       3
       8
       7
       7
       6
       4
      10
       4
       4
       3
       3
       6
       5
       6
       4
       4
       6
       9
       7
       6
       5
       9
       1
       4
      12
       5
       7
       7
       5
       5
       3
       5
       8
       5
       4
       0
       6
       5
       6
       8
       6
       7
       4
       6
       7
       6
       4
       2
      13
       2
       5
       4
       3
       6
       6
       7
       3
       5
       4
       6
       7
       3
       3
       6
       3
       6
       4
       9
      10
       7
       7
       6
       7
       4
       3
       3
       2
       6
       4
       5
       5
       7
       0
       5
       6
       5
       3
       7
       3
       3
       3
       3
       5
       4
       2
       6
       6
       2
       7
       5
       9
       5
      10
      14
      11
       3
      12
      12
      10
      11
      15
      19
       8
       5
       5
      11
      12
      12
       9
       3
       7
       3
       4
       5
       6
       4
       9
       3
       3
       5
       4
       7
       3
       5
       4
       5
       1
       2
       8
       3
       6
       8
       7
       5
       6
       5
       3
       2
       8
       7
       5
       7
       5
       9
       6
       4
       7
       6
       6
       7
       7
       6
       2
       1
       5
       4
       3
       4
       3
       5
      12
       3
       2
       2
       5
       2
       6
       2
       7
       7
       3
       4
       6
       2
       7
       7
       6
       4
       0
       7
       6
       8
       5
       8
       7
       4
       4
       3
       5
       6
       4
       5
       1
       4
       9
       6
       2
       4
       8
       8
       3
       3
       1
       5
       6
       6
       2
       4
       4
       2
       9
       6
      11
       4
       9
       7
       9
       9
       2
       6
      11
       5
       2
       2
      11
       3
       3
       0
       4
       3
       0
       6
       1
       5
       4
       4
       3
       8
      11
       1
       3
       8
       3
       7
       1
       7
       5
       7
       5
       5
       3
       6
       2
       4
       3
       3
       4
       5
       5
       5
       1
       5
       6
       8
       7
       5
       4
       6
       1
       2
       7
       6
       1
       3
       3
       4
       4
       3
       8
       1
       4
       3
       6
       3
       4
       4
       6
       5
       7
       1
       2
       4
       5
       7
       5
       3
      11
       6
       7
       6
       2
       6
       3
       7
       2
      10
       7
      11
       3
       4
       9
       7
       6
       8
       6
       4
       5
       4
       9
       4
       3
       5
       4
       4
       5
       6
       4
       4
       5
       8
      12
       3
       6
       4
      10
       8
       5
      13
      12
      16
      15
      16
      17
      18
      16
      16
      22
      16
      14
       7
       9
      11
       7
      12
       4
       5
       1
       5
       7
       7
       2
       3
       4
       5
       5
       3
       3
       2
       4
       3
       5
       5
      10
       4
       4
       7
      12
       6
       5
       5
       5
       3
       5
      10
       2
       2
       8
       4
       4
       4
      10
       6
       7
       6
       6
       3
       4
       1
       2
       2
       4
       5
       2
       5
       6
       2
       1
       3
       4
       5
       7
       5
       6
       1
       4
       6
       9
       3
       4
       3
       5
       0
       2
       6
       8
       5
       7
       4
       5
       4
       4
       6
       1
       3
       5
       4
       4
       3
       3
       6
       2
       8
       6
       8
       4
       5
       8
       4
       3
       8
       3
       8
       6
      11
       6
      10
       7
      10
      13
      20
      33
      34
      37
      45
      70
      63
      75
      68
      89
      67
      82
      58
      63
      54
      41
      32
      20
      15
      17
      12
      10
       7
       8
       6
       3
      10
       4
       7
       4
       4
       5
       2
       4
       3
       4
       4
       4
       3
       5
       5
       2
       5
       3
       3
       5
       4
       6
       5
       5
       3
       3
       3
       3
       2
       2
       5
       2
       2
       4
       2
       7
       2
       5
       3
       3
       5
       8
       5
       8
       3
       5
       6
       5
       5
       7
       4
       4
       6
       6
       7
       8
       3
       4
       2
       6
       5
       2
       5
       0
       5
       2
       3
       6
       2
       3
       4
       2
       5
       5
       7
       2
       6
       4
       5
       1
       8
       6
       5
       9
       3
       8
       7
       6
       7
       5
       4
       3
       4
       4
       7
       7
       5
       4
       2
       3
       2
       2
       4
       2
       3
       5
       5
       9
       8
       4
       3
      11
       4
       1
       2
       5
       3
       4
       4
       6
       6
       8
       3
       4
       3
       3
       6
       2
       5
       4
       3
       8
       5
       3
       4
       4
       3
       5
       5
       3
       3
       2
       7
       3
       8
       5
       1
      10
       3
       5
       3
       2
       4
       5
       6
       5
       2
       2
       2
       2
       4
       2
       2
       5
       4
       1
       4
       2
       6
       4
       4
       6
       3
       3
       4
       3
       3
      10
       3
       2
       6
       4
       7
       6
       3
       4
       3
       4
       3
       7
       7
       4
       4
       3
       5
       2
       4
       5
       4
       6
       5
       2
       6
       2
       1
       2
       0
       7
       3
       3
       6
       4
       2
       4
       4
       5
       2
       4
       4
       4
       3
       4
       3
       8
      11
       7
       3
       7
       4
       7
       2
       2
       2
       2
       6
       4
       7
       5
       2
       2
       8
       7
       4
       6
       2
       7
       3
       6
       6
       4
       7
       2
       4
       7
       7
       6
       5
       2
       4
       6
       8
       4
       3
       6
       4
       4
       7
       3
       2
       4
       5
      10
       7
      10
       9
      15
      11
      15
      10
      11
      10
       9
      13
      17
       4
       7
       7
       8
       6
       4
       7
       8
       5
       4
       3
       4
       6
       2
       3
       8
       3
       1
       9
       5
       0
       3
       4
       8
       4
       2
       4
       3
       3
       1
       2
       5
       4
       6
       1
       4
       4
       1
       3
       9
       8
       8
       6
       1
       8
       6
       4
       2
       4
       5
       3
       3
       3
       3
       2
       5
      11
       5
       7
       4
       3
       4
       0
       3
       3
       6
       4
       3
       1
       2
       6
       5
       3
       4
       4
       4
       2
       3
       3
       8
       3
       3
       3
       5
       4
       6
       2
       6
       8
       9
       5
       3
       5
       3
       4
       5
       1
       2
       4
       3
       4
       6
       3
       7
       2
       1
       3
       4
       5
       4
       1
       4
       7
       3
       4
       1
       5
       3
       2
       5
       4
       5
       3
       2
       6
       3
       1
       5
       2
       3
       2
       3
       4
       5
       6
       1
       6
       3
       9
       5
       2
       3
       9
       3
       8
       3
       5
       2
       4
       4
       4
       3
       3
       3
       7
       4
       3
       3
       5
       5
       3
       3
       4
       3
       2
       5
       1
       7
       7
       5
       3
       6
       5
       5
       4
       4
       5
       3
       8
       6
       4
       5
       5
       2
       6
       2
       4
       7
       4
       5
       6
       6
       3
       3
       5
       1
       0
       5
       2
       4
       3
       4
       4
       6
       6
       5
       2
       4
       2
       3
       2
       5
       3
       6
       8
       4
       2
       2
       8
       5
       1
       3
       4
       4
       2
       4
       1
       3
       6
       2
       2
       3
       3
       2
       6
       2
       3
       3
       5
       3
       2
       6
       3
       6
       7
       2
       6
       5
       4
       3
       6
       4
       4
       3
       7
       2
       2
       8
       2
       3
       5
       5
       2
       5
       4
       2
       3
       4
       5
       5
       3
       5
       5
       9
       4
       4
       1
       1
       5
       5
       5
       4
       3
       5
       4
       4
       4
       1
       4
       5
       4
       3
       3
       2
       3
       4
       3
       3
       5
       3
       4
       3
       1
       2
       1
       3
       4
       5
       2
       3
       6
       4
       5
       5
       2
       5
       3
       3
       4
       5
       4
       4
       2
       1
       4
       4
       5
       5
       1
       4
       2
       3
       4
       4
       6
       3
       4
      13
       2
       4
       4
       5
       3
       5
       6
       6
       4
       3
       2
       6
       4
       3
       4
       0
       2
       2
       4
       6
       3
       4
       4
       3
       2
      10
       4
       4
       7
       4
       4
       1
       7
       2
       5
       3
       5
       3
       1
       3
       2
       6
       5
      13
       2
       3
       1
       4
       1
       2
       6
       5
       6
       5
       0
       0
       3
       4
       3
       6
       3
       2
       6
       5
       3
       7
       6
       1
       4
       2
       4
       3
       5
       2
       2
       5
       6
       1
       2
       5
       3
       6
       1
       2
       4
       2
       5
       5
       5
       8
       4
       4
       3
       6
       3
       4
       2
       3
       1
       6
       6
       2
       3
       4
       4
       7
       3
       9
       3
       3
       6
       2
       3
       2
       2
       7
       3
       3
       6
       2
       5
       3
       5
       3
       5
       2
       4
       5
       6
       2
       5
       6
       4
       3
       5
       2
       2
       4
       4
       6
       4
       1
       3
       1
       4
       4
       3
       0
       5
       5
       4
       4
       4
       4
       1
       3
       4
       1
       2
       4
       6
       5
       5
       5
       3
       1
       3
       3
       3
       1
       4
       5
       7
       4
       4
      10
       5
       6
       3
       1
       3
       3
       3
       1
       9
       5
       1
       2
       5
       6
       3
       2
       1
       0
       6
       4
       5
       2
       5
       1
       0
       0
       4
       2
       1
       4
       3
       1
       7
       4
       1
       4
       3
       3
       4
       6
       0
       4
       3
       2
       3
       3
       0
       3
       2
       2
       4
       3
       2
       3
       4
       2
       4
       1
       1
       3
       3
       2
       6
       2
       1
       4
       4
       8
       4
       5
       1
       2
       5
       3
       2
       4
       6
       4
       4
       3
       3
       2
       3
       4
       1
       1
       3
       4
       2
       3
       1
       4
       6
       1
       3
       4
       5
       8
       5
       3
       6
       3
       3
       6
       4
       3
       8
       5
       5
       4
       1
       6
       4
       3
       2
       2
       4
       2
       3
       2
       3
       2
       3
       3
       4
       2
       2
       3
       1
       3
       1
       3
       2
       4
       4
       2
       2
       2
       3
       1
       2
       2
       7
       1
       3
       7
       6
       0
       2
       6
       6
       4
       2
       3
       3
       2
       1
       3
       5
       2
       6
       3
       5
       7
       2
       4
       2
       2
       4
       4
       2
       1
       2
       5
       1
       1
       3
       3
       1
       3
       4
       2
       2
       5
       0
       3
       2
       3
       5
       3
       3
       3
       5
       3
       2
       3
       6
       4
       2
       3
       3
       3
       2
       4
       2
       6
       4
       2
       2
       2
       4
       2
       4
       0
       3
       2
       7
       1
       4
       5
       4
       1
       2
       3
       4
       1
       3
       1
       5
       0
       1
       5
       4
       5
       1
       4
       6
       4
       2
       5
       1
       2
       3
       3
       3
       2
       3
       4
       3
       5
       2
       4
       2
       3
       3
       4
       3
       1
       3
       6
       0
       1
       0
       1
       1
       8
       2
       3
       3
       1
       2
       4
       5
       4
       1
       2
       5
       1
       2
       3
       3
       3
       3
       3
       4
       6
       4
       1
       4
       4
       3
       4
       3
       2
       5
       4
       3
       3
       2
       4
       5
       2
       5
       2
       2
       1
       5
       5
       2
       2
       2
       5
       3
       5
       8
       2
       3
       1
       5
       1
       4
       4
       5
       6
       1
       2
       1
       5
       5
       2
       2
       5
       2
       2
       4
       4
       3
       2
       7
       8
       4
       6
       1
       6
       3
       5
       2
       0
       5
       3
       3
       4
       1
       4
       7
       2
       5
       3
       3
       3
       1
       1
       2
       1
       4
       4
       4
       1
       3
       3
       2
       4
       6
       4
       3
       1
       3
       4
       4
       4
       3
       5
       5
       2
       3
       3
       2
       4
       4
       3
       6
       7
       5
       6
       1
       7
       8
       2
       4
       5
       8
       2
       7
       8
       4
       3
       3
       5
       5
       3
       2
       2
       5
       6
       4
       4
       1
       4
       3
       7
       4
       6
       7
       6
       2
       0
       3
       8
       2
       8
       4
       6
       2
       3
       3
       1
       4
       2
       2
       6
       1
       2
       7
       1
       7
       2
       4
       5
       3
       1
       5
      10
       5
       8
       8
      12
       4
      10
       5
       6
       2
       6
       5
       3
       2
       1
       5
       2
       4
       1
       3
       5
       2
       4
       4
       1
       2
       5
       2
       4
       1
       3
       2
       5
       2
       5
       5
       4
       4
       6
       8
       2
       3
       4
       2
       3
       2
       7
       3
       1
       1
       4
       3
       3
       9
       4
       3
       4
       4
       4
       0
       3
       3
       3
       3
       4
       2
       4
       2
       5
      10
       2
       2
       3
       3
       3
       3
       1
       2
       0
       2
       2
       1
       4
       0
       5
       3
       2
       7
       2
       7
       5
       2
       4
       2
       2
       1
       2
       2
       5
       3
       3
       5
       4
       6
       4
       2
       1
       4
       5
       6
       3
       3
       1
       5
       3
       4
       4
       2
       3
       2
       3
       0
       0
       1
       2
       1
       2
       5
       0
       4
       3
       2
       1
       4
       3
       3
       5
       6
       5
       3
       3
       6
       3
       3
       3
       5
       1
       1
       5
       3
       0
       1
       1
       3
       2
       1
       2
       3
       2
       3
       3
       4
       2
       1
       0
       4
       4
       1
       4
       2
       1
       3
       4
       3
       3
       2
       2
       4
       8
       3
       3
       6
       5
       5
       2
       4
       7
       0
       5
       2
       3
       3
       4
       2
       2
       3
       2
       3
       2
       1
       3
       2
       0
       0
       2
       6
       1
       5
       2
       3
       2
       4
       2
       1
       1
       1
       6
       3
       1
       2
       6
       0
       4
       4
       6
       0
       2
       4
       1
       3
       3
       1
       3
       3
       2
       5
       4
       3
       5
       6
       1
       2
       4
       4
       3
       6
       4
       3
       3
       2
       3
       3
       2
       2
       7
       4
       3
       2
       8
       4
       2
       7
       2
       4
       2
       3
       6
       0
       5
       7
       5
       3
       2
       5
       4
       6
       5
       0
       2
       3
       2
       2
       6
       2
       1
       3
       3
       2
       2
       3
       7
       4
       5
       3
       4
       6
       5
       5
       7
       9
      10
      10
      15
      17
      20
      14
      21
      29
      20
      20
      15
      14
      18
      24
      17
      12
       6
      10
       9
       4
       2
       3
       2
       3
       3
       5
       6
       3
       2
       1
       1
       5
       4
       3
       4
       3
       5
       2
       2
       3
       6
       1
       2
       3
       3
       5
       1
       3
       3
       3
       2
       2
       3
       4
       2
       1
       1
       1
       1
       2
       3
       2
       2
       2
       1
       4
       4
       4
       2
       5
       6
       3
       0
       3
       2
       3
       1
       6
       4
       2
       0
       2
       4
       2
       5
       0
       2
       3
       4
       5
       2
       1
       3
       2
       7
       5
       2
       2
       3
       3
       2
       2
       3
       4
       1
       4
       2
       5
       3
       1
       3
       0
       1
       5
       4
       2
       1
       4
       2
       1
       2
       2
       2
       3
       3
       3
       0
       2
       2
       3
       5
       3
       1
       4
       4
       2
       2
       3
       4
       6
       1
       1
       3
       4
       1
       3
       2
       5
       6
       0
       3
       4
       2
       3
       1
       3
       1
       6
       3
       2
       2
       2
       5
       0
       5
       1
       1
       3
       1
       4
       4
       0
       2
       4
       2
       0
       0
       0
       0
       0
       0
       0
       0
       0
       0
       0
       0
       0
       0
       0
       0
       0
       0
       0
       0
       0
       0
       0
       0
       0
       0
       0
       0
       0
       0
       0
       0
       0
       0
       0
       0
       0
       0
       0
       0
       0
       0
       0
       0
       0
       0
       0
       0
       0
       0
       0
       0
       0
       0
       0
       0
       0
       0
       0
       0
       0
       0
       0
       0
       0
       0
       0
       0
       0
       0
       0
       0
       0
       0
       0
       0
       0
       0
       0
       0
       0
       0
       0
       0
       0
       0
       0
       0
       0
       0
       0
       0
       0
       0
       0
       0
       0
       0
       0
       0
       0
       0
       0
       0
       0
       0
       0
       0
       0
       0
       0
       0
       0
       0
       0
       0
       0
       0
       0
       0
       0
       0
       0
       0
       0
       0
       0
       0
$ROI:
0
$PRESETS:
None
0
0
$ENER_FIT:
-2.173939 0.279251
$MCA_CAL:
3
-2.173939E+000 2.792507E-001 0.000000E+000 keV
$SHAPE_CAL:
3
1.571259E+001 -1.155430E-003 0.000000E+000
