$SPEC_ID:
226Ra
$SPEC_REM:
DET# 1
DETDESC# MCB 132 Input 1
AP# Maestro Version 6.06
$DATE_MEA:
01/10/2022 11:35:03
$MEAS_TIM:
190237 190252
$DATA:
0 8191
       0
       0
       0
       0
       0
       0
       0
       0
       0
       0
       0
       0
       0
       0
       0
       0
       0
       0
       0
       0
       0
       0
       0
       0
       0
       1
    1197
   16613
    2517
     454
     388
     403
     410
     410
     456
     442
     464
     479
     472
     437
     449
     551
     551
     526
     424
     351
     376
     288
     330
     350
     309
     304
     313
     328
     322
     309
     293
     264
     292
     265
     250
     249
     263
     250
     247
     235
     220
     255
     230
     233
     229
     234
     198
     210
     184
     221
     181
     210
     184
     181
     196
     177
     168
     198
     169
     170
     188
     194
     182
     188
     196
     197
     148
     182
     145
     172
     155
     158
     147
     147
     146
     157
     168
     139
     148
     135
     157
     174
     155
     152
     149
     144
     144
     116
     152
     151
     130
     134
     144
     142
     128
     139
     130
     124
     114
     122
     136
     137
     150
     117
     115
     128
     121
     124
     115
     150
     109
     121
     121
     116
     121
     107
     128
     113
     114
     112
     116
     120
     124
     114
     109
     128
     137
     128
     111
     136
     121
     119
     116
     120
     137
     125
     124
     122
     114
     112
     115
     133
     117
     140
     142
     210
     246
     271
     189
     108
     116
     129
     128
     113
     112
     110
     106
     114
     103
     116
     111
     111
     116
     103
     115
     123
     125
     120
     105
     144
     166
     190
     141
     141
     113
     139
     103
     121
     128
     114
     117
     107
     121
     119
     115
     117
     126
     124
     125
     121
     121
     141
     174
     150
     145
     143
     127
     129
     126
     143
     118
     138
     136
     147
     198
     306
     354
     324
     238
     156
     114
     129
     126
     124
     114
     129
     121
     119
     138
     130
     144
     126
     133
     102
     108
     117
     110
     151
     137
     126
     134
     120
     137
     156
     132
     130
     155
     144
     127
     162
     169
     169
     149
     159
     157
     137
     205
     248
     253
     229
     194
     156
     151
     147
     163
     202
     185
     176
     143
     135
     156
     128
     149
     155
     154
     132
     122
     127
     125
     132
     130
     148
     142
     128
     131
     121
     131
     179
     158
     195
     187
     218
     221
     223
     180
     191
     151
     163
     131
     143
     148
     176
     187
     171
     182
     155
     138
     140
     128
     149
     181
     157
     165
     161
     163
     140
     152
     177
     284
     490
     696
     745
     583
     397
     260
     181
     171
     157
     179
     150
     134
     143
     151
     132
     153
     127
     135
     148
     125
     116
     134
     167
     170
     164
     159
     159
     137
     133
     130
     142
     159
     126
     127
     139
     106
     116
     130
     147
     150
     148
     132
     158
     152
     142
     153
     134
     144
     142
     147
     123
     146
     128
     153
     128
     132
     125
     136
     141
     155
     153
     179
     164
     132
     172
     126
     144
     133
     127
     152
     153
     131
     171
     185
     173
     177
     145
     146
     153
     136
     142
     152
     160
     157
     144
     137
     159
     153
     138
     129
     140
     145
     148
     138
     153
     144
     145
     140
     151
     135
     152
     150
     148
     147
     141
     139
     125
     141
     133
     139
     124
     137
     147
     149
     150
     137
     149
     138
     146
     148
     147
     132
     151
     140
     148
     155
     138
     149
     154
     155
     155
     125
     138
     149
     137
     174
     119
     151
     149
     149
     159
     144
     145
     154
     148
     137
     142
     166
     149
     148
     163
     134
     143
     133
     142
     147
     128
     135
     147
     148
     155
     136
     151
     135
     146
     148
     159
     168
     134
     177
     137
     137
     167
     148
     147
     164
     147
     130
     127
     146
     159
     139
     159
     191
     224
     212
     208
     158
     156
     167
     120
     145
     170
     184
     140
     148
     139
     146
     130
     143
     128
     150
     146
     140
     122
     149
     172
     165
     146
     136
     124
     156
     115
     129
     149
     157
     143
     152
     140
     138
     140
     157
     147
     124
     145
     140
     164
     120
     167
     155
     132
     133
     125
     128
     125
     133
     137
     139
     162
     141
     128
     121
     148
     149
     125
     162
     128
     148
     143
     158
     128
     158
     159
     165
     187
     167
     156
     168
     161
     141
     148
     107
     123
     125
     119
     149
     129
     136
     133
     143
     153
     136
     131
     138
     134
     119
     129
     136
     143
     132
     137
     147
     133
     102
     113
     136
     151
     132
     154
     135
     135
     140
     113
     131
     145
     121
     117
     154
     132
     158
     113
     147
     153
     122
     147
     136
     135
     136
     131
     132
     144
     116
     142
     141
     136
     134
     134
     138
     143
     138
     124
     139
     142
     139
     123
     121
     129
     125
     137
     148
     171
     208
     325
     505
     556
     489
     348
     180
     149
     143
     133
     123
     123
     147
     128
     122
     139
     110
     143
     130
     137
     144
     144
     135
     114
     153
     121
     133
     131
     132
     125
     123
     136
     133
     135
     115
     163
     123
     120
     128
     119
     125
     127
     126
     111
     140
     139
     152
     134
     128
     140
     124
     122
     118
     129
     155
     144
     127
     125
     133
     114
     118
     119
     121
     134
     143
     137
     128
     134
     129
     116
     146
     135
     158
     165
     122
     152
     136
     106
     116
     120
     120
     110
     102
     131
     119
     114
     118
     124
     113
     111
     130
     124
     116
     102
     130
     104
     124
     124
     137
     116
     126
     126
     103
     115
     119
     131
     127
     114
     113
     107
     129
     115
     115
     131
     115
     108
     119
      98
     133
     117
     120
      98
     133
     113
     139
     113
      90
     133
     102
     139
     134
     123
     117
     112
      98
     106
     108
      98
     108
      97
     113
      95
     105
     102
     113
     105
      96
     119
     120
     106
     107
     125
     131
     110
      98
     117
     116
     108
     124
     120
     127
     103
     103
     107
     115
     112
     108
      94
     129
     119
     115
     124
     108
     111
     107
     124
     112
     103
     110
     117
     107
      92
     126
     118
     126
     129
     107
     111
     110
     161
     222
     255
     288
     224
     199
     136
     106
      96
     113
     124
     122
     118
      99
     128
     105
     121
     101
     114
     105
     106
     105
     107
     125
      92
      93
      98
     114
      96
     101
     100
      81
      97
     112
      90
      97
     114
     100
      91
     107
     117
      94
      89
      91
     110
      84
      91
     110
     113
      95
     102
      91
     106
      74
     110
     106
     101
     109
     105
      78
     103
     107
      99
      92
      90
     115
     106
      94
     117
      75
      94
      76
     107
     119
      98
      87
     117
     101
     104
     119
      92
      99
      86
      84
     120
      89
      98
      92
      98
      88
      98
      95
     109
      86
      82
     107
      80
      86
      98
     105
      89
     109
     108
     105
      89
      97
     104
      81
      88
      98
      96
     103
     120
     102
     104
      95
      96
      84
      95
      90
      97
      98
      80
      94
      91
      92
      79
     100
      84
      64
      87
     100
      93
      94
      90
      77
      89
     109
      82
      85
      86
      96
      84
     107
     103
      93
      82
     107
      80
      97
     108
      89
      95
      88
      82
      87
     102
      98
      78
      94
      88
      84
      92
      75
      85
      78
      98
      83
      86
      90
      84
      89
      88
      89
      87
      90
      86
      97
      90
      86
      84
      82
      90
      87
      76
      69
      82
      79
      75
      90
      81
      87
      88
      91
      88
      82
      77
      79
      84
      83
      81
      92
      90
      90
     140
     100
      90
     113
     108
      82
      73
      89
      85
      81
      81
      85
      90
      65
     107
      89
      87
      92
      98
      62
      84
      85
      93
      77
      86
      84
      79
      81
      83
      72
      79
      81
      90
      68
     104
      74
      87
      73
      94
      96
      82
      72
      82
      70
      75
      89
      89
      74
      77
      94
      81
      69
      77
      88
      67
      69
      86
      81
      72
      78
      63
      95
      91
      98
      86
      80
      81
      94
      62
      86
      76
      83
      82
     101
      89
      65
      91
      73
      75
      94
      85
      70
      76
      87
      81
      79
      72
      69
      70
      69
      68
      97
      67
      72
      71
      75
      75
      76
      66
      61
      72
      80
      71
      70
      75
      82
      85
      59
      87
      86
      94
      65
      67
      58
      79
      91
      89
      82
      85
      94
      76
      76
      65
     105
      70
      82
      64
      76
      57
      71
      78
      54
      80
      74
      84
      76
      69
      66
      74
      72
      68
      64
      57
      70
      75
      89
      72
      86
      88
      85
      72
      80
      88
     101
     100
     111
      77
      79
      78
      79
      75
      76
      73
      71
      56
      56
      72
      66
      61
      65
      71
      67
      75
      87
      74
      62
      76
      68
      69
      57
      75
      75
      73
      66
      61
      60
      80
      69
      71
      76
      56
      70
      69
      72
      64
      57
      70
      57
      73
      90
      94
     104
      88
     113
      89
      98
      76
      69
      72
      59
      69
      67
      59
      63
      64
      76
      71
      93
      76
      62
      72
      68
      64
      57
      61
      56
      85
      66
      74
      60
      68
      75
      67
      50
      58
      60
      69
      53
      67
      57
      65
      70
      60
      63
      67
      64
      64
      64
      88
      55
      68
      61
      71
      71
      77
      76
      68
      69
      73
      54
      70
      63
      68
      64
      59
      70
      58
      56
      58
      59
      73
      74
      63
      54
      68
      61
      43
      58
      56
      66
      62
      67
      57
      80
      68
      61
      61
      58
      70
      65
      62
      60
      68
      64
      64
      69
      65
      57
      57
      65
      62
      65
      61
      69
      65
      63
      63
      63
      65
      58
      63
      66
      56
      65
      57
      71
      72
      56
      74
      49
      63
      74
      55
      65
      70
      69
      54
      58
      72
      54
      53
      57
      68
      59
      64
      63
      52
      64
      63
      60
      71
      60
      63
      62
      57
      62
      58
      67
      61
      45
      63
      60
      63
      58
      66
      64
      60
      62
      57
      63
      53
      52
      55
      49
      63
      55
      59
      51
      64
      50
      47
      59
      71
      76
      56
      64
      62
      54
      60
      58
      65
      62
      54
      71
      67
      50
      58
      54
      70
      58
      69
      61
      64
      69
      54
      65
      49
      42
      52
      57
      63
      59
      66
      66
      59
      57
      62
      63
      46
      58
      62
      60
      61
      55
      46
      42
      54
      50
      42
      63
      66
      44
      63
      44
      60
      63
      64
      62
      62
      62
      44
      55
      67
      62
      48
      53
      56
      44
      55
      60
      49
      54
      57
      72
      60
      57
      61
      41
      54
      66
      56
      67
      57
      57
      49
      56
      68
      59
      65
      61
      54
      66
      59
      61
      58
      61
      51
      54
      75
      50
      51
      44
      64
      54
      54
      50
      54
      54
      55
      54
      65
      54
      48
      60
      55
      50
      53
      68
      47
      65
      83
     109
     155
     269
     354
     361
     326
     282
     167
      90
      70
      57
      50
      60
      54
      48
      58
      49
      65
      60
      59
      45
      57
      44
      43
      54
      45
      64
      53
      48
      55
      51
      61
      63
      52
      42
      53
      48
      72
      49
      50
      38
      51
      73
      48
      55
      48
      57
      56
      49
      46
      53
      61
      57
      52
      47
      54
      63
      47
      47
      39
      60
      48
      48
      31
      52
      47
      50
      39
      41
      73
      37
      61
      52
      68
      47
      53
      43
      52
      56
      41
      46
      50
      45
      54
      47
      49
      54
      63
      43
      44
      46
      39
      55
      54
      42
      49
      57
      51
      39
      39
      45
      49
      51
      61
      61
      50
      57
      65
      54
      57
      57
      44
      35
      47
      48
      48
      44
      43
      41
      47
      54
      47
      42
      41
      46
      49
      52
      48
      50
      42
      49
      62
      60
      42
      51
      47
      55
      48
      35
      52
      41
      59
      60
      54
      60
      36
      47
      50
      59
      51
      45
      59
      52
      58
      34
      41
      48
      44
      52
      50
      47
      48
      55
      42
      49
      50
      56
      51
      49
      49
      50
      42
      59
      42
      41
      48
      48
      46
      55
      57
      48
      39
      43
      49
      44
      34
      53
      38
      51
      45
      41
      39
      48
      41
      56
      45
      57
      45
      38
      53
      47
      56
      52
      50
      45
      49
      45
      54
      52
      35
      43
      41
      52
      57
      57
      59
      45
      36
      40
      48
      43
      49
      36
      37
      43
      38
      49
      38
      55
      38
      43
      39
      55
      34
      49
      45
      42
      46
      40
      44
      32
      46
      49
      34
      40
      40
      40
      31
      51
      41
      50
      49
      51
      56
      48
      46
      50
      33
      44
      47
      37
      31
      47
      54
      54
      43
      47
      61
      68
      64
      78
     115
     100
     153
     209
     239
     280
     273
     345
     334
     342
     282
     268
     220
     167
     112
      96
      64
      69
      62
      49
      44
      51
      46
      45
      61
      43
      41
      42
      47
      28
      43
      42
      48
      48
      30
      40
      41
      26
      36
      39
      44
      38
      31
      39
      37
      36
      49
      43
      38
      39
      31
      36
      33
      49
      34
      38
      44
      50
      41
      33
      40
      38
      39
      39
      49
      41
      29
      32
      39
      39
      32
      31
      41
      31
      35
      30
      35
      39
      44
      37
      35
      37
      43
      52
      32
      34
      34
      36
      37
      54
      48
      40
      34
      45
      40
      34
      36
      35
      35
      46
      34
      39
      42
      41
      42
      41
      30
      39
      31
      24
      45
      36
      35
      32
      42
      33
      26
      38
      40
      36
      40
      43
      40
      39
      34
      44
      34
      36
      49
      26
      34
      29
      37
      28
      29
      25
      33
      28
      42
      36
      38
      34
      39
      36
      37
      49
      53
      41
      39
      50
      34
      35
      33
      30
      40
      30
      33
      33
      38
      33
      43
      41
      28
      35
      34
      31
      37
      34
      40
      32
      32
      34
      36
      31
      35
      22
      26
      30
      35
      38
      28
      30
      28
      36
      29
      30
      27
      37
      37
      43
      29
      41
      47
      24
      33
      36
      35
      33
      43
      28
      36
      31
      38
      49
      36
      33
      42
      37
      35
      32
      42
      26
      30
      47
      43
      62
      63
      91
      68
      66
      54
      40
      36
      46
      39
      29
      46
      32
      39
      27
      38
      23
      30
      34
      39
      39
      39
      25
      38
      34
      30
      37
      37
      40
      32
      42
      34
      31
      28
      27
      38
      43
      27
      33
      44
      24
      30
      38
      45
      37
      30
      49
      51
      59
      73
      65
      79
      56
      59
      50
      40
      41
      34
      35
      37
      32
      30
      40
      34
      49
      39
      47
      29
      30
      33
      33
      33
      36
      35
      31
      24
      23
      28
      40
      23
      31
      26
      37
      31
      39
      39
      36
      33
      28
      38
      35
      41
      23
      35
      34
      41
      32
      40
      33
      26
      30
      45
      42
      29
      37
      38
      43
      41
      36
      36
      32
      29
      34
      38
      28
      32
      37
      44
      36
      43
      46
      30
      34
      34
      34
      38
      27
      33
      42
      39
      30
      38
      29
      26
      36
      40
      36
      31
      35
      41
      54
      41
      66
      40
      58
      41
      36
      32
      39
      38
      33
      36
      33
      34
      43
      50
      73
     111
     150
     213
     227
     260
     201
     171
     141
      84
      40
      48
      38
      41
      29
      30
      34
      26
      29
      25
      27
      26
      35
      35
      26
      35
      19
      26
      30
      30
      29
      27
      26
      36
      29
      26
      30
      29
      33
      39
      38
      30
      35
      28
      23
      36
      27
      35
      36
      34
      22
      24
      31
      27
      30
      36
      29
      33
      24
      29
      30
      38
      34
      28
      30
      24
      35
      27
      31
      20
      37
      31
      46
      31
      30
      29
      32
      28
      23
      32
      32
      30
      31
      24
      25
      20
      27
      32
      29
      31
      28
      30
      28
      35
      33
      28
      30
      39
      31
      37
      34
      37
      21
      26
      31
      24
      24
      33
      31
      25
      35
      25
      33
      19
      23
      38
      34
      27
      18
      23
      25
      28
      29
      29
      34
      33
      34
      34
      29
      37
      23
      28
      40
      33
      21
      36
      30
      23
      28
      23
      34
      32
      24
      28
      31
      16
      30
      18
      33
      32
      26
      34
      27
      32
      27
      35
      20
      22
      22
      24
      26
      27
      27
      37
      24
      32
      39
      51
      55
     114
     146
     182
     261
     293
     313
     265
     219
     160
     121
      57
      38
      36
      29
      27
      35
      25
      28
      18
      24
      22
      23
      30
      28
      29
      27
      30
      27
      29
      32
      35
      23
      20
      27
      33
      32
      24
      29
      32
      32
      21
      22
      28
      23
      24
      35
      26
      24
      22
      30
      25
      18
      21
      24
      16
      27
      23
      23
      14
      22
      22
      22
      18
      21
      25
      23
      22
      24
      23
      21
      22
      25
      31
      18
      19
      27
      21
      26
      30
      26
      29
      26
      36
      15
      31
      32
      30
      32
      20
      23
      27
      27
      30
      24
      34
      19
      24
      32
      25
      31
      33
      19
      26
      35
      18
      32
      34
      28
      24
      19
      26
      37
      21
      23
      25
      22
      28
      34
      24
      34
      31
      27
      32
      31
      18
      33
      22
      23
      33
      31
      26
      28
      39
      31
      25
      28
      27
      27
      37
      27
      32
      33
      37
      25
      30
      28
      27
      28
      15
      28
      28
      37
      34
      29
      25
      18
      30
      23
      25
      23
      29
      29
      27
      19
      19
      34
      26
      24
      22
      27
      19
      30
      32
      27
      27
      38
      25
      32
      16
      24
      27
      33
      36
      18
      17
      27
      27
      17
      32
      21
      25
      33
      18
      26
      22
      23
      22
      23
      25
      36
      23
      26
      25
      19
      22
      18
      24
      26
      26
      39
      28
      22
      31
      30
      15
      21
      39
      54
      66
      90
     138
     145
     163
     184
     174
     175
     127
      85
      64
      33
      33
      29
      17
      30
      27
      29
      30
      25
      29
      35
      27
      23
      20
      27
      24
      15
      15
      24
      22
      25
      29
      30
      24
      20
      27
      21
      24
      29
      23
      25
      20
      26
      33
      23
      25
      27
      26
      20
      21
      18
      17
      20
      24
      18
      30
      21
      18
      23
      27
      17
      23
      26
      24
      34
      26
      24
      20
      21
      29
      22
      25
      28
      23
      32
      19
      33
      24
      24
      18
      26
      14
      21
      32
      17
      25
      28
      19
      28
      24
      21
      10
      21
      21
      22
      29
      26
      18
      21
      20
      25
      21
      20
      24
      20
      25
      13
      18
      26
      25
      26
      20
      26
      20
      15
      22
      25
      16
      19
      23
      31
      21
      21
      32
      20
      14
      19
      28
      25
      27
      29
      22
      23
      21
      23
      17
      21
      20
      19
      13
      20
      25
      27
      21
      24
      19
      32
      24
      24
      26
      24
      35
      29
      19
      31
      25
      20
      23
      25
      29
      29
      34
      20
      32
      26
      27
      37
      35
      24
      20
      22
      16
      19
      26
      22
      27
      24
      23
      31
      33
      15
      18
      12
      25
      19
      30
      18
      25
      24
      25
      23
      22
      24
      13
      31
      24
      22
      14
      20
      20
      12
      25
      17
      24
      22
      21
      22
      21
      21
      25
      23
      17
      23
      16
      24
      23
      22
      19
      20
      37
      23
      17
      18
      18
      37
      14
      24
      26
      14
      17
      33
      34
      38
      25
      24
      23
      20
      20
      14
      22
      23
      20
      21
      19
      25
      26
      25
      15
      24
      23
      19
      18
      21
      25
      18
      21
      26
      17
      22
      25
      29
      30
      17
      25
      22
      19
      20
      21
      24
      20
      20
      16
      21
      19
      28
      20
      15
      17
      15
      22
      17
      14
      23
      22
      34
      21
      29
      29
      17
      26
      15
      26
      22
      21
      18
      14
      23
      20
      12
      20
      19
      22
      20
      17
      15
      14
      16
      21
      22
      21
      19
      34
      22
      17
      18
      13
      19
      27
      21
      22
      26
      16
      12
      17
      18
      16
      12
      12
      17
       9
      23
      22
      23
      22
      17
      22
      21
      18
      20
      19
      22
      23
      22
      17
      13
      24
       9
      29
      12
      12
      16
      30
      24
      18
      19
      18
      21
      15
      21
      17
      17
      13
      16
      19
      17
      16
      19
      21
      25
      17
      19
      18
      24
      25
      24
      17
      19
      24
      22
      22
      25
      24
      17
      24
      27
      18
      26
      23
      17
      18
      21
      23
      28
      18
      26
      16
      15
      25
      19
      21
      21
      28
      23
      13
      25
      19
      12
      24
      27
      17
      23
      14
      23
      18
      21
      21
      22
      13
      20
      24
      14
      16
      23
      20
      17
      27
      26
      17
      14
      18
      22
      22
      21
      19
      20
      34
      25
      22
      15
      19
      28
      20
      23
      13
      25
      21
      23
      13
      19
      19
      25
      15
      15
      12
      10
      19
      19
      20
      14
      25
      14
      23
      26
      19
      13
      16
      24
      17
      17
      18
      19
      21
      21
      25
      10
      18
      19
      22
      24
      25
      23
      15
      17
      24
      17
      13
      24
      13
      20
      26
      17
      19
      22
      18
      13
      18
      28
      30
      21
      27
      18
      20
      24
      27
      22
      16
      17
      15
      21
      18
      20
      18
      21
      19
      12
      16
      25
      22
      24
      21
      29
      12
      13
      14
      18
      18
      19
      22
      19
      18
      18
      16
      17
      15
      13
      18
      13
      21
      16
      16
      22
      19
      13
      16
      19
      19
      25
      24
      23
      13
      15
      33
      22
      13
      14
      19
      17
       8
      17
      22
      27
      19
      22
      13
      19
      16
      20
      25
      23
      25
      12
      18
      21
      14
      13
      15
      13
      15
      12
      16
      20
      20
      29
      20
      23
      23
      16
      19
      13
      21
      18
      25
      27
      17
      16
      20
      17
      14
      25
      17
      16
      14
      23
      15
      21
      13
      24
      22
      18
      17
      13
      18
      21
      14
      14
      17
      18
      16
      24
      19
       9
      14
      13
      23
       9
      22
      16
      18
      24
      17
      17
      18
      11
      13
      14
      21
      16
      14
      20
      22
      27
      16
      23
      26
      13
       9
      13
      20
      16
      26
      14
      19
      22
      18
      28
      21
      15
      24
      21
      13
      16
      16
      20
      22
      23
      15
      22
      13
      21
      26
      20
      23
      28
      41
      41
      54
      27
      34
      36
      22
      22
      23
      19
      23
      17
      19
      14
      19
      15
      22
      23
      11
      17
      22
      21
      13
      11
      12
      12
      24
      14
      27
      19
      22
      16
      19
      18
       9
       8
      17
      18
      16
      17
      13
      15
      14
      17
      11
      19
      12
       8
      14
      13
      21
      12
      17
      21
      17
      19
      13
      26
      15
      19
      16
      18
      20
      18
      16
      12
      15
      12
      16
      16
      14
      10
      20
      15
      19
      22
       8
      19
      22
      15
      15
      11
       8
      15
      21
      18
      21
       8
      13
      13
      14
      13
      18
      14
      17
      11
      16
      21
      16
      19
      16
      13
       9
      19
      24
      18
      10
      20
      20
      14
      17
      13
      18
      22
      11
      18
      10
      18
      10
      10
      11
      13
      19
      17
      20
      15
      29
      22
      15
      12
      16
      20
      14
      18
      25
      10
      22
      17
      22
      16
      17
      10
      18
      22
      14
      22
      14
      24
      18
      16
      11
      23
      15
      14
      17
      15
      10
      17
      10
       9
      14
      13
      14
      21
      14
      14
      16
      14
      19
      20
      15
      20
      15
      13
      15
      20
      13
      22
      21
      20
      18
      19
      14
      21
      18
      15
      25
      15
      23
      12
      23
      18
      13
      22
      25
      19
      19
      13
      13
      18
      18
      16
      25
      29
      27
      23
      23
      22
      28
      27
      16
      15
      15
      14
      12
      13
      17
      17
      21
      26
      17
      13
      18
      13
      18
      15
      15
      14
      12
      15
      18
      12
      14
      19
      20
      18
      11
      15
      17
      15
      18
      15
      13
      16
      16
      17
       9
      25
      22
      10
      16
      22
      15
      19
      14
      19
      14
      15
      21
      21
      15
      15
      19
       3
      23
      14
      17
      13
      19
      17
      17
      17
      13
      17
      13
      15
      14
      16
      16
      11
      12
      10
      16
      10
      18
      25
      18
      19
      13
      18
       9
      24
      17
      13
      10
      17
      12
      11
      19
       7
      20
      19
      15
      17
      24
      12
      15
      13
      18
      14
      19
      11
      18
      12
      13
      19
      20
      21
      28
      37
      30
      37
      34
      45
      26
      31
      28
      19
      22
      15
      18
      22
      13
      17
      13
      13
      14
      16
      14
      11
      18
      20
      12
       9
      17
      17
      14
      12
      15
      13
      15
      11
      18
      14
      16
      15
      17
      14
      15
      11
      14
       9
      16
      19
      15
      16
      13
      15
      16
      14
      13
      20
      19
       8
      14
      20
      20
      17
       7
      15
      12
      14
      15
      14
      14
      15
      13
      20
      18
      14
      12
       9
      20
      13
      21
      16
      20
       8
      16
      20
      17
      24
      12
      14
      12
       8
      13
      17
       6
      12
      12
       8
      11
      14
      12
      10
      16
      13
      10
      16
      14
      13
      14
      10
      11
      12
      14
      12
      12
      13
      17
      12
      18
      13
      11
      10
      20
      16
      14
      18
      12
      13
      12
      15
      21
      15
      17
      10
      17
       8
      10
      14
      11
      17
       7
       8
      10
      26
      11
      22
      11
      10
      15
      10
      19
      15
      15
      15
      18
      16
      20
      18
      12
      12
      17
      19
      11
      14
      12
      11
      10
      21
      18
      18
      16
      21
       9
      14
      14
      14
      16
      12
      14
      16
      14
      16
      10
      17
      10
      15
      17
      19
      18
      13
      15
      15
      15
      15
      10
      21
      13
      19
      13
      17
      13
       5
      17
      12
      12
      12
      14
      18
      17
      16
      12
      10
      15
      15
      12
      13
       8
      15
      19
      10
       9
      12
      14
      17
       8
      12
      19
      18
      26
      20
      16
      29
      30
      20
      22
      23
      23
      16
      12
      23
      11
      11
       7
      15
      19
       9
      12
      16
      15
      16
       8
      16
       9
      10
      12
      13
       9
      13
      14
      10
      13
       5
      12
      13
      20
      18
      11
      16
      19
      11
      10
      11
       8
      11
      12
       9
      10
      14
      14
      14
      15
      11
      12
      11
      19
      16
      16
      13
      13
      13
      11
      10
      17
      13
      16
      13
      10
      12
      16
      14
      12
      20
       9
      10
      13
      12
      16
      20
       9
       9
      11
      11
      12
       8
      16
      20
      14
      15
      11
      19
      11
      12
      15
      13
      16
      14
      10
      16
      10
      13
      18
      13
       9
       5
      14
      16
       9
      13
      13
       8
      10
      18
       9
      16
      22
      12
      10
      10
       8
       8
      13
       7
      13
      13
      18
       9
      19
      13
      18
      14
       9
      16
      14
      15
      11
      11
      13
      15
      13
       8
      12
      18
      13
      12
      15
      16
       9
      15
      20
       9
      13
      12
       7
      18
       9
       9
       6
      12
       8
      20
      14
       8
      11
      22
      10
      15
      15
      13
      11
      17
      11
      16
      14
      16
      17
      12
      12
      16
      11
      12
      15
       9
      13
       6
      12
      13
      12
      18
      11
       8
      15
      12
      17
      18
      17
      16
      15
      22
      21
      12
      23
      12
      31
      23
      24
      23
      18
      19
      17
      10
      15
       9
      12
      10
       9
      19
      12
      14
      16
      10
      13
      11
      18
      13
      16
      15
      15
      11
      13
      11
      17
      17
      12
      15
      11
      11
      15
      17
      13
       9
       5
       8
      17
       9
       8
      11
      14
      12
      18
      10
      11
      16
      15
      10
      12
       8
      16
      10
       9
      15
      13
      15
       9
      10
      20
      18
      10
       8
      19
      11
      14
      10
      12
      11
      11
      12
       9
       9
       7
       7
      15
      12
      15
      14
       9
      10
      14
      11
       9
      19
      10
      12
      14
      14
      16
      14
      10
      10
      14
      11
       9
      12
       9
      17
      19
      12
       9
      12
       6
      11
      19
      17
      15
       7
       7
      14
      12
      14
      13
       9
      14
      15
       8
      11
      14
      16
      12
      11
      10
      14
      17
      17
      19
      14
      13
      21
      22
      11
      10
      15
      11
       9
      10
       9
       7
       9
      19
      15
       8
      10
      11
      11
      10
      12
      13
      21
      10
      11
      10
       8
      11
       7
      14
      10
      10
      20
      11
      10
      13
      12
      14
       8
      10
      10
      10
      17
      10
       5
      13
      19
      15
      11
      13
      16
      14
       6
       9
      13
      18
      15
      11
      13
      13
      16
       9
       9
      17
      11
       8
      13
       6
      13
      14
      11
       8
      14
       6
      23
      10
      13
      10
       8
      18
      15
      11
       5
      14
      19
       9
      11
      14
       7
      15
       7
      11
      16
      17
      15
      14
      13
      11
       5
       4
       7
      13
       8
      19
      11
      10
      14
      13
      11
      11
      17
      11
       9
      10
       8
      15
       6
      12
       9
       9
      12
      11
       9
      15
      10
       4
      10
       9
      21
      14
      11
      11
       8
      10
      16
       8
      14
      10
      10
       9
       8
      15
      14
      15
      13
      10
      10
      14
      17
      13
       9
       3
      13
      25
      10
      13
      10
      12
       8
      10
      12
       9
      16
      10
      20
      11
      13
      12
      14
       6
      14
      17
      18
      13
      12
       8
      16
      17
      18
       8
      21
       8
      13
      13
       8
      13
      18
      11
      10
      12
      10
      14
      15
       7
      10
       9
       5
      11
       9
      23
       8
      16
       7
      10
      15
       6
      12
      13
      14
      13
       8
      12
      10
      16
      10
      11
      14
      10
      16
      11
      12
       9
       7
      15
       9
      15
       9
      12
      17
      12
      17
      10
      15
      11
       8
       9
      15
       7
      12
      11
      18
      11
       7
      12
       8
       6
      10
      15
      16
      11
       9
       9
       5
       6
      12
      16
      11
      17
      10
       8
       7
      15
       9
      15
       5
       9
      12
      15
      14
       8
      14
      11
      20
       7
      10
       8
      13
       7
      13
      10
       8
       8
       7
      10
      13
      20
      19
      23
      20
       8
      12
      16
      13
      11
      16
      22
      17
       9
      11
      11
      10
       9
       9
       7
      14
       7
      13
      16
       7
       6
      11
      11
       6
       8
       8
      13
      12
      19
       7
       8
      11
       7
      12
      11
      10
       9
       9
       5
       9
      13
      13
      10
      14
       8
      11
      15
       7
      12
      12
      14
      11
      15
      13
       7
       8
       5
       6
       6
      11
      10
      10
      15
      11
      12
      14
       7
      12
      11
      13
       9
      13
      11
       9
      11
       9
      10
      13
      14
       8
      12
      19
      17
       7
       6
       9
       8
      12
      16
       9
       8
      10
       7
      11
       9
       3
       7
       5
       8
      13
       4
       7
      13
      14
       9
      14
       8
       5
      12
      16
       7
      11
      15
       9
      13
       5
       9
       9
       7
       8
       9
      13
       6
      10
       7
      12
       8
       9
      11
      11
       8
      14
      10
       8
      14
       9
       5
       8
      10
      12
      13
      10
      11
      12
       8
       8
       9
      13
      12
       9
       7
      15
       9
      11
      10
       9
      15
      18
       6
       8
       9
       4
       7
      10
      12
       3
      12
      13
       9
       8
       6
      11
      10
      12
       9
      11
      12
       9
       4
       8
      10
      11
       8
       7
      13
       5
       8
       8
       7
      10
       8
      15
       7
       8
       6
       9
       7
       8
      10
       7
      14
      10
      14
       9
       9
      10
      10
       6
      12
      11
       6
       5
       8
      15
       8
       5
      11
      13
      10
      10
      14
      10
       7
      10
      10
       8
       7
      16
       5
      11
       8
      11
       9
      11
      14
       7
       8
       4
      13
      11
       7
       9
       7
       8
       5
      11
      10
      10
       5
      13
       6
       7
       6
       7
       9
       4
      15
       7
      12
       7
       3
      10
      10
       8
       7
       9
       9
       6
      10
      12
       6
      10
       7
       8
      12
       7
       8
      12
      10
      17
       9
      13
      10
      15
       9
       6
       9
       8
       9
      12
      11
       7
       7
      15
      12
       7
       6
      12
      12
      10
       8
       9
       4
       8
       7
      11
      10
      17
      13
      12
       7
       4
       7
      10
      16
       5
       7
      12
      10
      19
       5
       4
      12
       8
      11
      10
       8
       7
       6
       6
       7
      12
      11
       9
      16
      12
       8
      11
      12
       7
       9
       8
      14
       6
       7
       9
      16
       7
      10
       7
      13
       8
       5
      10
      16
       7
      10
       6
      15
      17
       9
       9
       8
      11
       6
       9
       4
      10
       6
      12
       5
      15
       6
      12
       8
       7
       7
      14
       7
       9
       9
      12
       7
      17
       7
      10
      10
      15
       7
      12
       7
       8
       9
       4
      12
       4
      15
      13
      11
       7
      10
      10
       8
       6
      12
       9
       4
       7
       5
      11
      12
      11
       7
      11
       7
       6
       9
      10
       6
       9
       5
      15
       8
      14
       6
      14
      12
       6
      10
       5
       6
       8
       9
       4
      11
       8
       2
      12
       6
       6
      11
      10
      15
       9
       8
       6
       6
      14
       6
       8
      11
       7
       9
      10
       7
       6
      11
      11
      11
      11
       4
      17
       6
       9
      13
       9
       8
       8
      14
       6
       3
      10
       6
       8
       5
       9
       3
       5
       6
       7
      10
       6
       9
       9
      12
       9
      12
       7
      10
      12
       7
      12
       6
      15
      10
      13
      19
       8
      11
      12
      14
      15
      20
      12
       5
      11
       8
       7
       6
       9
       8
       4
      11
      13
      10
       8
       3
       4
       7
       8
       7
       7
       5
      10
       4
       7
       7
       9
       7
       9
       9
       7
       8
      11
      12
       8
       9
       8
       8
       7
       9
       7
      13
       7
       6
      10
       8
       8
       7
       8
      11
       9
      11
      15
       5
       6
      11
       6
       8
       5
       7
      12
      13
       5
       5
       7
       9
      15
       3
      12
       8
       6
      12
       8
       8
       9
       9
      13
       8
       6
       9
       6
       7
      10
      16
       7
       7
       5
       6
       6
       3
       9
      10
       7
       7
       9
       8
       9
       2
      10
      10
       3
       8
       8
      11
      15
      16
      13
       6
      10
      15
       7
       9
      11
       6
       7
       6
       6
       6
      11
       8
      11
       7
       8
       9
       9
       7
       4
      18
       8
       3
       7
       8
       7
      16
       7
       7
       8
       7
       7
       5
      11
       8
       8
       4
       5
       7
       6
       8
       6
       9
      11
       6
      11
      10
       8
       6
      10
       4
      10
       9
       7
       6
       9
       7
       7
      11
       5
       8
       7
       7
       5
       3
      14
       4
      11
      10
       7
      12
      12
      11
       5
       8
      12
       6
       4
       8
       7
       8
       4
       6
      10
       9
       6
       7
      11
      14
       7
       6
       7
      10
      12
      10
       8
      12
      12
       8
       2
      14
       8
       6
       7
       6
      10
       6
       7
       6
       7
       6
      11
      12
       8
       8
      13
       4
       5
      15
       8
      11
       3
       9
       9
       3
       8
       3
       7
      11
       6
       6
      10
       7
       7
       6
       9
       8
       4
       6
       4
      12
      11
       6
       9
       3
       7
      13
       9
      12
       9
       9
       9
      12
       6
      12
       3
       6
       8
       3
      13
       5
       9
       9
       5
      12
       9
       9
       7
      10
       8
      13
       4
      11
       7
      10
       9
      17
      18
      13
      18
      26
      24
      30
      41
      35
      48
      35
      50
      43
      33
      35
      44
      49
      33
      29
      15
      15
      11
       9
       8
       5
      12
       5
       6
       6
       7
       4
      12
      11
       5
      12
       7
       4
      11
       8
       7
      14
      12
       9
       3
       9
      13
       2
       9
       7
       7
       5
       7
       8
       2
       4
       4
       8
       4
       7
       4
       5
      13
       8
       4
       8
       9
       7
       6
       4
       4
       7
       5
      11
       5
      12
       7
       3
       8
       4
       8
       7
       7
       9
       2
       8
      10
       9
       6
       6
      11
       8
       8
       7
       9
       5
       6
       8
       8
       4
       8
       7
       4
       4
       6
      10
      15
      13
       9
      11
       3
       9
       6
       7
       8
      10
      10
       5
       6
       8
       8
       9
       7
      11
       3
       7
       8
       4
       6
       4
      11
       9
       8
       7
       7
       6
       4
       6
       8
       5
       8
       2
       9
       4
       3
       7
      11
       7
       5
       7
       4
       7
       3
       9
       9
       6
       6
       9
       7
       2
       5
       5
      16
       6
       7
       7
       3
       5
       5
       8
       7
       4
       5
       6
       9
       6
       5
       7
       9
       7
      13
      11
       8
      12
      10
      11
       2
      10
       6
       6
       8
       4
       8
       7
      10
       9
       9
      11
       4
       3
       5
      10
       3
       7
       7
       8
      10
       3
       6
       9
       6
       9
      10
       6
       6
       5
       5
       5
       4
       5
       8
       7
       5
       9
       4
       4
       7
       6
      11
      11
       5
       2
       6
       9
       3
       4
       4
       9
       8
       9
       5
       4
       9
       3
       9
       6
      12
       8
      10
       1
       8
       6
       6
      10
       7
       6
       7
       7
       8
       5
       9
       6
       8
       7
       8
       8
       6
       8
      10
       9
       5
       7
       6
       8
       8
       2
       5
       8
       6
       5
       8
       8
       4
      12
       6
      10
       8
       4
       6
       8
       4
       7
       8
       6
       6
       8
       5
       2
       6
       9
       7
       6
       6
       6
       7
       8
       3
       6
       9
       3
       6
       7
       5
       6
       7
       6
       5
       7
       7
       8
       4
       6
       4
       5
       4
       6
       4
       6
      10
       3
       7
       8
       6
       3
       7
       5
       3
       2
       5
       4
      10
       7
      10
       2
       9
       5
       9
       5
       3
       4
       7
       7
       3
      10
       6
       8
       7
       3
       4
       7
       8
       5
       7
       4
       2
       9
       6
       7
       3
       5
       8
       3
       8
       9
       6
       8
       6
       7
       9
       2
       5
       5
       4
       6
       6
       5
       7
       5
       4
       5
       5
       8
       5
       0
       9
       6
       8
       3
       5
       2
       3
       8
      10
       4
       8
       4
       3
       7
       5
       3
       8
       8
      10
       5
       8
       8
       3
       5
       5
       3
       5
       5
       5
       5
       7
       2
       9
      10
       2
       6
       4
       7
       5
       6
       8
       8
       8
       7
       3
      13
       2
       5
      10
       9
      11
      12
       9
       6
       8
       5
       3
       5
       7
       9
       6
       2
       6
       9
       4
       9
      10
       9
       7
       4
       4
       8
       9
      11
      10
       7
       6
       5
       3
       8
       6
       4
       7
       8
      11
       6
       8
      11
       8
       8
       8
      10
       5
       9
       4
       8
       5
       9
       6
       7
       5
       2
       9
       6
       5
       6
       9
       9
       9
       3
       9
       6
       8
       7
       5
       1
      12
       6
       6
      10
       4
       6
       3
       3
       7
       6
       5
       5
       7
       2
       5
       5
       4
       6
       3
       1
       5
       5
       8
       3
       5
       6
       7
       3
       8
       5
       6
       5
       7
       8
       3
      10
       9
       7
       3
       6
       9
      10
       5
       7
       9
       5
       6
       4
       6
       6
       5
       7
       5
       7
       5
       3
       9
      11
       3
       4
       3
       3
       4
       7
       5
       4
       7
       1
       7
       6
       5
      10
       4
       7
       3
       7
       8
       5
       5
       8
       5
       4
       7
       4
       9
       7
       0
       7
       7
      11
       8
       8
       7
      10
       8
       2
       3
       6
       8
       7
      10
       6
       5
       3
       6
       8
       8
       8
       5
       7
       6
       8
       5
       3
       7
       4
       3
       7
       5
       2
       9
       6
       6
       4
       4
       2
       7
       4
       4
       3
       6
       7
       5
       4
      12
       2
       4
      10
       5
       9
       6
       9
       5
       3
       6
       7
       3
      10
       3
       3
       3
       6
       8
       5
       3
       2
       5
       4
       7
       6
       4
       5
       6
       7
      10
       1
       8
       5
       3
       0
       5
       7
       4
       6
       7
       3
       4
       8
       2
       5
       5
       9
       7
       7
       5
       7
       4
       4
       5
       1
       7
       8
       8
       8
       3
       7
       2
       9
       7
       8
       3
       7
       6
       5
       8
       2
       5
       4
       4
       9
       6
       5
       6
       4
       3
       8
       5
       6
       7
      10
       7
       6
       7
       2
       1
       5
       3
       6
       3
       4
       7
       6
       3
       3
       5
       3
       8
       2
       8
       3
       6
       5
       5
       1
       4
       3
       5
       4
       9
       9
       5
       3
       4
       6
       2
       5
      12
       6
       8
       3
       5
       4
       4
       4
       8
       5
       4
       7
       1
       6
       4
       5
       3
       3
       7
       9
      10
       5
       4
       7
       6
       9
       1
       8
       6
       5
       3
       7
       3
       9
       2
       5
       3
       4
       5
       3
       8
       5
       8
       7
       5
       9
       4
       5
       8
       4
       4
       6
       6
       9
       8
       6
       3
       3
       8
       6
       8
       6
       5
       8
       6
       6
       5
       3
       9
       8
       4
       2
       6
       7
       2
       7
       3
       4
       5
       4
       8
       4
       8
       3
       4
       5
       4
       4
       4
       7
       4
       4
       6
       4
       5
       2
       5
       9
       4
       8
      10
       4
       3
       4
       8
       7
       2
       4
      10
       5
       3
       5
       6
       9
       9
       1
       6
       8
       5
       5
       6
       4
       4
       4
       6
       2
       8
       6
       5
       7
       4
       9
       6
       8
       5
       7
       4
       2
       6
       6
       6
       6
      12
       7
       6
       6
       5
      10
       3
       5
       5
       3
       6
       2
       3
       4
       3
       5
       5
       5
       3
      12
       6
       1
       5
      12
       2
       7
       5
       5
       7
       8
       3
       7
       4
       3
       7
       1
       8
       8
       4
       5
       2
       6
       8
       5
       5
       7
       9
       2
       6
      10
       5
       6
       7
       5
       9
       7
       7
       6
       8
      12
      10
       9
      11
       7
       7
       4
       9
       5
       9
       6
       7
       8
       5
       6
       2
       3
       6
       8
       4
       9
       3
       4
       6
       3
       6
       5
       7
       8
       2
       5
       0
       9
       6
       5
       4
       8
       2
       6
       5
       6
       2
       6
       3
       5
       4
       8
       2
       5
       8
       5
       6
       5
       7
       6
       3
       1
       2
       4
       2
       5
       5
       6
       7
       5
       5
       8
       5
      10
       4
       7
       5
       4
       5
       4
       2
       7
       5
       5
       4
       4
       3
       2
       6
       5
       5
       6
       5
      11
       9
       1
       3
       4
       4
       4
       2
       7
       1
       4
       7
      11
       4
       4
       2
       4
       2
       5
       6
       6
       8
       5
       8
      10
       3
       9
       8
      10
       8
       3
      10
      11
      15
      15
      16
      10
      21
      18
      11
      24
      14
      16
      20
      15
       9
       8
      10
       6
      10
      12
      10
       2
       6
       6
       2
       6
       5
       2
       4
       8
       4
       4
       3
      10
       8
       9
       5
       3
       5
       6
       4
       3
       3
       3
       6
       6
       9
       7
       5
       7
       7
       4
       4
       3
       4
       8
       0
       3
       5
       3
       7
       7
       5
       3
       3
       5
       5
       5
       9
       5
       4
       7
       7
       8
       3
       5
       5
       3
       7
       3
       3
       4
       1
       4
       2
       6
       7
       4
       5
       4
       5
       5
       5
       7
       4
       4
       5
       3
       5
       3
       4
       4
       3
       6
       4
       6
       5
       4
       4
       4
       5
       7
       3
       3
       5
       4
       5
       6
       5
       4
       3
      12
       8
       3
       4
       5
       9
       4
       2
       5
       9
       5
       5
       7
       4
       3
       8
      10
       9
       8
       5
       4
       4
       5
       3
       4
       4
       2
       7
       1
       6
       2
       5
       2
       7
       5
       1
       2
       4
       7
       3
       4
       5
       3
       6
       7
       5
       2
       5
       3
       3
       7
       5
       5
       3
       6
       5
       8
       2
       6
       2
       7
       3
       6
       5
       4
      10
       4
       5
       6
       6
       8
       6
       5
       2
       5
       5
       6
       4
       5
       6
       1
       7
       2
       5
       5
       5
       5
       3
       2
       4
       3
       6
       6
       5
       1
       3
       6
       7
       1
       1
       6
       8
       7
       5
       7
      10
       7
       2
       5
      10
       3
       3
       3
       7
       1
       3
       2
       8
       1
       3
       6
      10
       4
       3
       2
       4
       5
       2
       9
       5
       5
       1
       3
       1
       8
       1
       2
       3
       4
       1
       8
       4
       7
       6
       6
       5
       4
       4
       4
       3
       4
       1
      10
       8
       3
       7
       3
       6
       4
       3
       7
       5
       4
       5
       1
       4
       5
       4
       5
       5
       4
       7
       1
      10
       9
       7
       6
       5
       3
      12
       1
       3
       5
      10
       4
       5
      10
       3
       8
       7
       5
       5
       3
       5
       6
       5
       3
       4
       3
       4
       5
      12
       3
       4
       9
       3
       1
       4
       2
       1
       4
       3
       6
       3
       3
       6
       2
       2
       5
       3
       6
       3
       5
       5
       2
       8
       5
       9
       4
       5
       3
       2
       4
       2
       4
       8
       6
       4
       8
       7
       4
       1
       8
       3
       3
       2
       7
       4
       4
       4
       4
       7
       9
       2
       9
       4
       3
       6
       4
       2
       4
       3
       2
       6
       2
       3
       4
       3
       8
       6
       3
       5
       4
       6
       4
       6
       3
       5
       4
       0
       5
       3
       3
       9
       8
       5
       3
       6
       8
       2
       4
       2
       4
       3
       6
       6
       6
       2
       5
       5
       2
       2
       3
       1
       3
       5
       3
       6
       6
       4
       5
       3
       4
       1
       3
       3
       6
       3
       7
       5
       3
       5
       6
       4
       4
       3
       7
       1
       5
       5
       1
       2
       7
       4
       4
      10
       5
       1
       6
       6
       1
       3
       6
      10
       7
       3
       3
       4
       2
       7
       8
       7
       1
       2
       5
       7
       8
       7
       6
       5
       6
       5
       1
       6
       1
       7
       4
       3
       2
       5
       5
       3
       2
       4
       6
       3
       6
       2
       4
       4
       1
       8
       3
       4
       7
       3
       3
       7
       3
       7
       3
       6
       3
       5
       6
       3
       5
       2
       7
       8
       5
       2
       4
       5
       8
       3
       7
       4
       7
       3
       2
       6
       2
       2
       3
       2
       0
       6
       5
       8
       3
       5
       4
       5
       3
       5
       2
       6
       4
       8
       9
       6
       3
       3
       3
       2
       1
       2
       3
       6
       4
       3
       5
       8
       4
       5
       5
       3
       7
       1
       6
       5
       6
       1
       3
       3
       5
       5
       4
       0
       8
       0
       5
       6
       6
       3
       0
       7
       4
       8
       5
       6
       0
       9
       1
       5
       6
       5
       4
       5
       2
       6
       4
       3
       6
       5
       3
       7
       9
       4
       7
       7
       4
       4
       5
       2
       6
       8
       7
       3
       8
       0
       2
       4
       4
       1
       6
       4
       2
       4
       2
       2
       9
       2
       1
       5
       5
       4
       4
       5
       5
       4
       7
       7
       8
       5
       4
       4
       3
       4
       4
       5
       2
       6
       8
       3
       5
       2
       4
       3
       1
       2
       3
       7
       6
       5
       7
       9
       1
       5
       6
       4
       3
       4
       8
       3
       2
       3
       0
       7
       6
       6
       3
       6
       3
       4
       4
       4
       2
       2
       4
       3
       7
       4
       3
       5
       7
       7
       3
       0
       1
       2
       5
       0
       5
       4
       5
       8
       4
       1
       3
       5
       2
       5
       7
       5
       1
       3
       3
       6
       8
       7
       5
       5
       7
       5
       6
       1
       2
       5
       6
       0
       4
       4
       3
       3
       4
       1
       5
       5
      11
       3
       2
       4
       2
       3
       2
       7
       3
       4
       2
       4
       8
       0
       3
       3
       6
       2
       6
       4
       2
       0
       3
       5
       4
       4
       4
       6
       4
       2
       5
       6
       1
       5
       5
       5
       3
       6
       3
       4
       3
       2
       3
       6
       5
       8
       1
       4
       3
       5
       3
       3
       1
       5
       5
       4
       3
       3
       5
       4
       6
       4
       5
       1
       4
       5
       4
       5
       2
       3
       3
       7
       3
       8
       2
       9
       4
       3
       4
       4
       0
       2
       4
       3
       3
       5
       6
       5
       7
       4
       3
       3
       3
       6
       6
       4
       2
       1
       3
       4
       1
       3
       3
       1
       5
       2
       6
       5
       7
       2
       2
       5
       1
       6
       3
       2
       4
       8
       4
       1
       2
       5
       7
       6
       1
       5
       7
       5
       4
       5
       4
       5
       2
       5
       3
       4
       4
       3
       3
       5
       6
       1
       4
       2
       2
       2
       2
       4
       2
       3
       7
       4
       4
       4
       2
       1
       5
       7
       2
       4
       6
       3
       3
       5
       3
       7
       4
       4
       2
       2
       5
       2
       3
       7
       5
       2
       5
       1
       3
       2
       4
       2
       4
       8
       6
       3
       3
       2
       2
       2
       2
       5
       4
       3
       6
       8
       2
       6
       6
       1
       5
       6
       4
       9
       2
       0
       4
       7
       5
       1
       4
       2
       4
       9
       3
       5
       5
       1
       1
       2
       2
       3
       6
       2
       8
       6
       5
       3
      11
       1
       3
       6
       4
       6
       7
       4
       6
       2
       4
       4
       5
       3
       6
       3
       6
       4
       3
       1
       2
       6
       3
       3
       1
       1
       5
       4
       3
       2
       3
       3
       4
       6
       4
       5
       4
       3
       1
       4
       3
       1
       3
       3
       4
       3
       3
       6
       4
       8
       5
       2
       5
       4
       2
       3
       4
       3
       4
       3
       7
       7
       4
       4
       1
       3
       5
       3
       1
       3
       7
       2
       3
       1
       2
       3
       4
       2
       5
       7
       3
       4
       2
       1
       5
       3
       5
       0
       3
       3
       4
       2
       8
       1
       5
       5
       2
       2
       3
       5
       2
       3
       2
       6
       7
       5
       2
       4
       5
       6
       6
       6
       3
       5
       5
       2
       1
       7
       4
       2
       3
       6
       0
       2
       2
       5
       3
       2
       8
       6
       3
       4
       5
       4
       5
       3
       5
       3
       3
       3
       2
       6
       2
       2
       3
       8
       2
       0
       3
       2
       7
       1
       4
       5
       3
       5
       5
       4
       3
       1
       3
       6
       1
       4
       0
       3
       3
       1
       3
       1
       5
       4
       3
       2
       1
       3
      10
       1
       2
       4
       5
       3
       3
       3
       3
       5
       3
       4
       6
       3
       6
       1
       5
       3
       5
       5
       8
       7
       3
       2
       4
       1
       6
       1
       3
       1
       2
       5
       2
       5
       8
       5
       3
       1
       6
       4
       5
       5
       3
       3
       3
       3
       5
       6
       5
       2
       2
       2
       3
       3
       3
       4
       4
       1
       2
       5
       3
       7
       4
       1
       8
       9
       6
       6
       4
       7
       2
       8
      13
       8
      12
       6
       5
       6
      10
       5
       7
       1
       3
       3
       6
       3
       3
       1
       4
       6
       6
       3
       1
       3
       2
       4
       7
       5
       2
       0
       4
       2
       1
       5
       8
       4
       3
       3
       3
       2
       1
       4
       5
       7
       1
       6
       5
       4
       4
       7
       3
       1
       5
       5
       9
       4
       4
       5
       4
       4
       2
       3
       6
       4
       0
       3
       3
       4
       4
       5
       4
       4
       3
       5
       6
       2
       3
       4
       3
       4
       6
       0
       3
       2
       4
       5
       3
       4
       1
       2
       2
       6
       6
       8
       4
       7
       0
       2
       7
       1
       1
       4
       4
       4
       6
       5
       1
       4
       7
       0
       1
       4
       3
       3
       3
       4
       2
       5
       6
       1
       4
       7
       8
       6
       3
       4
       4
       1
       4
       5
       6
       1
       1
       9
       4
       2
       6
       3
       6
       5
       3
       3
       2
       3
       2
       4
       5
       3
       3
       0
       1
       3
       6
       5
       6
       4
       2
       3
       1
       4
       3
       7
       2
       3
       7
       2
       2
       3
       2
       2
       1
       4
       4
       6
       3
       0
       5
       1
       8
       6
       5
       1
       6
       3
       2
       2
       2
       5
       4
       4
       2
       5
       2
       1
       4
       0
       4
       2
       2
       6
       8
       2
       1
       3
       3
       1
       8
       6
       1
       2
       2
       5
       2
       1
       5
       2
       4
       5
       4
       1
       3
       5
       3
       3
       3
       8
       1
       3
       5
       2
       5
       2
       3
       3
       5
       0
       3
       2
       1
       6
       3
       5
       7
       4
       6
       6
       4
       3
       2
       2
       3
       6
       3
       7
       5
       2
       4
       3
       4
       3
       3
       4
       4
       5
       1
       4
       1
       3
       5
       3
       3
       0
       5
       3
       2
       2
       4
       2
       4
       4
       4
       8
       5
       1
       3
       3
       3
       2
       6
       3
       5
       4
       2
       3
       0
       2
       4
       6
       5
       2
       4
       6
       1
       2
       4
       1
       4
       4
       5
       2
       3
       5
       2
       3
       2
       3
       2
       7
       1
       5
       3
       4
       3
       3
       6
       3
       1
       3
       3
       4
       1
       4
       6
       6
       3
       6
       3
       2
       2
       4
       4
       2
       5
       5
       4
       2
       3
       4
       1
       6
       7
       8
       4
       6
       5
      12
       6
       9
       6
       9
      10
       6
      10
       4
       9
       7
       6
       7
       3
       5
       1
       1
       4
       7
       8
       4
       4
       3
       5
       2
       3
       4
       3
       2
       7
       6
       4
       3
       2
       1
       1
       3
       2
       2
       2
       2
       2
       3
       2
       4
       3
       3
       2
       3
       0
       2
       5
       4
       1
       4
       4
       4
       0
       2
       3
       1
       1
       0
       4
       3
       2
       4
       4
       2
       8
       3
       5
       6
       3
       1
       2
       3
       4
       5
       3
       6
       5
       3
       4
       4
       0
       2
       5
       1
       5
       4
       3
       6
       4
       4
       8
       3
       7
       4
       4
       3
       4
       4
       5
       5
       2
       1
       4
       3
       4
       8
       1
       6
       3
       3
       6
       3
       3
       2
       2
       1
       5
       1
       1
       2
       3
       2
       1
       2
       3
       3
       5
       6
       3
       1
       4
       5
       2
       8
       5
       6
       7
       3
       7
       2
       4
       2
       2
       1
       1
       2
       2
       1
       1
       0
       3
       4
       3
       4
       2
       3
       3
       5
       2
       5
       1
       6
       1
       3
       4
       2
       1
       2
       7
       2
       1
       2
       4
       3
       2
       3
       1
       4
       4
       2
       1
       2
       2
       4
       5
       3
       6
       3
       2
       5
       6
       7
       2
       1
       2
       4
       1
       4
       8
       2
       0
       0
       0
       0
       0
       0
       0
       0
       0
       0
       0
       0
       0
       0
       0
       0
       0
       0
       0
       0
       0
       0
       0
       0
       0
       0
       0
       0
       0
       0
       0
       0
       0
       0
       0
       0
       0
       0
       0
       0
       0
       0
       0
       0
       0
       0
       0
       0
       0
       0
       0
       0
       0
       0
       0
       0
       0
       0
       0
       0
       0
       0
       0
       0
       0
       0
       0
       0
       0
       0
       0
       0
       0
       0
       0
       0
       0
       0
       0
       0
       0
       0
       0
       0
       0
       0
       0
       0
       0
       0
       0
       0
       0
       0
       0
       0
       0
       0
       0
       0
       0
       0
       0
       0
       0
       0
       0
       0
       0
       0
       0
       0
       0
       0
       0
       0
       0
       0
       0
       0
       0
       0
       0
       0
       0
       0
       0
       0
       0
$ROI:
0
$PRESETS:
None
0
0
$ENER_FIT:
-2.173939 0.279251
$MCA_CAL:
3
-2.173939E+000 2.792507E-001 0.000000E+000 keV
$SHAPE_CAL:
3
1.571259E+001 -1.155430E-003 0.000000E+000
