$SPEC_ID:
226Ra
$SPEC_REM:
DET# 1
DETDESC# MCB 132 Input 1
AP# Maestro Version 6.06
$DATE_MEA:
11/15/2021 09:53:18
$MEAS_TIM:
174904 174918
$DATA:
0 8191
       0
       0
       0
       0
       0
       0
       0
       0
       0
       0
       0
       0
       0
       0
       0
       0
       0
       0
       0
       0
       0
       0
       0
       0
       0
       1
    1913
   14981
    1308
     425
     354
     398
     410
     413
     461
     423
     431
     405
     429
     406
     452
     468
     505
     463
     394
     355
     300
     282
     302
     315
     244
     309
     295
     310
     275
     282
     275
     263
     245
     287
     262
     249
     234
     238
     230
     229
     197
     195
     238
     199
     201
     196
     192
     199
     194
     181
     198
     215
     194
     168
     180
     161
     184
     173
     172
     194
     165
     169
     162
     135
     174
     149
     133
     143
     148
     166
     165
     142
     155
     149
     136
     146
     133
     135
     136
     136
     136
     149
     131
     134
     145
     111
     136
     130
     131
     122
     117
     122
     142
     126
     116
     149
     112
     102
     105
     148
     115
     110
     138
     131
     106
     118
     101
     123
     123
     111
     116
     122
     119
     129
     153
     131
     123
     111
     134
     102
     120
     101
     103
     111
     107
     122
     110
     125
     116
     121
      90
      95
     109
     124
     105
      95
     133
     107
     137
     108
      95
     108
     118
     120
     146
     173
     223
     236
     199
     139
     121
     124
     103
     114
     120
     113
     106
     112
     123
     102
     107
     105
     103
     121
     121
      95
      97
      98
     108
     104
     127
     149
     138
     123
     126
      99
     131
     121
     113
     101
     110
     108
      99
     109
     112
     111
     111
     118
     117
     105
     112
     134
     143
     154
     127
     126
     100
     118
     112
      99
     122
     127
     102
     117
     134
     223
     308
     330
     283
     184
     141
     105
     109
     110
     110
     123
     108
     122
     136
     141
     106
     135
     108
     114
     113
     121
     139
     123
     135
     147
     122
     100
     119
     108
     116
     110
     117
     145
     158
     153
     172
     177
     186
     134
     153
     138
     167
     205
     229
     227
     201
     138
     144
     140
     174
     161
     198
     173
     157
     111
     107
     135
     143
     131
     139
     132
     145
     138
     120
     127
     119
     125
     130
     114
     123
     135
     118
     108
     147
     143
     183
     190
     234
     235
     178
     156
     160
     130
     130
     120
     124
     139
     181
     185
     156
     126
     126
     139
     122
     144
     140
     176
     152
     152
     144
     141
     137
     126
     197
     289
     526
     640
     603
     527
     324
     221
     154
     142
     152
     154
     135
     147
     145
     134
     135
     133
     135
     134
     130
     139
     124
     145
     159
     148
     151
     133
     126
     134
     138
     130
     139
     133
     114
     110
     142
     114
     138
     134
     131
     120
     133
     112
     130
     116
     117
     126
     143
     139
     137
     147
     126
     104
     124
     125
     124
     121
     119
     120
     113
     137
     115
     149
     138
     152
     162
     136
     131
     161
     137
     147
     121
     147
     169
     183
     160
     161
     147
     146
     143
     132
     145
     139
     145
     145
     160
     135
     130
     116
     131
     142
     134
     138
     119
     141
     126
     134
     123
     122
     123
     129
     127
     133
     139
     115
     121
     161
     136
     123
     148
     144
     125
     117
     155
     138
     126
     143
     128
     137
     120
     143
     122
     142
     120
     122
     146
     140
     137
     136
     137
     126
     139
     142
     158
     126
     155
     130
     150
     147
     132
     123
     149
     132
     139
     151
     137
     119
     141
     120
     126
     136
     134
     129
     150
     137
     129
     133
     154
     131
     138
     137
     133
     143
     132
     128
     140
     142
     125
     138
     145
     158
     123
     167
     133
     123
     137
     139
     144
     137
     123
     138
     119
     141
     161
     173
     226
     213
     178
     160
     141
     133
     132
     134
     140
     123
     116
     138
     155
     125
     132
     141
     123
     150
     132
     111
     131
     113
     116
     124
     165
     118
     138
     123
     130
     134
     110
     127
     140
     125
     155
     116
     135
     122
     145
     107
     132
     129
     132
     130
     127
     126
     124
     137
     143
     142
     118
     129
     139
     131
     129
     146
     139
     144
     144
     150
     128
     132
     152
     148
     143
     128
     139
     139
     152
     164
     176
     161
     148
     136
     136
     131
     153
     125
     137
     130
     121
     129
     133
     130
     106
     130
     149
     135
     141
     113
     131
     116
     135
     144
     140
     118
     129
     129
     124
     131
     127
     130
     123
     121
     126
     156
     124
     113
     120
     129
     119
     121
     118
     134
     144
     134
     130
     130
     106
     130
     131
     132
     116
     124
     109
     130
     119
     135
     132
     109
     129
     114
     131
     127
     136
     129
     118
     124
     126
     140
     145
     129
     143
     143
     115
     112
     133
     159
     231
     357
     482
     495
     411
     300
     190
     129
     119
     117
     129
     129
     116
     116
     120
     103
     122
     122
     111
     108
     109
     119
     121
     128
     129
     104
     117
     137
     119
     125
     109
     122
     131
     122
     117
     125
     128
     130
     120
     140
     115
     126
     121
     107
     115
     113
     134
     125
     133
     113
     105
     123
     116
     110
     128
     127
     122
     104
     113
     111
     107
     116
     128
     120
     120
     132
     142
     114
     131
     112
     128
     141
     128
     122
     148
     123
     128
     121
     109
     117
      94
     110
      99
      99
      92
     108
     141
     135
     116
     116
     102
     110
     112
     125
     115
     110
     112
     119
     121
     123
     121
     107
     107
     103
     100
     111
     118
     100
     107
     114
     118
     103
     108
     109
     109
      92
      96
     101
     101
     102
      92
     107
     116
      97
     103
      95
     107
     120
     102
     100
     103
     120
     116
     102
     121
      98
     116
     111
      96
      93
      94
      75
     102
      93
      94
     108
     112
     114
      95
     115
     107
     100
     125
     110
     115
     111
      85
      97
     111
     108
      81
      93
     116
     115
      93
      92
      98
     103
     109
      96
      98
     114
     111
     108
     103
     107
     130
     105
      93
     106
     109
     130
     107
     106
     123
      88
      89
     111
     133
     145
     205
     243
     251
     201
     148
     122
     109
      99
     103
     110
     107
     109
     113
     108
     110
      83
     103
     114
      85
      95
      86
     107
     112
      88
     113
     107
      89
      99
      99
      87
      85
      81
      94
     105
     103
      87
      95
     100
      86
      82
      96
      86
      99
      85
      71
      99
     107
      90
      97
      94
      83
     106
     101
     103
      93
      88
     114
      87
      82
      97
      97
      83
      95
     104
      85
      94
      90
      85
      84
      88
     118
      89
     108
     100
      78
      75
      77
      79
     114
      98
      90
      96
      75
     101
      82
      86
      84
      83
     100
      86
      78
      98
      87
      92
      94
      83
      93
      85
      89
      79
     104
      87
      79
      79
      60
      70
      72
      64
      88
      96
      86
      78
      81
      79
     106
      90
     104
     100
      83
      74
      80
      76
      81
      80
      88
      86
      72
      67
     100
      87
      75
      99
      81
      85
      91
      95
      82
      76
     100
      92
      83
      84
      84
      80
      84
      98
     101
      87
      81
      95
      74
      82
      85
      72
      79
      91
      68
      89
      71
      74
      91
      77
      88
      86
      90
      72
      76
      72
      85
      68
      81
      71
      86
      78
      71
      73
      77
      80
      84
      74
      75
      81
      80
      64
      84
      78
      85
      95
      78
      71
      72
      68
      86
      73
      65
      65
      73
      69
      77
      68
      74
      95
      75
     100
      97
     101
      93
      86
      76
      79
      68
      74
      96
      86
      63
      68
      60
      67
      78
      77
      82
      79
      92
      73
      88
      85
      86
      65
      75
      86
      94
      62
      84
      72
      75
      73
      79
      78
      60
      89
      76
      67
      85
      82
      67
      59
      66
      73
      84
      64
      73
      76
      72
      63
      76
      77
      75
      70
      76
      75
      68
      75
      81
      76
      89
      75
      63
      71
      62
      68
      82
      75
      83
      72
      69
      85
      67
      61
      63
      77
      75
      65
      81
      68
      69
      80
      75
      74
      77
      62
      81
      70
      69
      63
      71
      74
      67
      63
      64
      67
      62
      51
      65
      72
      77
      88
      74
      70
      87
      67
      63
      76
      81
      80
      74
      59
      69
      59
      71
      57
      71
      83
      76
      74
      81
      66
      78
      56
      72
      60
      75
      60
      73
      66
      70
      55
      86
      76
      65
      71
      78
      81
      83
      58
      66
      75
      59
      57
      60
      75
      83
      53
      66
      69
      75
      88
      89
      96
     104
      84
      93
      69
      77
      67
      54
      77
      81
      70
      82
      63
      70
      69
      70
      50
      59
      74
      58
      60
      70
      58
      65
      74
      59
      50
      64
      60
      54
      65
      75
      68
      59
      58
      71
      70
      68
      71
      73
      76
      53
      67
      47
      60
      67
      71
      76
      87
      89
     100
      94
      93
      66
      69
      55
      64
      63
      53
      57
      71
      58
      83
      65
      59
      68
      62
      77
      59
      59
      59
      56
      59
      51
      60
      59
      52
      54
      52
      59
      55
      50
      62
      51
      57
      52
      61
      55
      50
      50
      63
      55
      54
      56
      57
      59
      63
      64
      47
      62
      65
      48
      56
      64
      56
      55
      57
      67
      58
      56
      59
      48
      54
      61
      54
      60
      49
      56
      61
      60
      48
      59
      52
      60
      53
      51
      57
      60
      57
      54
      45
      52
      53
      51
      51
      62
      50
      55
      64
      61
      72
      44
      58
      53
      67
      63
      63
      44
      55
      69
      55
      78
      56
      65
      63
      65
      73
      51
      62
      54
      65
      63
      71
      66
      54
      57
      56
      58
      46
      60
      46
      60
      50
      56
      57
      60
      47
      60
      62
      57
      57
      60
      59
      68
      44
      52
      45
      51
      58
      61
      58
      37
      48
      57
      61
      46
      61
      65
      60
      62
      53
      58
      50
      65
      55
      48
      34
      62
      46
      59
      51
      51
      49
      66
      45
      57
      47
      56
      50
      61
      49
      49
      37
      52
      51
      47
      53
      45
      57
      42
      71
      43
      48
      44
      47
      54
      49
      58
      52
      59
      67
      53
      57
      57
      62
      67
      62
      55
      54
      54
      59
      60
      77
      64
      61
      53
      64
      46
      52
      45
      38
      49
      53
      46
      64
      50
      45
      57
      60
      46
      47
      51
      49
      59
      51
      65
      52
      60
      46
      45
      60
      68
      58
      40
      58
      46
      57
      63
      39
      55
      59
      54
      46
      57
      47
      50
      44
      50
      48
      52
      52
      58
      68
      48
      41
      47
      50
      45
      55
      55
      53
      40
      51
      52
      43
      62
      63
      51
      53
      46
      52
      63
      38
      53
      51
      46
      50
      39
      49
      65
      59
      50
      49
      50
      60
      48
      54
      64
      74
     134
     166
     276
     341
     343
     344
     224
     135
      90
      66
      56
      43
      42
      58
      46
      51
      50
      53
      45
      54
      51
      52
      36
      56
      48
      55
      48
      48
      55
      41
      47
      49
      51
      48
      53
      46
      44
      50
      57
      43
      44
      55
      43
      46
      45
      55
      50
      43
      49
      55
      37
      47
      41
      34
      43
      45
      63
      44
      53
      38
      47
      49
      49
      50
      51
      49
      40
      47
      50
      48
      51
      40
      56
      64
      50
      49
      52
      39
      32
      40
      49
      38
      47
      51
      43
      53
      49
      34
      49
      54
      51
      46
      43
      61
      36
      43
      43
      40
      44
      44
      49
      45
      48
      33
      41
      40
      54
      58
      65
      48
      48
      42
      52
      41
      39
      54
      59
      52
      42
      37
      47
      46
      57
      49
      44
      55
      39
      45
      43
      55
      39
      42
      53
      41
      42
      40
      42
      50
      54
      45
      56
      48
      43
      48
      47
      49
      44
      46
      45
      44
      50
      36
      50
      44
      55
      44
      47
      42
      49
      47
      44
      52
      41
      53
      47
      31
      43
      46
      47
      44
      33
      39
      34
      37
      40
      46
      38
      42
      31
      38
      42
      58
      18
      44
      35
      34
      36
      38
      43
      31
      44
      34
      45
      35
      34
      41
      49
      44
      41
      31
      45
      34
      36
      43
      31
      42
      52
      45
      35
      47
      58
      35
      45
      43
      45
      43
      48
      42
      33
      26
      39
      48
      41
      41
      40
      38
      40
      47
      55
      32
      35
      50
      41
      29
      37
      40
      39
      34
      62
      51
      45
      38
      48
      31
      42
      30
      48
      38
      45
      40
      40
      50
      41
      50
      40
      42
      45
      41
      44
      42
      48
      32
      49
      43
      34
      49
      51
      46
      61
      66
      63
      81
      95
     143
     140
     202
     246
     280
     276
     304
     275
     254
     265
     210
     169
     169
     139
      70
      64
      70
      55
      45
      67
      32
      45
      41
      45
      40
      36
      42
      43
      39
      28
      41
      32
      33
      33
      33
      27
      38
      36
      35
      36
      38
      45
      43
      48
      37
      28
      38
      45
      33
      28
      42
      39
      35
      32
      35
      38
      36
      32
      35
      28
      35
      42
      34
      36
      37
      39
      36
      36
      34
      26
      40
      32
      33
      33
      36
      37
      31
      29
      35
      26
      36
      29
      47
      27
      26
      28
      34
      37
      45
      24
      36
      35
      41
      50
      42
      34
      31
      37
      24
      33
      34
      31
      38
      36
      25
      37
      30
      29
      40
      35
      29
      22
      49
      35
      29
      45
      28
      34
      34
      35
      30
      28
      36
      49
      26
      34
      25
      32
      25
      38
      30
      30
      29
      32
      35
      35
      31
      35
      40
      34
      31
      35
      52
      19
      29
      27
      38
      32
      27
      26
      34
      44
      33
      20
      28
      35
      42
      36
      40
      29
      40
      33
      25
      33
      32
      33
      37
      34
      30
      41
      24
      31
      33
      37
      33
      30
      41
      35
      28
      33
      31
      27
      25
      32
      34
      35
      30
      24
      27
      26
      34
      29
      38
      38
      25
      35
      40
      37
      38
      27
      26
      29
      31
      22
      31
      29
      36
      47
      38
      30
      41
      34
      39
      43
      66
      66
      59
      60
      48
      48
      34
      37
      30
      31
      33
      40
      34
      28
      27
      16
      35
      38
      38
      21
      24
      36
      37
      33
      34
      41
      24
      24
      33
      28
      21
      23
      37
      31
      24
      24
      27
      31
      27
      38
      31
      41
      35
      28
      34
      39
      36
      56
      70
      80
      74
      75
      56
      50
      50
      25
      28
      29
      25
      22
      23
      30
      38
      19
      28
      26
      31
      26
      34
      39
      27
      37
      21
      27
      22
      24
      35
      33
      31
      38
      33
      37
      24
      25
      34
      29
      36
      33
      32
      26
      27
      26
      34
      36
      44
      31
      39
      25
      33
      37
      31
      31
      45
      36
      39
      34
      34
      31
      39
      29
      37
      28
      35
      28
      38
      22
      36
      38
      28
      49
      44
      33
      35
      27
      35
      33
      17
      43
      37
      30
      29
      32
      42
      25
      29
      26
      19
      24
      33
      44
      31
      38
      53
      47
      38
      49
      45
      36
      31
      34
      35
      24
      29
      29
      32
      43
      44
      63
     125
     142
     181
     218
     218
     193
     117
     110
      63
      36
      33
      34
      29
      34
      34
      43
      35
      29
      21
      29
      31
      24
      29
      26
      26
      18
      34
      28
      38
      28
      29
      23
      33
      23
      17
      28
      35
      29
      26
      23
      28
      34
      30
      26
      18
      32
      28
      25
      38
      28
      28
      30
      31
      27
      29
      32
      28
      30
      29
      19
      33
      37
      30
      25
      31
      27
      16
      25
      26
      22
      35
      20
      35
      28
      30
      25
      26
      34
      21
      23
      26
      27
      30
      38
      28
      37
      24
      26
      21
      25
      27
      23
      27
      38
      37
      23
      24
      19
      27
      22
      33
      39
      24
      28
      28
      26
      26
      26
      25
      33
      18
      25
      24
      35
      16
      30
      29
      28
      26
      29
      26
      22
      25
      34
      28
      23
      29
      27
      24
      29
      28
      29
      33
      31
      25
      29
      22
      25
      35
      33
      31
      18
      27
      25
      19
      25
      22
      25
      24
      19
      22
      28
      25
      30
      34
      40
      16
      25
      19
      32
      18
      29
      34
      15
      28
      34
      42
      54
      82
     119
     174
     263
     305
     312
     284
     210
     150
     111
      64
      41
      30
      43
      17
      22
      22
      18
      23
      18
      23
      23
      23
      26
      23
      14
      27
      22
      22
      22
      25
      26
      27
      21
      20
      15
      27
      33
      33
      22
      24
      26
      26
      26
      29
      16
      21
      20
      11
      25
      24
      23
      30
      19
      28
      16
      19
      29
      39
      24
      19
      24
      25
      23
      19
      22
      22
      24
      20
      22
      15
      21
      29
      18
      34
      12
      23
      29
      34
      22
      18
      24
      18
      25
      35
      31
      29
      20
      20
      25
      32
      33
      24
      15
      22
      26
      18
      26
      27
      23
      16
      23
      17
      22
      32
      23
      18
      26
      16
      29
      16
      32
      24
      20
      30
      29
      27
      23
      42
      33
      28
      25
      26
      32
      18
      22
      25
      13
      27
      22
      30
      20
      28
      26
      24
      26
      23
      27
      26
      22
      25
      29
      25
      35
      25
      28
      26
      28
      25
      24
      23
      31
      21
      16
      27
      21
      28
      24
      15
      15
      26
      21
      28
      22
      28
      29
      19
      27
      30
      12
      33
      37
      22
      15
      25
      24
      30
      27
      26
      21
      19
      25
      15
      26
      29
      28
      22
      26
      23
      21
      23
      24
      17
      23
      14
      20
      24
      23
      21
      17
      27
      23
      21
      25
      31
      20
      21
      23
      23
      23
      17
      27
      27
      20
      21
      25
      25
      28
      36
      63
      91
     129
     157
     173
     159
     153
     146
     107
      72
      50
      41
      27
      29
      17
      22
      30
      32
      31
      23
      24
      31
      27
      26
      32
      30
      16
      16
      21
      23
      18
      15
      20
      18
      28
      22
      21
      14
      17
      21
      14
      17
      16
      31
      16
      20
      19
      17
      20
      18
      18
      20
      36
      25
      15
      16
      21
      21
      27
      25
      28
      14
      27
      14
      24
      22
      20
      16
      23
      16
      27
      22
      13
      25
      18
      23
      25
      18
      28
      18
      21
      28
      26
      26
      30
      19
      28
      17
      21
      22
      19
      22
      22
      12
      18
      18
      18
      26
      25
      20
      27
      22
      23
      18
      19
      21
      21
      31
      21
      28
      18
      13
      19
      22
      28
      23
      21
      15
      21
      26
      18
      25
      21
      23
      21
      15
      21
      16
      26
      17
      24
      26
      15
      25
      17
      18
      30
      23
      25
      25
      20
      22
      24
      33
      15
      21
      26
      15
      12
      23
      23
      17
      19
      17
      24
      17
      28
      26
      21
      17
      28
      30
      29
      31
      17
      20
      19
      24
      23
      34
      19
      23
      22
      21
      23
      26
      18
      22
      24
      13
      22
      13
      23
      17
      13
      16
      13
      13
      16
      14
      20
      21
      18
      20
      19
      30
      16
      15
      19
      20
      19
      22
      22
      15
      23
      13
      22
      22
      17
      17
      26
      12
      26
      27
      20
      18
      20
      21
      20
      11
      13
      23
      19
      22
      19
      21
      16
      24
      28
      29
      23
      22
      28
      15
      14
      21
      19
      21
      29
      28
      13
      22
      24
      23
      26
      30
      14
      25
      21
       8
      15
      17
      23
      10
      13
      16
      13
      15
      29
      20
      23
      25
      25
      18
      24
      20
      16
      12
      20
      19
      16
      19
      10
      18
      13
      22
      21
      16
      15
      14
      17
      20
      17
      19
      16
      22
      12
      29
      15
      19
      24
      34
      27
      30
      25
      13
      14
      26
      17
      15
      18
      26
      29
      19
      16
      22
      20
      20
      17
      14
      22
      22
      23
      22
      18
      11
      16
      20
      20
      15
      17
      14
      30
      23
      17
      20
      17
      18
      18
      17
      22
      16
      14
      14
      11
      19
       8
      18
      17
      21
      23
      15
      25
      17
      20
      12
      17
      15
      21
      20
       6
      17
      18
      13
      19
      16
      17
      18
      18
      22
      17
      19
      20
      16
      14
      15
      17
      19
      19
      22
      16
      24
      25
      20
      13
      12
      18
      15
      22
      21
      13
      10
      17
      25
      18
       8
      22
      18
      24
      26
      25
      15
      22
      17
      14
      14
       8
      15
      19
      20
      13
      16
      16
      17
      19
      22
      24
      20
      20
      18
      17
      24
      21
      16
      25
      13
      26
      18
      15
      13
      21
      18
      16
      22
      22
      22
      13
      23
      19
      18
      21
      16
      18
      19
      18
      18
      18
      27
      21
      21
      20
      19
      23
      12
      21
      19
      12
      12
      23
      16
      15
      17
      15
      19
      16
      25
      17
      22
      15
      24
      18
      15
      23
      18
      22
      10
      25
      16
      24
      17
      16
      18
      12
      15
      15
      19
      16
      13
      15
      16
      14
      15
      20
      20
      13
      19
      23
      15
      15
      24
      10
      20
      14
      26
      24
      18
      21
      20
      24
      17
      17
      19
      22
      16
      11
      12
      16
      21
      20
      16
      16
      12
      18
      19
      16
      21
      22
      12
      30
      26
      15
      28
      17
      24
      20
      13
      22
      14
      15
      17
      19
      13
      18
      14
      19
      12
      18
      16
      20
      15
      21
      10
      25
      21
      19
      20
      19
      24
      16
      15
      26
      13
      19
      15
      24
      23
      27
      14
      24
      14
      18
      21
      22
      22
      17
      14
      21
      11
      18
      10
      17
      13
      24
      15
      17
      20
      17
      18
      13
      23
      18
      10
      18
      14
      21
      10
      12
      11
      19
      20
      10
      18
      21
      18
      16
      13
      20
      20
      14
      26
      15
      10
      12
      26
      10
      19
      11
      20
      22
      16
       7
      16
      13
      12
      19
      14
      11
      17
      17
      19
      16
      13
      13
      12
      22
      16
      15
      18
      15
      20
      19
      14
      23
      16
      17
      16
      19
      12
      19
      18
      13
      16
      24
      28
      15
      23
      18
      12
      17
      16
      18
      16
      19
      18
      17
      18
      16
      14
      17
      24
      16
      21
      20
      12
      12
      12
      19
      16
      13
      15
      19
      23
      19
      24
      25
      41
      38
      34
      35
      29
      26
      25
      19
      13
      26
      22
      17
      16
      14
      15
      12
      16
      12
      16
      16
      13
      22
      13
      16
      17
      16
      14
      12
      16
      14
      18
      18
      16
      14
      18
      14
      15
      10
      17
      11
      19
      22
      16
      15
      18
      20
      11
      13
      17
      22
      15
      18
      13
      11
      10
      15
      12
      12
      16
      21
      15
      15
      20
      17
      15
      14
      14
      12
      10
      17
      11
      16
      17
      19
      15
      20
      19
      13
      20
      16
      13
      18
      14
      14
      17
      11
      18
      11
      18
      24
      12
      19
      16
      15
      18
      18
      14
      13
      13
      15
      23
      13
      10
      17
      17
      13
      11
      21
      16
      18
      13
      10
      17
      14
      14
      12
      14
      17
      11
      15
      11
      14
      12
      18
      22
      14
      16
      21
      11
      14
      19
      22
      17
      14
      13
      16
       8
       6
      14
       8
      10
      20
      15
      16
      14
      10
      18
      16
      13
      12
      11
      19
      15
      15
      17
      14
      13
      14
      14
      11
      14
      10
      17
       9
       9
      16
      23
      15
      13
      15
      15
      12
       9
      14
      12
      15
      21
       9
      15
      10
      12
      14
      16
      12
      26
      20
      10
      16
      26
      18
      12
      17
      13
      19
      20
      24
      24
      12
      17
      19
      13
      14
      18
      12
      18
      14
      21
      28
      34
      28
      13
      32
      30
      28
      24
      16
      19
      15
      16
      13
      19
      12
      14
      14
      18
      16
      13
      20
      21
      11
      12
      12
      12
      13
      16
      16
      12
      19
      13
      11
      15
      13
      12
      15
      17
      16
      10
      20
      15
      11
      14
      15
       8
      14
      11
      16
       8
      16
      16
      12
      11
      17
       8
      17
       9
      15
      12
      11
      18
      13
      18
      10
      15
      11
      21
      14
      21
      15
      17
      13
      16
       9
      16
      13
      19
      11
      18
      14
      15
      13
      12
      14
      10
      14
      13
      17
      10
       9
       7
      10
      13
      11
      20
      18
      18
      23
      16
      10
      12
      16
      13
      16
      18
      11
      12
      14
      18
      19
      18
      19
      27
      30
      29
      28
      40
      50
      37
      28
      15
      17
      17
      18
      14
      16
       9
      10
      12
      19
      14
      13
      16
      15
      16
      14
       8
      11
      16
      13
      11
      19
      13
      10
      12
      10
      13
      18
      11
      13
       9
      13
      16
      12
       8
      13
      12
      11
      15
      12
      13
      16
      11
      16
      14
      11
      16
      19
      25
      16
      13
      14
      14
       8
      13
      12
      12
      11
      19
      13
      19
      21
      14
      13
       9
      19
      11
      16
      17
      18
      13
      13
      12
      18
      16
      12
      14
      10
      11
      10
       4
      16
      11
      18
      19
      13
       6
      12
      12
      15
      13
      22
      11
       9
      12
      12
      15
      12
       9
      16
      11
      14
      11
      13
      16
      15
      15
       8
       8
       7
      13
      19
      12
      11
      12
      17
      13
      16
      16
       9
      22
      13
      12
       7
      13
      12
      13
      17
      14
      15
      17
       6
      14
      17
      12
      14
      15
      15
      18
      16
      15
      10
      14
      11
      13
      10
      11
      20
      13
      22
      26
      16
      17
      11
      17
      16
      15
      10
       7
      16
      17
      14
      15
      11
      18
      12
      18
      11
      22
      16
      15
      19
       8
      13
      18
      11
      17
      16
       8
       5
      13
      12
      10
      11
      14
      10
      11
      17
       9
      15
      20
      19
      13
      12
      10
      10
      12
       9
      11
      13
       8
      11
      13
      17
      10
      13
      12
      12
      11
      10
      13
      16
      15
      13
      17
      16
      18
      21
      19
      19
      28
      20
      21
       8
      16
      19
      12
      12
      13
      11
      14
      12
      18
      10
      15
      10
      11
      14
      10
      16
      16
      10
      15
       8
      10
      12
       7
      17
      13
      11
      16
       9
      10
      13
      11
      12
       6
      19
      14
      11
       8
      13
      11
      14
      18
      16
      12
      17
      17
       7
      14
      12
       8
      17
      20
      12
      10
      12
      13
      14
      11
      10
      17
      14
      11
       7
      12
      13
       8
      11
       6
      14
      21
       8
      11
      16
      10
       7
      12
      13
      13
      19
      14
      11
      13
      13
      11
      19
      11
      10
      10
      14
       9
       9
      12
       6
      10
      17
      11
       8
       7
      19
       9
       8
       9
       9
      15
       8
      12
       6
      12
       9
      12
      13
      11
      12
      10
      21
      13
      10
      11
      18
      15
      10
      12
      13
      12
      10
      14
      12
      10
       9
      16
      15
       8
      11
      14
      13
      14
      14
       6
       7
      12
      13
      11
       5
      11
      14
      12
      18
       9
      13
      18
      13
      11
       6
       8
      18
      14
      12
       8
       9
      13
      12
      13
      15
      14
      11
      12
      10
      11
      10
      13
      10
      12
       9
      10
      17
      18
      14
      12
      13
      13
      19
      17
      17
      11
       8
       8
      14
      13
       9
      11
      13
       8
      11
      15
      18
      25
      17
      15
      26
      15
      21
      23
       7
      19
      19
      12
      16
       8
      10
      10
      14
      10
       9
      13
      11
      17
      13
      14
      13
      11
      14
       8
      13
      18
      13
       8
       8
      11
      11
      13
      15
      14
      11
      10
       9
      10
       9
       9
      10
       6
      12
       7
       7
      15
      14
      10
      11
       6
      10
      11
       7
      10
      12
      11
      10
      15
      15
       7
      10
      10
      15
      11
      10
      11
      10
      13
      11
      14
       9
      11
      15
      11
      11
       9
      13
      10
      16
       7
      12
       8
       7
      13
       8
      10
       7
      15
       9
      11
      11
      10
       9
      14
      13
      12
      13
      12
      12
       9
      14
      12
      17
       7
      13
      16
       8
       7
      14
       5
       6
       8
      10
       8
       9
       5
      14
       3
      15
      12
       9
       4
      10
      14
      12
      11
      14
      11
      13
      14
      12
      12
       9
      15
       6
      14
      14
      15
       8
       8
      10
      10
       5
      14
      15
       8
      12
       8
      12
       8
      10
      11
       7
      13
      12
      12
       8
       4
      11
      16
      11
       8
       6
      14
      10
      13
       9
       8
      17
       8
       6
       6
       7
       7
      10
      10
      17
      12
      12
      12
      12
      10
      19
      11
      16
      11
       6
      11
      13
      10
      12
      12
       9
       3
      12
      12
       6
      14
       9
      17
       9
       8
       8
      10
       4
      13
       7
       9
      11
      13
      10
      13
       7
      17
       8
      12
      14
       6
      10
      13
      21
       4
       7
      16
       8
      18
       7
      11
       7
      15
      18
      18
      12
      13
       7
       7
       6
      13
      12
       8
      11
      10
       9
       7
      15
      21
      14
      16
       9
      11
      13
       8
      18
       6
       8
       6
       7
      15
      11
       9
      18
      11
      12
       9
      11
       8
       6
      12
      10
       4
      15
      16
      14
       8
       6
       9
       8
      11
       7
      16
       5
      10
       6
      11
       9
      11
       6
       9
       9
      13
      11
      13
       9
      12
      13
      12
      13
      13
      11
       9
      13
      13
      10
      13
      13
      11
      11
      12
      14
       8
      15
      12
      12
      13
       9
      12
      12
      16
      12
       7
      12
      12
      15
      16
      16
      10
       6
      12
      13
       8
      10
      10
      12
       9
       7
      12
       8
       9
      10
      14
       7
      14
      15
       8
      10
      11
      15
       9
       7
      11
      11
      12
      14
       4
       7
      10
      12
      10
      16
       8
      12
       9
       7
       9
       9
       8
      11
       7
       9
      14
      13
       7
       7
      10
      13
      10
       8
       9
       8
      17
      13
      10
       8
      10
      12
       9
      18
       6
      13
      12
      10
      10
      11
      13
      10
      12
      13
      11
       9
      11
       9
       6
       9
       6
      12
       5
       7
      10
       6
       7
       9
      16
      12
      19
      10
      15
      13
       5
      13
      16
      18
      13
      14
      14
      13
      13
      15
      11
      10
       5
       6
      13
       7
      11
       9
       9
       9
      11
      15
       9
      13
       9
       5
       6
      11
      10
       9
      10
      12
      10
       3
       8
       8
      10
       9
       4
       8
      10
      15
       8
      16
       9
       7
       9
      11
       9
      13
       7
      11
      11
       9
       7
      15
      12
       9
      10
       8
      16
      13
       5
      12
      10
       4
      10
      14
       6
      10
      13
      10
      11
       8
      13
       9
       8
      13
      17
       6
      12
       9
      16
       9
       6
       6
       3
       4
      14
      12
      13
      11
      17
       8
       7
      11
      13
       9
       9
       7
       3
       9
       7
       7
       7
      11
       6
       8
       6
       9
      11
      10
       8
      10
      12
       7
      14
      10
      11
      16
       7
      10
       6
       6
      12
      11
      13
      11
      13
       6
      11
       7
       8
       4
      11
      11
       7
       6
      11
      11
       9
       9
       6
       7
      14
       8
       9
       8
      13
       8
      11
      10
       8
       8
       7
      10
      19
       8
      11
       6
       4
      17
       8
       6
       9
      12
       8
      10
       7
      15
      11
      14
       5
      10
      10
      11
       9
       5
       7
       4
       5
       9
      12
       8
       8
       9
      12
       6
       6
      14
      10
       6
      13
      12
      10
       4
      11
       3
      10
      16
       9
      11
      13
      10
       6
       9
       4
      11
       7
      11
      14
       4
       9
       8
       9
       8
       8
       5
       6
       9
      12
       6
       9
      11
       6
      11
      10
       5
       5
       7
      12
      11
       6
       7
       5
       7
      11
       4
       5
      12
       5
       8
       8
      12
       7
       7
      12
      11
       9
       7
       6
      13
      13
      16
      17
       6
       7
      14
       5
       8
       7
      13
       7
       8
       6
      11
       7
       4
      11
      10
       9
       8
       7
      16
      10
       6
       4
       6
       2
      11
       9
      11
      15
       8
       7
       6
      10
       9
      10
       9
       7
       7
       8
       7
      10
      12
      11
       6
       4
      13
       8
       6
       6
       9
      12
       9
       6
      12
       6
       4
       8
       9
       9
       6
      15
      11
       8
      10
       7
       9
       8
      10
      12
       9
       7
       9
       5
       6
      14
      18
      13
      13
       8
       9
      14
      10
      11
       6
       9
       9
       5
      11
      12
       6
       9
       8
       9
       9
      15
       7
       9
       4
       4
      14
       5
       9
      10
      12
      15
       8
       7
      10
       9
       6
       7
       6
      14
       7
       8
       7
       7
       5
       7
       9
      11
      16
       9
      11
       9
      15
       9
       6
      12
      10
      10
       9
       5
       9
       7
       2
       6
       8
       0
      13
       7
      10
       7
       7
       8
       8
       6
      10
       7
       5
       5
      11
       9
       9
      10
       4
       6
       7
       8
       8
       6
      11
       7
       9
      10
      12
       4
      11
       6
       8
       7
       7
       9
       4
       9
       7
       5
      10
       7
       9
       9
       8
       7
      10
      10
       7
      12
       5
       4
       7
       5
       7
       8
       7
       6
      13
      11
       7
       8
      10
       4
       3
       4
       8
       9
       6
      15
      18
       9
       9
      12
       9
       7
       7
       2
       7
       7
       6
       6
      14
      13
       5
       6
      16
       3
       9
      13
       8
       6
       9
      11
       6
       9
       6
      13
       7
       8
       3
       7
       7
       8
       9
       7
       6
      11
      18
       7
       9
       8
       9
      11
      11
      14
      15
      12
       8
       5
       7
       5
      12
       8
      10
       5
       9
      12
      10
       9
       7
       5
       5
       8
       6
      12
       5
       8
       3
       7
      16
       7
       6
      11
       5
       9
       8
       3
      15
       6
       8
       6
       5
       8
      13
       7
      10
       7
       5
       7
       8
       6
       6
      10
       4
       6
       9
       4
       5
      11
       9
      11
       8
       7
       9
       5
       5
      11
       5
       6
       8
      12
       4
      12
       5
       8
      12
       9
      10
       6
       6
       5
       5
       7
       8
      11
       3
      11
      15
       9
       7
      10
       9
       7
       8
      10
       4
       7
       3
       6
      13
       4
       8
       8
       6
      12
       7
       9
      10
       4
       9
      13
      11
      11
       5
       7
       8
      12
      10
       8
       5
       6
      14
       7
       7
       6
       9
       7
       7
       6
       7
       7
      11
       5
       8
       9
      12
      11
       4
       7
       7
      10
       2
       7
       6
       5
       3
       3
      14
       8
       4
       5
       6
       8
      10
       9
       7
       8
       8
       3
       8
       4
       5
       5
       7
       8
       6
       7
       7
      12
       7
       7
       9
       6
       6
       4
       6
       6
       9
       9
      11
       9
       7
       9
       8
      14
       7
       7
       4
       6
       7
       4
      11
       5
      11
       5
       8
       7
       7
       5
       6
      12
       4
      10
       3
      13
      10
      10
       9
       5
       4
       3
       4
       8
       6
       3
       7
      11
       8
      12
       6
       7
       7
       4
       7
       3
       7
       5
       6
       0
       7
       4
       8
       9
       5
       3
      10
      10
      10
       6
       4
       6
       6
       9
       8
       9
      10
       2
       4
       7
       7
       2
       5
       7
       7
       4
       8
       6
       4
       8
       6
       7
       4
       1
       5
       4
      12
       4
       3
       4
       7
       9
       3
       6
      12
      10
       6
       9
       8
      10
       7
       7
      10
       8
       4
      12
       7
       7
      11
       9
      15
      18
      11
      26
      30
      53
      29
      48
      42
      49
      39
      49
      43
      37
      29
      26
      24
      19
      11
       5
       9
       4
       9
       5
       4
       4
      10
       8
       3
       5
      14
       8
       3
       7
       8
       7
       5
       6
      10
       3
       7
       6
       7
       9
       5
       6
       2
       7
       8
       4
       6
       8
       4
       8
       4
       7
       9
       5
       4
       7
       1
       6
       9
       9
       8
       4
       7
       8
       3
       6
       8
       4
       9
       2
       6
       9
       3
       4
       4
      11
       4
       8
       7
       3
       6
       8
      13
       7
       7
       5
       5
       9
       7
       6
       9
       2
       4
       6
       0
       7
       7
      11
       4
       5
       3
      10
       4
       8
       1
       7
       3
      11
      10
       8
      10
       6
       9
       3
       8
       7
       6
      12
       5
       6
       3
       6
       8
       5
       4
       6
       9
       6
       7
      11
       4
       6
       9
       8
       8
      10
       6
       6
       6
       7
      10
       8
       9
      11
       8
       3
       6
       6
      10
      11
      15
       5
       6
       3
      11
       8
       3
       6
       8
       9
       5
       8
       6
       2
       4
       8
       3
       9
       6
       5
      10
      14
       7
       6
       6
       9
      10
       8
       8
       8
       9
       3
      14
       7
       8
       6
       7
       8
       3
       8
       9
       7
       4
       4
       5
       9
       5
       6
       5
       5
       7
      12
       7
       7
       5
       4
       8
       4
       6
       6
       9
       7
       3
       5
      10
       9
       9
       7
       8
       2
       6
       8
       7
       4
       6
       4
       4
       6
       4
       4
       6
       5
       8
       6
       6
       4
       4
       8
       8
       5
       6
       6
       4
       5
      10
       6
       8
       6
       7
       5
       5
       5
       4
      12
       6
       5
      10
       5
       4
       4
       6
       3
       3
       5
       9
      12
       6
       4
       7
       7
       7
       8
       2
       5
       1
       6
      10
       5
       5
       3
       2
       7
       3
       9
      11
       6
       5
       8
       1
       3
       6
       7
       5
       4
       4
       9
       3
      11
       5
       7
       4
       4
       6
       8
       5
       6
       4
       7
       4
       4
       8
       3
      11
       4
       7
       5
       5
       7
      10
       6
       3
       7
       7
       4
       9
       6
       5
       6
       6
       5
       6
       7
       3
       8
       5
       6
       3
       6
       2
       8
      10
       5
       5
       6
       7
       5
      11
       6
       5
      15
      10
      16
       6
       6
       6
       8
       3
       2
       5
       2
       7
       5
      15
       5
       6
       3
       7
       6
       7
       4
      11
       6
       3
       6
       4
       5
       5
       5
       7
      11
       8
       6
       4
       6
       9
       8
       9
       8
       4
       4
       7
       5
       7
       6
       4
       3
       3
       4
       5
       3
      10
       6
       5
       4
       5
       6
       6
       3
       6
       6
       6
       7
       1
       7
       4
      10
       5
       5
       4
       6
       4
       5
       5
       6
       7
       9
       5
       4
      10
       3
       6
       8
       8
       6
      10
      14
       9
       7
       8
       5
       7
       2
       6
       6
       8
       6
       7
       5
       7
       6
       1
       2
       5
       6
       7
      10
       5
       6
      10
       1
       7
       7
      11
       6
      10
       7
      11
      11
       4
       7
       6
       9
       3
       8
       7
       9
      12
      11
       6
      16
       4
       4
      12
       4
      10
       3
       9
       4
       8
      10
       7
       3
       5
      14
      10
       6
       1
       6
       6
       5
       8
       4
       7
       3
       2
       3
       6
       6
       2
       4
       3
       6
       6
       7
       4
       7
       6
       5
       6
       6
       4
       4
       3
       5
       2
       7
       8
       7
       8
       3
       8
       6
       3
       7
      10
       7
       6
       3
       8
       2
       5
       4
       6
       4
       2
       8
       6
       7
      15
       7
       5
       7
       7
       9
       2
       3
       4
       5
       7
       5
       4
       3
       3
       6
       5
       4
       3
       2
       6
       5
       4
       7
       8
       9
       5
       7
       3
       3
      10
       6
       7
       4
       6
       7
       3
      10
       1
       7
       5
       2
       4
       3
       6
       8
       3
       6
       1
       5
       3
       7
       4
       3
       3
       5
       6
       4
       4
       4
       5
       6
       7
      12
       6
       6
       6
       9
       2
       2
       4
       9
      10
       9
       5
       3
       5
       5
       4
       5
       5
       7
       8
       2
       4
       3
       7
       4
       4
       5
       9
       2
       2
       2
       3
       4
       7
       2
       8
       9
       4
       3
       4
       4
       5
       2
       2
       4
       6
       6
       4
       7
       0
       8
       3
       5
       9
       3
       7
       2
       5
       6
       7
       4
       3
       5
       2
       5
       5
       5
       7
       3
       4
       3
       4
       8
       5
       7
       5
       3
       6
       6
       3
       3
       4
       2
       3
       5
       1
      12
       4
       6
       3
       5
       5
       4
       4
       3
       5
       6
       4
       9
       3
       6
       3
       8
       7
       4
       7
       6
       3
       4
       7
       8
       4
       9
       7
       8
       6
       8
       3
       4
       5
       5
       8
       3
       2
       5
       3
       7
       5
       5
       6
       3
       7
       5
       4
       3
       9
       0
       5
       6
       3
      10
       5
       5
       5
       2
       7
       4
       2
       6
       5
       8
       5
       3
       8
       5
       3
       4
       3
       4
       1
       3
       7
       3
       7
       7
       7
      10
       1
       4
       2
       4
       3
       5
       6
       4
       3
       3
       7
      12
       8
       2
       3
      10
       4
       3
       5
       5
       3
       2
       5
       5
       3
       5
       4
       6
       6
       2
       4
       1
       6
       6
       5
       9
       2
       5
       6
       5
       2
       5
       3
       3
       5
       2
       6
       3
       5
       7
       5
       5
       6
       5
       1
       4
       2
       6
       3
       9
       7
       3
       6
       4
       8
       5
       6
       2
       6
       5
       3
       8
       5
       5
       6
       7
      12
      10
       5
       6
       7
       4
       1
       8
       8
       1
       6
       6
       5
       5
       6
       3
       4
       1
       5
       5
       5
       7
       2
       4
       3
       6
       5
       5
       4
       6
       5
       6
       6
       5
       8
       3
       3
       5
       5
       4
       5
       6
       7
       2
       3
       5
       7
       3
       4
       5
       6
       5
       3
       1
       6
       6
       2
       6
       8
       8
       2
       4
       5
       5
       2
       4
       0
       9
       2
       7
       0
       4
       5
       9
       5
       2
       4
       4
       4
      12
       2
       1
       1
       1
       7
       9
       3
       7
       3
       6
       3
       3
       5
       3
       7
       6
       4
       6
       9
       6
      10
       7
       6
       4
       3
       6
       9
       1
       9
      11
       7
      13
      11
       6
       8
      10
      13
       7
       1
       3
       3
       7
       5
       8
       8
       5
      11
       5
       6
       5
       8
       0
       5
       2
       9
       5
       3
       3
       4
       6
       1
       1
       5
       4
       5
       4
       4
       7
       4
       5
       5
       7
       2
       3
       5
       4
       3
       4
       6
       2
       1
       2
       5
       4
       7
       8
       3
       3
       4
       4
       3
       3
       6
       2
       2
       6
       4
       4
       4
       6
       4
       3
       7
       5
       5
       2
       6
       4
       1
       2
       4
      11
       4
       7
       4
       3
       4
       2
       6
       7
       2
       3
       2
       5
       8
       7
       1
       3
       4
       1
       1
       5
       4
       6
       4
       2
       4
       2
       1
       7
       7
       1
       9
       2
       1
      10
      10
       8
       5
      15
      12
       6
      10
      12
      13
      17
       8
      13
      13
      10
      15
      10
      14
      12
       5
      10
       6
       1
       6
       8
       7
       3
       5
       7
       7
       9
       5
       1
       6
       4
       4
       5
       0
       2
       5
       4
      10
       7
       2
       7
       6
       4
       5
       7
       2
       3
       8
       7
       4
       1
       6
       3
       7
       5
       4
       3
       1
       4
       6
       2
       3
       7
       2
       5
      10
       2
       5
       5
       6
       4
       5
       5
       5
       8
       5
       1
       3
       5
       4
       4
       4
       2
       5
       3
       2
       1
       4
       2
       7
       7
       6
       3
       3
       5
       2
       4
       1
       3
       5
       2
       7
       1
       7
       6
       2
       7
       6
       5
       5
       3
       5
       7
       3
       2
       5
       6
       6
       3
       1
       6
       3
       6
       2
       6
       6
       3
       3
       2
       4
       4
       6
       6
       4
       2
       2
       2
       4
       1
       3
       8
       3
       4
       5
       3
       4
       5
       4
       3
       5
       4
       1
       3
       7
       4
       4
       7
       4
       4
       1
       4
       8
       5
      12
       2
       3
       1
       1
       5
       6
       4
       4
       6
       7
       7
       3
       1
       3
       6
       2
       5
       2
       4
       1
       4
       4
       3
       4
       1
       5
       7
       5
       1
       4
       6
       3
       4
       2
       5
       2
       4
       4
       5
       5
       5
       6
       6
       5
       4
       9
       1
       6
       5
       5
       3
       5
       4
       5
       7
       5
       4
       7
       4
       4
       6
       2
       3
       3
       2
       3
       5
       7
       5
       4
       6
       2
      11
       5
       5
       4
       1
       5
       8
       6
       5
       9
       2
       7
       6
       4
       7
       3
       3
       6
       4
       2
       1
       3
       7
       2
       4
       5
       4
       3
       4
       3
       2
       5
       6
       8
       3
       4
       5
       3
       4
       4
      10
       8
       8
       3
       3
       5
       7
       3
       4
       2
       3
       7
       4
       3
       5
       2
       6
       4
       3
       3
       6
       2
       6
       6
       5
       7
       3
       7
      10
       4
       5
       4
       2
       7
       3
       3
       8
       0
       8
       2
       2
      10
       5
       6
       3
       6
       3
       6
       7
       1
       4
       3
       4
       5
       4
       8
       3
       7
       2
       3
       2
       4
       2
       8
       6
       4
       0
       4
       3
       3
       2
       4
       4
       2
       3
       5
       1
       7
       5
       8
       6
       3
       1
       1
       2
       4
       5
       2
       6
       3
       6
       3
       3
       3
       2
       1
       4
       7
       6
       4
       5
       7
       4
      10
       1
       6
       3
       6
       2
       2
       2
       5
       6
       7
       3
       7
       2
       0
       6
       3
       4
       6
       3
       3
       0
       2
       2
       4
       3
       4
       8
       7
       6
       6
       6
       3
       5
       8
       3
       4
       6
       4
       2
       2
       2
       2
       4
       2
       4
       6
       2
       3
       7
       5
       6
       7
       3
       3
       3
       5
       3
       4
       5
       5
       3
       5
       7
       8
       2
       6
       9
       2
       4
       2
       4
       7
       3
       4
       7
       2
       1
       6
       3
       2
       3
       2
       7
       5
       5
       3
       4
       4
       4
       3
       5
       4
       6
       5
       5
       4
       8
       2
       5
       2
       1
       6
       4
       3
       2
       7
       3
       2
       6
       6
       3
       6
       3
       3
       4
       1
       3
       2
       5
       7
       5
       2
       4
       5
       8
       4
       0
       2
       7
       1
       5
       6
       3
       5
       4
       4
       6
       5
       2
       2
       4
       4
       5
       7
       3
       3
       3
       2
       7
       3
      10
       3
       5
       5
       9
       2
       3
       2
       3
       4
       3
       0
       3
       6
       5
       4
       4
       4
       4
       0
       2
       1
       2
       3
       5
       6
       6
       5
       5
       2
       4
       3
       2
       6
       3
       0
       3
       4
       3
       4
       7
       2
       4
       5
       5
       3
       1
       6
       5
       6
       1
       0
       5
       1
       2
       1
       4
       1
       2
       4
       3
       2
       7
       8
       4
       5
       2
       1
       4
       7
       7
       3
       8
       5
       5
       5
       7
       3
       2
       4
       4
       3
       7
       3
       5
       6
       0
       5
       1
       5
       3
       5
       2
       3
       3
       2
       9
       3
       6
       9
       4
       3
       3
       2
       2
       7
       5
       1
       2
       4
       6
       5
       3
       4
       3
       3
       2
       0
       6
       4
       2
       7
       5
       6
       3
       4
       5
       4
       1
       2
       3
       4
       1
       0
       6
      10
       2
       6
       3
       2
       9
       5
       5
       4
       2
       1
       6
       4
       8
       8
       6
       1
       5
       7
       1
       5
       2
       6
       4
       1
       4
       8
       6
       3
       2
       8
       0
       5
       7
       3
       4
       2
       5
       4
       3
       5
       2
       3
       5
       3
       4
       3
       3
       4
       3
       3
       2
       3
       4
       6
       1
       2
       5
       2
       3
       4
       5
       4
       5
       1
       3
       4
       2
       7
       5
       5
       2
       4
       2
       4
       2
       5
       4
       7
       3
       3
       2
       3
       3
       4
       5
       3
       1
       6
       6
       1
       6
       0
       4
       1
       1
       6
       3
       8
       3
       4
       2
       2
       1
       3
       5
       3
       2
       4
       4
       6
       2
       1
       4
       4
       2
       2
       1
       3
       8
       5
       5
       1
       7
       3
       5
       6
       3
       4
       2
       3
       6
       3
       1
       0
       3
       3
       4
       3
       3
       2
       2
       3
       4
       5
       7
       4
       3
       6
       3
       1
       5
       3
       2
       1
       8
       2
       2
       7
       3
       1
       4
       1
       1
       5
       2
       3
       1
       2
       2
       1
       5
       1
       4
       4
       2
       4
       5
       2
       2
       2
       3
       4
       6
       6
       7
       2
       4
       7
       2
       2
       4
       1
       1
       5
       7
       1
       5
       4
       4
       8
       5
       2
      10
       5
       4
       3
       4
       2
       3
       3
       1
       3
       4
       2
       1
       4
       3
       3
       5
       2
       3
       2
       4
       6
       1
       2
       6
       6
       3
       2
       3
       1
       9
       1
       5
       1
       8
       2
       2
       7
       4
       6
       5
       4
       1
       4
       2
       5
       5
       2
       4
       6
       1
       4
       4
       4
       5
       1
       0
       1
       4
       5
       1
       5
       1
       3
       3
       4
       5
       2
       6
       3
       0
       3
       1
       3
       4
       4
       3
       3
       3
       8
       4
       4
       4
       4
       6
       3
       5
       6
       3
       5
       3
       2
       4
       6
       5
       3
       2
       2
       4
       1
       2
       4
       2
       5
       2
       2
       2
       5
       7
       3
       1
       2
       6
       2
       3
       0
       3
       1
       7
       1
       3
       1
       3
       5
       6
       0
       2
       4
       5
       4
       5
       3
       2
       5
       2
       3
       4
       2
       8
       2
       3
       4
       4
       2
       2
       3
       5
       2
       4
       5
       2
       4
       2
       3
       1
       2
       8
       4
       1
       2
       4
       2
       1
       4
       1
       1
       5
       4
       5
       7
       3
       1
       2
       6
       0
       4
       3
       3
       3
       1
       2
       0
       0
       2
       1
       2
       5
       5
       3
       4
       8
       2
       1
       2
       2
       4
       3
       3
       4
       2
       2
       2
       5
       7
       2
       1
       3
       3
       1
       3
       5
       5
       3
       1
       4
       3
       3
       6
       5
       5
       5
       2
       3
       4
       9
       6
       4
       5
       2
       4
       2
       5
       5
       1
       4
       4
       1
       4
       4
       6
       2
       4
       4
       3
       0
       5
       2
       4
       3
       2
       3
       4
       3
       3
       3
       7
       2
       5
       1
       2
       7
       4
       2
       3
       3
       2
       2
       3
       5
       1
       1
       4
       3
       3
       1
       2
       4
       4
       3
       3
       4
       3
       4
       4
       3
       2
       4
       3
       5
       4
       7
       1
       4
       5
       3
       7
       4
       3
       6
       4
       0
       3
       5
       7
       3
       0
       4
       2
       2
       2
       5
       5
       0
       3
       3
       4
       4
       3
       5
       4
       3
       4
       4
       5
       2
       2
       0
       5
       3
       5
       3
       2
       1
       1
       6
       0
       4
       2
       6
       4
       2
       6
      12
       3
       2
       3
       5
       7
       3
       4
       6
       6
       5
       8
       4
       3
       5
       8
       8
       7
       2
       2
       5
       4
       3
       4
       4
       1
       4
       6
       1
       9
       6
       2
       6
       2
       1
       3
       4
       8
       4
       0
       1
       4
       6
       3
       2
       3
       4
       3
       2
       0
       3
       6
       4
       0
       1
       4
       2
       2
       7
       2
       5
       4
       6
       2
       2
       5
      10
       3
       7
       5
       4
       6
       7
       4
       1
       1
       2
       5
       3
       2
       5
       5
       1
       5
       3
       2
       4
       1
       4
       6
       3
       2
       0
       4
       1
       2
       1
       2
       4
       4
       4
       1
       3
       2
       5
       2
       6
       5
       6
       1
       2
       2
       3
       6
       2
       4
       1
       3
       4
       3
       2
       1
       7
       2
       2
       3
       3
       1
       1
       4
       4
       3
       3
       4
       2
       1
       2
       3
       3
       2
       2
       0
       2
       4
       3
       0
       0
       3
       7
       3
       7
       2
       5
       3
       1
       2
       1
       1
       4
       1
       5
       1
       2
       2
       2
       1
       1
       3
       2
       3
       2
       4
       3
       3
       5
       5
       3
       2
       5
       2
       2
       3
       3
       4
       5
       3
       3
       2
       3
       7
       8
       4
       4
       2
       6
       0
       7
       4
       3
       3
       4
       3
       1
       6
       3
       5
       7
       5
       5
       2
       1
       6
       5
       2
       5
       4
       8
       3
       4
       3
       3
       3
       8
       3
       0
       1
       6
       3
       2
       3
       3
       6
       2
       3
       4
       2
       3
       2
       3
       4
       3
       2
       2
       3
       3
       1
       2
       6
       4
       0
       2
       2
       3
       3
       5
       2
       3
       2
       6
       2
       4
       2
       5
       5
       4
       4
       6
       3
       5
       3
       5
       5
       2
       5
       4
       4
       5
       7
       1
       4
       2
       7
       4
       2
       5
       4
       5
       2
       3
       3
       5
       2
       4
       2
       3
       3
       3
       5
       5
       2
       4
       4
       3
       2
       2
       5
       2
       7
       4
       3
       3
       4
       4
       1
       4
       3
       3
       3
       3
       1
       4
       4
       4
       2
       4
       3
       3
       3
       1
       1
       3
       2
       2
       6
       5
       4
       1
       2
       2
       0
       3
       1
       4
       5
       6
       1
       1
       5
       3
       6
       5
       1
       1
       4
       3
       4
       9
       2
       4
       4
       3
       8
       5
       8
       9
      10
       5
       9
       8
       7
       5
      11
       3
       4
       9
       6
       4
       3
       6
       5
       3
       2
       4
       3
       5
       3
       1
       2
       3
       2
       3
       3
       5
       4
       2
       3
       2
       5
       6
       0
       2
       1
       3
       5
       2
       5
       5
       1
       4
       0
       6
       3
       5
       3
       1
       3
       4
       1
       2
       4
       2
       5
       0
       4
       3
       3
       2
       5
       5
       3
       0
       3
       3
       4
       4
       8
       2
       5
       1
       4
       2
       3
       4
       3
       5
       1
       2
       4
       2
       1
       3
       1
       2
       7
       6
       3
       0
       4
       5
       3
       2
       1
       4
       3
       0
       2
       6
       1
       6
       7
       2
       3
       9
       2
       7
       5
       6
       4
       1
       2
       1
       3
       0
       4
       3
       3
       1
       3
       8
       3
       4
       5
       2
       2
       4
       4
       2
       4
       2
       2
       4
       1
       1
       3
       1
       5
       3
       5
       2
       6
       1
       2
       3
       2
       5
       3
       5
       0
       2
       5
       4
       0
       2
       4
       6
       2
       2
       2
       3
       1
       5
       1
       1
       3
       6
       3
       2
       2
       0
       4
       4
       4
       5
       5
       2
       5
       2
       2
       3
       0
       0
       0
       0
       0
       0
       0
       0
       0
       0
       0
       0
       0
       0
       0
       0
       0
       0
       0
       0
       0
       0
       0
       0
       0
       0
       0
       0
       0
       0
       0
       0
       0
       0
       0
       0
       0
       0
       0
       0
       0
       0
       0
       0
       0
       0
       0
       0
       0
       0
       0
       0
       0
       0
       0
       0
       0
       0
       0
       0
       0
       0
       0
       0
       0
       0
       0
       0
       0
       0
       0
       0
       0
       0
       0
       0
       0
       0
       0
       0
       0
       0
       0
       0
       0
       0
       0
       0
       0
       0
       0
       0
       0
       0
       0
       0
       0
       0
       0
       0
       0
       0
       0
       0
       0
       0
       0
       0
       0
       0
       0
       0
       0
       0
       0
       0
       0
       0
       0
       0
       0
       0
       0
       0
       0
       0
       0
       0
$ROI:
0
$PRESETS:
None
0
0
$ENER_FIT:
-2.173939 0.279251
$MCA_CAL:
3
-2.173939E+000 2.792507E-001 0.000000E+000 keV
$SHAPE_CAL:
3
1.571259E+001 -1.155430E-003 0.000000E+000
