$SPEC_ID:
226Ra
$SPEC_REM:
DET# 1
DETDESC# MCB 132 Input 1
AP# Maestro Version 6.06
$DATE_MEA:
01/30/2022 16:52:26
$MEAS_TIM:
155431 155443
$DATA:
0 8191
       0
       0
       0
       0
       0
       0
       0
       0
       0
       0
       0
       0
       0
       0
       0
       0
       0
       0
       0
       0
       0
       0
       0
       0
       0
       2
    2180
   12167
     811
     363
     321
     297
     333
     370
     383
     354
     342
     357
     353
     355
     325
     401
     457
     420
     345
     304
     276
     227
     259
     262
     270
     250
     271
     242
     282
     219
     218
     212
     222
     171
     210
     199
     209
     181
     184
     194
     202
     187
     182
     184
     178
     192
     166
     185
     170
     170
     168
     162
     139
     156
     145
     162
     154
     171
     132
     145
     157
     142
     164
     151
     139
     142
     142
     146
     145
     137
     150
     159
     123
     129
     141
     124
     138
     136
     139
     141
     130
     101
     128
     120
      98
     132
     117
     129
     116
     111
     111
     129
      99
     133
     109
     107
     106
      99
     101
     111
     124
      95
     108
     109
     121
      86
     115
     105
     102
     101
     105
     113
     109
     114
      92
      98
      86
      97
     106
      97
     107
      86
     105
     105
      99
      79
     106
      89
     101
      97
      82
     107
      90
      91
     100
      99
      92
     102
      98
     105
      99
      93
      83
     105
     111
     137
     197
     231
     175
     129
      95
      79
      80
      87
     101
      87
     106
      79
      84
     103
      91
      99
     109
      84
      97
      92
      94
      97
      98
      88
     105
     109
     122
     131
      85
     119
     105
      87
      87
      99
      97
      94
      95
      88
     101
      93
      93
      93
      83
     117
      97
      99
     116
     123
     130
     125
     108
     103
      90
      94
     108
      97
      92
     121
     136
     166
     269
     268
     251
     169
     119
     100
     114
      96
     107
     102
      99
      94
      94
     122
     107
     104
      90
      99
     108
      98
     101
      94
     114
     121
     119
     119
     107
     119
     131
     122
     106
     122
      96
     135
     130
     151
     147
     141
     131
     116
     128
     164
     211
     226
     184
     140
     100
     100
     143
     124
     131
     138
     158
     111
     107
     109
     109
     136
     114
     114
     125
      99
     111
     115
     109
     131
     125
     146
     110
     113
     116
     118
     123
     124
     177
     174
     172
     193
     168
     151
     146
     120
     111
     123
     130
     126
     161
     147
     135
     109
     121
     134
      94
     118
     110
     116
     128
     114
     130
     112
     133
     131
     133
     225
     353
     530
     549
     501
     365
     196
     180
     131
     136
     137
     123
     114
     105
     121
     101
     110
     115
     101
      92
     108
     110
     133
     119
     135
     138
     117
     100
     106
     117
     104
     101
     112
     120
     107
     105
     119
     137
     109
     107
      91
      98
     110
     108
     111
     106
     115
     104
     111
     110
     128
     102
     120
     117
     110
     101
     114
     111
     121
     109
     111
     119
     109
     113
     135
     116
     118
     117
     120
     129
     108
     123
     117
     121
     144
     123
     128
     116
     126
     117
     118
     121
     116
     105
     119
     104
     116
     105
     115
     122
     105
     113
     114
     113
     127
     115
     129
     116
     118
     121
     103
     128
     111
     119
     115
     117
     130
     102
     112
     120
     104
     122
      97
     112
     121
     134
     136
     119
     106
     138
     100
     109
     109
     112
     115
     113
     118
     110
     119
     124
     128
     125
     145
     111
     132
     101
     113
     116
     126
     100
     130
     129
     107
     140
      96
     132
     106
     103
     115
     113
     129
     121
     108
     131
     114
     121
     122
     120
     123
     122
     123
     128
     128
     101
     105
     107
     114
     106
     129
     131
     110
     120
     123
     125
     123
     127
     104
     129
     136
     108
     112
     105
     118
     135
     137
     200
     159
     157
     158
     143
     132
     109
     121
     117
     118
     125
     108
     105
     116
      91
      93
     132
     111
     114
     104
     107
     113
     130
     113
     112
     113
     106
     128
     110
     102
     125
      90
     109
     106
     127
     128
     124
     115
     109
     133
     115
     116
     127
     101
     126
     124
     122
     101
     105
     110
     113
     110
      96
      90
     122
     123
     120
     120
     145
     111
     155
     111
      87
     114
     116
     119
     112
     114
     120
     136
     128
     149
     119
     123
     138
     120
     101
      98
     101
     121
     115
     119
      97
     105
     130
      98
     113
     120
      97
     126
     100
     104
     110
     112
     107
     101
     115
     104
     122
      99
     108
     103
     125
     121
     124
     115
     130
     104
      86
     107
     115
     113
     125
     116
     105
     139
     129
      92
      95
     105
      99
     110
     115
      94
     112
     115
     127
     103
     117
     104
     117
     118
     113
     139
     105
     105
     106
     100
     131
     102
     114
     120
     103
     104
     108
     107
     109
     116
     146
     200
     308
     459
     470
     385
     246
     156
     131
     103
      86
     122
      91
     119
     101
     108
     105
     103
      99
      99
      94
     107
     109
      87
     111
     115
     114
     127
     121
      97
     104
      97
     113
      95
     102
     109
     118
      89
     100
     108
     119
      91
     103
      93
     107
     102
     108
     126
     128
     108
     109
     112
     123
     114
      99
      91
      98
      95
     103
     106
     120
     116
     102
     115
     102
      82
     110
     100
      97
     101
      99
      87
     115
     127
     124
     119
     128
     122
      92
     112
      96
      95
      84
     100
     107
     114
      96
     108
     109
     107
      96
      99
     102
      98
      90
      96
     110
      89
      91
      84
     103
     107
      92
      89
      76
      82
      96
     107
     102
     101
      75
      90
      87
     106
      89
      82
     104
     103
     100
      97
      78
      94
      86
      91
      89
      90
      76
      82
      98
     105
     104
      84
      92
      87
     103
      91
     106
     107
      92
     101
      98
     106
      77
      86
      97
      87
      81
     113
      97
      94
      85
      90
      86
      84
      94
     103
      86
      84
      85
      90
     113
      86
      81
     100
      94
      92
      83
      78
      93
      77
      86
      74
      97
      89
      77
      71
      81
      89
      97
      85
      84
      95
      96
     101
      87
     107
      82
      94
      90
      77
     123
     137
     193
     223
     219
     187
     129
     111
      88
      74
      92
      88
     105
      94
      93
      83
      92
      86
      81
      82
      79
      79
      80
      97
      77
      86
      86
      77
      96
      77
      73
      88
      77
      73
      78
      83
      84
      76
      82
      68
      76
      79
      80
      95
      71
      88
      78
      81
      85
      80
      86
      86
      87
      64
      93
      78
      76
      85
     105
      97
      83
      92
      78
      80
      66
      91
      63
      76
      65
      85
      73
      81
      80
      98
     104
      76
      78
      72
      85
      70
      82
      75
      80
      60
      91
      76
      80
      91
      83
      88
      77
      54
      66
      85
      92
      80
      77
      87
      75
      82
      80
      75
      75
      66
      64
      77
      89
      81
      72
      77
      59
      72
      71
      86
      73
      92
      67
      84
      82
      80
      70
      85
      77
      78
      60
      83
      76
      83
      89
      81
      90
      59
      90
      71
      82
      64
      73
      66
      91
      82
      78
      85
      80
      88
      87
      92
      72
      82
      59
      86
      69
      67
      65
      84
      78
      60
      63
      79
      72
      64
      70
      69
      91
      71
      78
      60
      58
      86
      63
      71
      63
      56
      69
      79
      65
      69
      70
      70
      59
      66
      75
      66
      54
      81
      68
      70
      57
      66
      69
      57
      65
      68
      84
      66
      67
      57
      61
      60
      71
      58
      72
      71
      61
      75
      57
      75
      84
      98
      76
      72
      58
      75
      69
      67
      58
      77
      50
      61
      79
      67
      75
      77
      70
      72
      91
      79
      69
      55
      59
      64
      53
      67
      61
      76
      65
      81
      56
      75
      52
      71
      64
      56
      74
      73
      53
      66
      54
      61
      63
      63
      59
      67
      65
      68
      69
      67
      60
      57
      62
      67
      80
      72
      63
      59
      62
      43
      57
      63
      51
      53
      68
      54
      56
      70
      65
      58
      74
      69
      61
      59
      59
      63
      69
      58
      54
      67
      50
      53
      75
      56
      60
      77
      72
      48
      56
      65
      73
      47
      82
      77
      60
      60
      60
      51
      64
      63
      59
      59
      67
      51
      62
      73
      60
      67
      63
      50
      74
      74
      64
      55
      55
      72
      75
      61
      61
      76
      66
      66
      53
      61
      54
      62
      59
      53
      53
      56
      47
      63
      49
      52
      68
      66
      67
      71
      66
      63
      65
      63
      59
      48
      63
      58
      54
      62
      59
      63
      55
      72
      68
      71
      68
      91
      86
      58
      50
      61
      63
      51
      70
      60
      63
      56
      68
      56
      58
      66
      65
      67
      70
      65
      53
      51
      48
      54
      62
      47
      65
      54
      49
      62
      56
      54
      65
      73
      46
      69
      44
      45
      48
      46
      57
      49
      50
      54
      59
      72
      55
      72
      61
      92
      71
      56
      60
      61
      64
      46
      69
      38
      51
      53
      50
      64
      51
      56
      56
      52
      59
      55
      60
      42
      51
      65
      56
      55
      56
      53
      65
      57
      54
      56
      47
      63
      66
      56
      60
      50
      55
      50
      62
      56
      47
      50
      46
      52
      55
      51
      56
      48
      64
      47
      45
      47
      61
      59
      45
      43
      66
      42
      56
      61
      57
      56
      43
      50
      51
      44
      55
      54
      55
      50
      51
      53
      62
      60
      44
      39
      55
      50
      56
      52
      55
      49
      52
      48
      48
      53
      48
      52
      57
      48
      51
      48
      58
      54
      47
      45
      41
      44
      45
      48
      68
      53
      48
      46
      45
      53
      43
      49
      52
      50
      50
      42
      50
      53
      58
      57
      50
      46
      58
      59
      63
      48
      52
      40
      37
      37
      40
      48
      42
      51
      57
      54
      56
      61
      54
      51
      53
      44
      53
      33
      60
      47
      54
      45
      53
      50
      42
      48
      49
      45
      58
      46
      49
      49
      50
      63
      47
      49
      52
      39
      54
      45
      34
      56
      56
      57
      43
      48
      54
      42
      40
      51
      54
      43
      50
      44
      49
      58
      45
      36
      53
      49
      48
      58
      54
      47
      60
      44
      41
      38
      56
      45
      42
      54
      53
      37
      38
      45
      63
      57
      44
      57
      49
      47
      57
      44
      41
      58
      49
      61
      39
      52
      61
      46
      39
      59
      39
      41
      32
      50
      37
      48
      40
      46
      45
      47
      42
      39
      49
      39
      53
      54
      39
      50
      36
      45
      49
      48
      45
      43
      43
      51
      53
      45
      52
      46
      38
      51
      46
      42
      55
      49
      49
      46
      49
      48
      50
      51
      42
      49
      51
      40
      41
      50
      48
      45
      50
      42
      41
      56
      50
      38
      49
      42
      47
      40
      54
      52
      61
      42
      41
      46
      48
      47
      44
      48
      47
      53
      80
     103
     192
     248
     292
     279
     232
     158
     106
      68
      60
      38
      44
      40
      47
      57
      45
      44
      44
      39
      39
      30
      49
      37
      49
      34
      50
      41
      39
      41
      43
      44
      45
      46
      40
      43
      31
      44
      50
      49
      32
      46
      44
      35
      37
      49
      42
      35
      45
      46
      39
      37
      44
      38
      34
      26
      55
      50
      40
      35
      44
      41
      43
      52
      34
      48
      33
      49
      41
      31
      41
      41
      45
      30
      33
      42
      38
      40
      36
      46
      31
      36
      44
      31
      41
      42
      44
      30
      47
      44
      36
      44
      45
      38
      39
      44
      43
      46
      40
      42
      36
      29
      35
      34
      34
      46
      36
      37
      57
      52
      34
      50
      34
      40
      34
      42
      39
      45
      46
      46
      33
      30
      44
      62
      41
      41
      23
      32
      35
      53
      30
      41
      35
      50
      45
      30
      43
      45
      44
      35
      32
      42
      46
      37
      39
      47
      34
      45
      44
      42
      43
      31
      30
      32
      38
      35
      41
      40
      28
      41
      41
      50
      48
      30
      29
      36
      40
      36
      42
      26
      38
      42
      36
      30
      30
      37
      37
      42
      34
      36
      37
      36
      37
      42
      37
      41
      35
      34
      47
      43
      30
      28
      26
      45
      32
      36
      40
      32
      36
      37
      34
      36
      33
      40
      28
      35
      32
      49
      36
      31
      37
      42
      41
      50
      33
      42
      31
      35
      33
      15
      37
      35
      41
      44
      30
      28
      35
      27
      30
      36
      32
      40
      29
      41
      39
      30
      38
      36
      40
      33
      35
      34
      34
      35
      35
      39
      37
      25
      36
      30
      46
      39
      45
      40
      28
      35
      32
      32
      36
      32
      36
      35
      35
      34
      40
      30
      24
      43
      41
      50
      54
      55
      62
      87
     100
     156
     184
     181
     230
     232
     280
     270
     224
     205
     203
     135
     109
      92
      79
      74
      35
      47
      34
      33
      41
      30
      44
      36
      29
      31
      28
      37
      42
      30
      37
      33
      41
      40
      27
      34
      31
      45
      32
      38
      29
      39
      33
      34
      22
      27
      25
      39
      27
      37
      28
      24
      21
      32
      31
      32
      29
      27
      33
      37
      36
      24
      32
      31
      16
      36
      32
      29
      33
      24
      30
      23
      27
      30
      33
      43
      35
      32
      38
      33
      22
      35
      22
      32
      27
      34
      30
      25
      30
      31
      27
      29
      36
      31
      33
      33
      24
      32
      40
      30
      30
      26
      35
      28
      33
      28
      28
      32
      33
      22
      25
      41
      29
      38
      20
      28
      32
      21
      27
      36
      33
      33
      33
      18
      25
      32
      29
      25
      32
      22
      27
      36
      24
      28
      28
      31
      33
      19
      35
      31
      26
      33
      41
      31
      32
      36
      29
      36
      26
      31
      37
      25
      32
      37
      23
      34
      17
      28
      22
      32
      31
      24
      20
      23
      25
      43
      29
      23
      29
      16
      34
      27
      24
      33
      30
      32
      27
      31
      28
      29
      35
      26
      36
      24
      30
      30
      28
      30
      28
      41
      25
      26
      20
      34
      23
      26
      38
      20
      28
      20
      16
      28
      29
      24
      31
      39
      26
      22
      20
      28
      42
      31
      26
      37
      38
      38
      58
      52
      57
      48
      42
      24
      36
      23
      17
      30
      28
      35
      34
      19
      24
      15
      31
      24
      28
      28
      33
      31
      18
      31
      24
      19
      29
      30
      38
      29
      21
      27
      19
      33
      25
      26
      17
      32
      30
      17
      29
      26
      27
      25
      34
      41
      51
      51
      50
      68
      59
      47
      37
      42
      29
      38
      37
      25
      31
      22
      25
      20
      33
      26
      39
      21
      28
      25
      25
      14
      25
      26
      28
      31
      22
      35
      29
      31
      26
      19
      37
      32
      28
      29
      23
      25
      33
      24
      24
      26
      26
      33
      32
      25
      34
      32
      39
      37
      35
      25
      31
      25
      20
      30
      26
      40
      33
      40
      21
      35
      31
      29
      34
      26
      34
      30
      24
      20
      34
      32
      35
      24
      39
      32
      30
      33
      24
      23
      16
      29
      31
      39
      20
      22
      22
      18
      24
      33
      27
      44
      37
      31
      61
      39
      36
      34
      28
      18
      15
      16
      29
      26
      25
      28
      31
      60
      83
     113
     145
     170
     184
     182
     141
     111
      65
      34
      41
      22
      24
      25
      26
      24
      25
      22
      32
      19
      22
      31
      27
      22
      26
      21
      22
      34
      21
      16
      24
      25
      26
      30
      19
      13
      26
      27
      20
      30
      20
      22
      16
      18
      25
      20
      26
      20
      20
      22
      25
      17
      29
      20
      22
      16
      21
      24
      30
      23
      22
      23
      26
      20
      24
      17
      26
      15
      20
      20
      11
      22
      18
      18
      22
      27
      27
      24
      17
      16
      19
      20
      14
      30
      25
      26
      25
      30
      18
      26
      18
      23
      17
      20
      30
      21
      24
      19
      24
      15
      20
      23
      19
      26
      22
      32
      23
      27
      21
      25
      21
      17
      26
      26
      27
      31
      26
      26
      21
      12
      37
      22
      22
      24
      26
      19
      28
      34
      20
      21
      23
      23
      20
      24
      24
      18
      25
      24
      17
      26
      19
      13
      15
      22
      21
      24
      22
      23
      16
      17
      27
      20
      19
      18
      25
      21
      21
      19
      21
      21
      15
      20
      28
      34
      33
      37
      31
      39
      47
      81
     114
     178
     227
     265
     232
     188
     169
     117
      70
      45
      28
      20
      29
      25
      31
      17
      21
      16
      26
      16
      19
      19
      15
      21
      21
      21
      15
      20
      22
      22
      28
      22
      28
      30
      23
      16
      18
      18
      22
      24
      16
      22
      13
      22
      30
      21
      19
      25
      28
      13
      20
      22
      22
      19
      27
      19
      20
      23
      23
      13
      14
      17
      21
      21
      16
      15
      14
      23
      27
      18
      24
      17
      19
      21
      19
      18
      27
      23
      24
      23
      15
      20
      22
      29
      37
      17
      25
      19
      27
      22
      15
      30
      23
      19
      19
      15
      26
      14
      21
      17
      17
      16
      30
      22
      19
      20
      17
      25
      18
      14
      28
      21
      14
      28
      24
      35
      35
      21
      29
      27
      28
      32
      16
      21
      28
      19
      30
      26
      24
      23
      22
      28
      25
      18
      17
      20
      22
      30
      15
      29
      17
      23
      29
      21
      22
      30
      19
      23
      18
      23
      32
      27
      24
      26
      19
      24
      19
      18
      19
      25
      20
      20
      17
      25
      19
      21
      27
      19
      15
      14
      24
      20
      22
      21
      16
      20
      27
      16
      22
      22
      24
      20
      16
      24
      17
      27
      17
      18
      22
      18
      26
      23
      18
      18
      23
      20
      26
      23
      26
      20
      24
      26
      22
      20
      18
      16
      26
      19
      23
      13
      11
      26
      23
      17
      22
      23
      22
      27
      54
      84
     110
     139
     171
     164
     144
     118
      89
      50
      32
      33
      32
      24
      23
      14
      22
      17
      36
      26
      29
      23
      22
      18
      23
      19
      30
      13
      21
      25
      16
      22
      21
      26
      18
      21
      23
      25
      13
      24
      26
      19
      22
      26
      19
      24
      24
      21
      16
      17
      17
      21
      14
      29
      19
      22
      22
      20
      21
      18
      22
      15
      18
      18
      16
      22
      18
      15
      15
      23
      17
      23
      28
      18
      18
      18
      19
      15
      19
      27
      32
      20
      22
      19
      18
      22
      25
      20
      21
      19
      12
      26
      21
      19
      17
      16
      19
      13
      17
      12
      16
      19
      19
      16
       8
      20
      20
      20
      12
      30
      21
      18
      29
      23
      13
      16
      13
      16
      25
      26
      21
      20
      31
      18
      18
      10
      18
      13
      22
      14
      16
      19
      16
      24
      16
      23
      19
      20
      19
      23
      20
      12
      19
      15
      22
      17
      21
      21
      14
      13
      24
      16
      16
      11
      26
      16
      22
      11
      28
      35
      32
      23
      21
      18
      18
      27
      16
      16
      20
      18
      14
      24
       9
      20
      13
       9
      16
      26
      13
      19
      22
      25
      21
      19
      14
      17
      23
      20
      11
      19
      14
       8
      18
      17
      13
      17
      24
      17
      13
      15
      15
      17
      16
      13
      22
      14
      25
      12
      16
      17
      20
      17
      16
      17
      13
      21
      12
      19
      15
      14
      19
      14
      18
      17
      16
      17
      17
      17
      26
      23
      23
      29
      30
      17
      21
      15
      20
      23
      14
      13
      17
      12
      13
      16
      10
      18
      10
      22
      14
      22
      20
      11
      20
      11
      18
      21
      20
      22
      17
      23
      23
      24
      16
      14
      25
      15
      12
      17
      24
      14
      17
      16
      15
      20
      21
      14
      21
      14
      19
      26
      19
      25
      15
      22
      22
      25
      13
      15
      19
      16
      17
      27
      19
      23
      20
      15
      23
      24
      19
      20
      10
      18
      19
      19
      11
      19
      15
      16
      16
      19
      18
      18
      15
      11
      22
      23
      15
      10
      12
      15
      25
      14
      13
      13
      20
      14
      21
      16
      18
      16
      12
      15
      21
      13
      12
      17
      16
      16
      24
      19
      14
      11
       9
      12
      18
      14
      16
      20
      15
      15
      19
      15
      14
      28
      12
      17
      16
      18
      19
      15
      16
      18
      17
      15
      21
      18
      10
      23
      10
      12
      22
      18
      20
      15
      12
       8
       9
       9
      21
      15
      19
      19
      28
      12
      18
      15
      15
      19
      15
      22
       8
      10
      15
      22
      19
      14
      10
      24
      15
      11
      15
      16
      22
      17
      12
      14
      14
      10
      16
      15
      26
      20
      29
      18
      21
      12
      19
      15
      17
      19
      17
      16
      14
      20
      22
      11
      17
      17
      17
      27
      15
      15
      16
      20
      23
      15
      17
      21
      14
      16
      20
      19
      20
      14
      17
      11
      17
      11
       8
      18
       9
      17
      12
      17
      19
      11
      19
      16
      21
      15
      12
      12
      12
      19
      11
      15
      14
      18
      17
      19
      11
      16
      18
      14
      16
      16
      19
      12
      13
      16
      15
      13
      14
      14
      18
      17
      17
      16
      13
      11
      21
      17
      21
      12
      15
      17
      23
      20
      14
      15
      20
      21
      17
      11
      17
       9
      13
      13
      15
      12
       9
      14
      16
      17
      16
      15
      14
      23
      12
      11
      24
      15
      19
      17
      19
      12
      23
      13
      19
      15
      18
      14
      18
      15
      17
      12
      16
      15
      13
      16
      16
      11
      19
       7
      17
      16
      14
      21
      18
      21
      11
      16
      14
      20
      16
      15
      14
      13
      13
      14
       6
      13
       7
      10
      11
      16
      20
      21
      16
      20
      13
       5
      21
      16
      22
      13
      13
      17
      14
      11
      11
      18
      20
      19
      21
      16
      13
      18
      11
      11
      16
      10
      15
      16
      12
       7
      17
      14
      17
      19
      19
      12
      10
      14
      12
      11
      10
      13
      17
      17
      20
      15
      12
      12
      15
      20
      13
      16
      12
       7
      19
      13
      15
      18
      17
      15
      13
       8
      15
      13
      16
      16
      26
      13
       7
      15
      18
      11
      22
      17
      16
      15
      16
      14
      15
      22
      12
      17
      19
      17
      12
      12
      10
      15
      10
      14
      14
       9
      12
      10
      11
      15
      10
      22
      15
       9
      10
      16
      10
      17
      15
      16
      17
      14
      27
      24
      32
      30
      30
      36
      32
      33
      23
      22
      23
      16
      17
       9
      15
       8
      13
      15
      11
      12
      17
      13
      18
      10
      14
      10
      12
      18
      15
       6
      18
      16
      13
       9
      10
       9
      15
      15
      17
      13
       8
      17
      12
      16
      15
      11
      15
      13
      13
      23
      13
      16
      12
      12
      14
      14
      18
      16
      10
      13
      16
      11
      18
      10
      21
       9
      13
      18
      19
      16
      15
      10
      12
      15
      11
      10
      14
      11
       7
      14
      14
      12
      16
      13
      17
       8
      19
      13
      13
      22
      14
      10
      14
      15
       8
       8
      11
      13
       6
      23
      16
      17
      15
      13
       8
      11
      18
      14
      14
      13
       7
      19
      10
      10
      15
      13
      10
      13
      14
      10
      15
      10
      14
      14
      14
      13
      15
      18
      11
      13
      12
      12
       3
      12
       9
      17
       9
      22
      10
      15
      11
       9
      22
      13
      13
      14
      11
      19
      13
      16
       5
      12
      10
      11
      10
      16
      12
      17
       5
      15
      17
       8
      16
      13
      10
      10
      10
      11
      17
      10
      17
      10
      10
      13
      15
      10
      21
      15
      14
      16
      13
       8
      13
      13
      11
      17
      24
      14
      15
      17
      19
       8
       8
       7
       9
      11
      14
      20
      20
      14
      14
      16
      16
      15
       8
      15
      19
      16
      20
      23
      17
      22
      18
      26
      18
      11
      30
       7
      15
      16
      15
      11
      12
      12
      12
      15
      12
      13
      18
      22
      12
      10
      13
      13
      17
      14
      15
      17
      16
      16
      12
      14
       9
      11
      11
      10
      17
      12
      11
      10
      10
      14
      14
      15
      15
      17
      11
      15
       8
      17
      11
      17
       9
      14
      17
      18
      16
       7
      17
      13
      10
      15
       8
      17
      17
      12
      15
       7
      15
      12
      11
      12
      12
      14
      17
       5
      17
      15
      10
      16
      12
      11
      10
      13
      11
      13
      10
      14
       6
      14
       7
      13
      12
      17
      21
      12
       4
      11
      20
      14
      13
       8
      11
       8
      14
      12
       8
      12
      17
      26
       5
      18
      18
      18
      23
      19
      32
      42
      30
      30
      13
      19
      11
      16
       9
      16
       9
      12
      15
      12
      17
      15
      16
      12
       7
       9
      11
       8
      13
      13
      10
      15
       5
       6
      10
      12
      10
      13
      13
      12
      11
      10
      14
      10
      10
      10
       9
       9
      19
      14
      15
       9
      12
       9
      20
      10
      12
      14
      10
      14
      16
      12
      12
      11
       6
      12
      10
      13
       5
      15
       9
      10
      13
      16
      17
       6
      11
       9
      11
       6
      21
       8
      19
      20
      15
      14
      12
      16
       7
      17
      15
      10
      12
       9
       5
      14
       8
       6
      11
       7
      13
      14
      13
      11
       9
      11
       9
       9
      14
      14
      13
      13
      10
      14
       9
      11
      13
      18
      11
      15
      12
       6
      16
      11
      10
      14
      12
       9
      10
       8
      15
      13
      10
      11
      15
       9
      10
      10
      14
      17
      12
      10
      12
      16
      12
      11
       8
       8
      13
      14
       8
       6
      11
      13
       8
      17
      16
      16
      16
      13
      10
      14
      15
       7
      15
      14
       8
      10
      13
      11
      10
      14
      15
      13
      10
       9
       8
      10
      15
       9
      13
      12
      11
       9
      12
      13
      10
      13
      19
      10
      16
       8
       9
      12
       8
       9
      11
       9
      10
      11
       7
       9
      10
       5
       8
      14
      17
      14
       8
      13
      10
       8
      16
       8
      10
      11
      10
      11
      18
      14
       8
      16
       7
      13
      12
      14
      12
      26
      14
      21
      21
      21
      16
      15
      16
      13
      17
       9
      10
       9
      13
      13
      10
      14
       7
      14
      14
       9
       8
       6
      13
      13
      15
       8
       7
      14
      12
       7
       9
      11
       5
      10
      15
      14
      10
       8
       9
      13
       9
       8
      12
      11
      11
       6
      13
       5
      13
       8
       6
      12
      15
      18
      13
      10
      11
      10
      13
       7
      14
      12
       8
       9
      12
      18
       8
      10
      11
      11
      12
       9
       7
      11
      13
       8
       8
       7
      14
      12
      18
      10
       7
      10
      11
      10
      11
      12
       9
      14
      11
      10
      12
       7
       8
      10
      15
       8
       6
       8
       8
      12
      10
      10
      12
       5
      10
      10
       9
      13
       5
       8
      10
      12
      14
      13
      10
      11
       5
      10
      19
      15
       6
      13
      11
       9
      14
      11
      12
      11
      10
       9
      10
      11
      10
       8
      14
      13
      10
      16
      15
      15
       7
       6
      10
      16
      15
       7
      12
      10
       9
       8
      13
       8
      11
      13
      11
      10
       7
      11
      13
       7
      10
      13
      21
       8
       6
       8
      11
      14
       8
       6
      14
      12
      12
      14
       9
       5
      11
       9
      15
      10
       8
       9
       8
      12
       8
      11
      12
      13
      13
      16
       8
      15
      10
      12
       8
      10
      12
      16
      11
      21
      15
      18
      16
      10
      12
      13
      19
      14
      19
      15
      11
      10
       9
       8
      15
      14
       6
       7
      14
      11
       4
      10
      15
       8
      11
      17
       8
      13
       6
      11
      10
      11
       8
       9
       5
      11
       7
       8
      12
      12
      14
      14
       5
      11
      14
       8
      13
       3
      12
       9
      12
       9
       7
      16
       9
       8
       6
       5
      10
      10
      13
      10
       5
      21
       8
      10
      10
      12
      13
       8
       8
      13
      10
      11
      14
      12
      13
      11
       9
       5
      15
      10
      13
      16
      14
       9
      10
       9
      10
      10
       7
      13
      11
       9
      17
       8
       8
      12
      10
      14
      17
       6
      10
       6
      10
      11
       8
      11
       7
      14
      12
       5
       8
      10
       7
       6
       9
      15
       8
      14
      11
       9
       7
       8
      11
      14
      14
      10
      12
      13
      14
      13
      12
      15
      14
       7
       8
      11
       7
      14
      12
      10
       8
       3
       9
       7
      11
      14
       9
       6
       9
       9
      11
      17
      10
       9
      15
       9
       7
      13
      11
       8
       9
      10
      12
      14
      13
      11
      10
      12
       6
      11
      14
       8
      13
       7
      10
       8
      13
       6
       9
       9
       3
      12
      15
      11
      12
      11
       9
       9
       6
      10
      13
      10
       8
      18
       7
       5
      10
       6
      14
       9
       5
       9
       8
       8
       6
      11
       5
      13
      12
       8
       9
      10
      11
       5
       8
      12
      14
       7
      16
      12
      11
      19
       8
      11
       9
       9
      14
       5
      11
      10
       7
       2
      11
       9
      10
       9
       8
       8
       3
       4
       9
      11
       9
       4
       9
       9
      10
      11
       6
       8
       9
       5
       7
       7
      11
       6
      13
      10
       6
       6
       8
       6
      12
       4
      11
       6
       7
      10
       7
       8
       4
       4
       7
       8
       4
      12
      13
      10
      12
      13
      11
      10
       6
      12
       6
       6
       6
       9
      10
      13
      11
       5
       6
       7
      11
       5
      13
       7
       9
      12
       4
       7
       8
      10
      10
      17
       6
      13
       6
       9
       6
      23
       5
       9
      10
      13
      12
      11
       6
       7
       7
       6
      11
       6
      14
      11
      10
       7
      12
      12
       8
       6
       7
       5
       8
      12
      15
       6
       9
       9
       7
       4
       7
       6
      10
       9
       9
      10
       9
       7
       8
      10
       9
       8
       6
       8
       6
      12
      13
       4
       8
       8
       9
      12
       4
       7
       6
       6
      10
       4
       9
       6
      13
      15
       9
       6
      15
       3
       6
       8
      11
       4
       8
      13
       8
       7
       9
       5
       2
      12
      12
       4
       3
      15
      10
      13
       7
       9
       7
       6
      12
      10
       9
       4
       7
      11
       7
      12
       9
       8
      11
      13
      15
       7
       8
      11
       4
      10
       8
       7
      10
      11
      13
      12
      21
      17
      11
      15
      10
      10
       9
      12
       4
      11
      15
       6
       9
       8
       9
      12
       7
      11
      10
      17
       9
       4
       8
       7
       8
       9
       3
      10
      11
      11
       6
       7
      14
       9
       8
      10
      12
       5
       8
       7
       4
       7
      10
       7
      14
       7
      14
       7
       7
      10
       6
      12
       6
       7
       9
       8
      10
       1
       6
       7
       7
       8
       6
      12
      15
      11
       2
      10
       7
       4
       9
       8
       7
       8
       8
       6
       4
      10
       6
      15
       3
       9
       8
       7
      12
       6
      12
       9
      10
      11
       4
       5
       4
      11
       9
       7
       9
      10
       8
       9
       6
      11
       8
      14
      10
       7
       6
       8
       9
       4
       7
       4
      12
       7
       8
      11
       8
       6
      13
       4
      15
      10
       9
       9
       2
      11
      11
       8
       9
       4
       6
      15
       9
       6
       4
       7
       4
      12
       6
      10
      11
       5
       8
       4
       9
      11
       9
       8
       7
       2
      11
       9
      10
      11
      10
       7
       7
       8
       7
       5
      14
       8
      10
      11
       8
      10
       6
      13
      10
       9
      13
       4
       4
      10
       4
       6
       3
       8
       8
       5
       7
      12
       9
       5
       7
      16
       6
      11
       8
      11
       5
      12
      11
       5
      13
      16
      10
      13
      10
      10
       4
      10
       5
       9
      11
       7
       5
       5
       3
      12
      10
       6
      12
       8
       5
       8
       7
       8
       6
      11
       6
      10
      10
       3
       7
      11
       6
       7
       1
      12
       4
      15
       6
       7
       7
      11
       8
       5
       5
       9
       6
       0
       8
      12
      10
       6
       6
       4
      13
       2
       5
       9
       8
       5
       8
       4
       6
      11
       8
       5
       8
       8
       7
       8
       6
       9
      11
      10
       7
       4
      11
       7
      10
      10
      13
       3
       8
       9
      14
      11
       3
       9
       7
       5
      11
       3
       9
       8
      12
       3
       3
       4
      10
       7
      11
       4
      11
       6
      10
       8
       6
       7
       6
       5
       8
       7
       5
      11
       8
       3
      10
       8
       7
       4
       3
       5
       7
       9
       8
       6
       4
       5
       8
       5
       3
       6
       8
      11
       6
       6
       5
       5
       4
       3
      10
      11
       5
      12
       6
       7
       9
       8
       7
       8
       4
       5
       4
       5
       9
       8
      10
       9
       8
       7
       8
       5
       7
       6
       9
       8
       5
      12
       5
      10
      10
       9
       9
      12
       8
      11
       7
       6
       5
      11
       4
      10
       7
       4
      12
       9
       5
       9
       9
       3
       1
      10
       7
       5
       6
       5
      12
       5
       7
       8
       7
       9
       3
       2
      11
       8
       5
       4
       6
       4
       7
      11
       6
       2
      11
      11
       5
       6
       5
      10
       2
       6
      11
       3
       6
       4
       7
      10
       5
       9
       3
       3
       3
      10
      13
       6
      10
       2
       4
       6
       6
       3
       4
       7
       6
       9
      13
       9
       9
       8
       5
       4
       3
      14
       3
       8
       9
       8
       7
       5
       4
       4
       3
       5
       7
       4
       5
       5
       9
       6
       9
       4
       6
       1
       4
       7
       7
       6
       4
       5
       2
       3
      11
       8
       9
       5
      11
       6
       6
       6
       9
       3
       8
       6
       8
       9
      10
       9
       7
      11
      10
      10
      12
      12
      12
      15
       9
      12
      10
       9
       7
      11
       6
      10
       7
      11
       8
      10
       9
       6
       9
       3
       7
       5
       8
       6
       5
       6
       6
       4
       7
       4
       5
       7
       6
       8
       4
       5
       5
       6
       4
       9
      10
      11
       4
      10
       5
       8
       5
       9
       6
       8
       7
       3
       5
       9
       2
       8
       7
       5
      10
       4
       9
       6
       9
       7
       5
       3
       6
       9
       7
       8
       8
       2
      10
       9
       3
       6
       5
       5
       5
       8
       6
       5
       9
       6
      11
       8
      10
       2
       7
       6
       6
       5
       6
       5
       6
       8
       5
       8
       7
       7
       5
       2
       7
       8
       9
       8
       2
      10
       9
       8
       7
      10
      12
      13
       4
       6
       8
      15
      10
       9
      12
       5
       9
       9
       5
       7
       6
       6
       6
       4
       6
       6
      10
       3
       6
       9
       6
       6
       7
       7
       3
       6
       4
       5
       6
       6
       9
       3
       7
       4
       8
       5
       6
      11
       7
      11
       5
       5
       3
       4
       5
       8
       5
       5
       3
       4
       7
      10
       3
      10
      14
       5
       5
       8
       7
       8
       6
       9
       2
       9
      13
       5
       7
       8
       4
       7
       8
       8
       6
       5
       7
      11
      10
       3
       6
       5
      11
      12
       5
       5
      10
       5
      10
       3
       4
       3
       7
      10
       7
       5
       5
       6
       9
       7
       8
       7
       6
       8
      12
      11
       7
       4
       9
       7
       7
       5
       7
       7
       6
       9
       5
       5
       4
       5
       4
       7
       7
       5
       8
       3
       7
      11
      10
       2
       9
       8
       7
       4
       7
       9
       5
       4
       5
      13
       9
       5
       8
       6
       8
      10
      10
       3
       4
      13
      10
       4
       8
       8
       6
       9
       7
       7
       7
       7
       8
       9
       5
       7
       9
      11
       7
       8
       7
       6
       8
      14
       6
       6
      10
       8
      11
       5
      22
      13
      21
      31
      28
      30
      49
      31
      46
      52
      35
      37
      31
      31
      17
      10
       8
      10
       7
       5
       6
       2
       8
       5
       4
      11
       8
       8
       7
       4
       3
       9
       9
       7
       3
       5
      10
       6
       3
       6
       7
       7
       5
       5
       8
       5
       6
      15
      10
       3
      12
       6
       9
       9
       3
       6
      13
       7
       4
       2
       5
       8
       8
       4
       5
       5
       6
       4
       4
       6
       6
       4
       6
       3
       2
       3
       7
       6
       5
       3
       9
       5
       4
       4
       4
       4
       3
       4
       9
       5
       7
       4
       3
       6
       7
       3
       5
       4
       7
       4
       6
       6
       6
       6
       4
       6
       6
       8
       4
       2
      10
       4
       3
      12
       3
       5
       6
       2
       3
       6
       7
      10
       5
       6
       4
       8
       3
       6
       4
      10
       9
       6
       2
       8
      12
      13
       4
       7
       3
       6
       5
       2
       6
       6
       9
       5
       5
       6
       4
       5
       3
       4
       7
       3
       7
       5
       4
       2
       8
       7
       3
       1
       3
       8
       5
       4
      11
       8
       5
       4
       7
       2
       6
       7
       9
       4
       8
       4
       8
      10
       6
      12
       8
       5
       5
       9
       5
       5
       8
       8
       5
       4
       5
       6
       8
       5
       5
      12
       7
       6
       8
       5
       8
       5
       8
       3
       2
       5
       1
       4
       7
       9
       6
       3
       3
       4
       4
       7
       9
       3
       3
       7
       7
       3
       4
       3
       5
       3
       4
       6
       6
       5
       2
       5
       5
      10
       6
       1
      10
       3
       8
       6
       4
       3
       8
       6
       7
       8
       5
       2
       7
       4
       7
       7
       6
       2
       6
       4
       4
       4
       3
       5
      10
       5
       3
       6
       3
       4
       5
       6
       3
       7
      10
       3
       4
       7
       8
       7
       7
       5
       5
      12
       9
       9
       3
       6
       5
       5
       8
       7
       6
       5
       4
      13
       4
       3
      10
       5
       8
       7
       3
       9
      10
       4
       7
       6
       4
       9
       5
       7
       7
       4
       7
       8
       5
       6
       5
       4
       2
       3
       5
       2
       7
       3
       5
       2
       4
       4
       4
       3
       7
       8
       3
       5
      11
       7
       5
       4
       3
       5
       4
       4
      11
       9
       5
       6
       6
       2
       5
       6
       3
       3
       7
       5
       5
       2
       4
       5
       5
       5
       1
       3
       7
       4
       8
       6
       2
       6
       5
       4
       5
       8
       9
       6
       5
       5
       5
       4
       4
       6
       7
       4
       6
       3
       4
       8
       3
       4
       6
       7
       2
       3
       0
       7
       3
       8
       2
       6
       3
       6
       6
       7
       6
       7
       4
       5
       3
       5
       5
       2
       3
       6
       5
       3
       2
       7
       8
       4
       1
       7
       5
       6
       2
       2
       4
       7
       6
       5
       7
       7
       4
       6
       4
       8
       3
       8
       6
       2
       8
      10
       5
       8
       5
       5
       4
       4
       5
       8
      11
       5
       4
       2
       9
       3
      12
       7
       5
       8
      12
       6
      11
       3
       7
       7
       4
       5
       5
      11
       5
       6
       6
       5
       6
       5
       8
       9
      14
       7
       8
      14
       7
       7
       9
       7
       5
       4
       8
       4
       3
       7
       4
       3
       7
      10
       4
       6
       4
       9
       5
       3
       6
       9
       7
       4
       2
       7
       6
       7
       4
       5
       6
      10
       4
       4
       4
       9
       8
       4
       5
       1
       3
       6
       5
       7
       3
       2
       3
       2
       4
      10
       4
       4
       4
       5
       5
       2
       7
       5
       4
       5
       6
       5
       3
       5
       6
       5
       4
       2
       2
       5
       7
       5
       4
       7
       2
       1
       3
       2
       3
       4
       4
       2
       8
       7
       5
       4
       3
       4
       7
       5
       3
       3
       4
       3
       6
       3
       3
       5
       4
      10
       2
       4
       3
       5
       5
       5
      10
       3
       5
       3
       5
       4
       7
       9
       2
       2
       7
       5
       4
       2
       3
       7
       2
       8
       5
       1
       5
       5
       5
       4
       8
       5
       1
       6
       6
       3
       4
       7
       6
       5
       5
       4
       3
       5
       7
       3
       5
       4
       4
       4
       2
       6
       3
       4
       3
       3
       5
       5
       8
      10
       3
       6
      10
       6
       9
       3
       3
       5
       7
       6
       6
       1
       4
       5
       5
       4
       4
       3
       5
       0
       6
       2
       3
       4
      11
       7
       6
       2
       2
       3
       2
       3
       7
       6
       5
       6
       3
       2
       8
       4
       7
       7
       6
       4
       1
       4
       4
       9
       6
       4
       3
       2
       5
       6
       4
       5
       5
       5
       4
       3
       6
       5
       2
       6
       7
       7
       5
       5
       4
       4
       3
       3
       2
       4
       1
       7
       2
       7
       1
       4
       4
       5
       5
       0
       6
       2
       5
       2
       3
       5
       4
       3
       4
       3
       2
       3
       3
       3
       7
       2
       4
       4
       4
       5
       4
       5
       3
       5
       5
       2
       4
       4
       5
       5
       5
       8
       6
       6
       3
       2
       4
       7
      10
       6
       9
       3
       4
       2
       2
       6
       5
       0
       4
       3
       4
       3
       2
       5
       2
       2
       5
       2
       3
       2
       8
       4
       4
       5
       3
       6
       4
       1
       4
       2
       6
       6
       5
       4
       2
       3
       8
       2
       6
       4
       6
       8
       2
       6
       3
       7
       5
       5
       4
       6
       6
       5
       3
       5
       6
       6
       6
       2
       3
       2
       4
       2
       5
       4
       3
       3
       5
       7
       3
       7
       3
       6
       7
       4
       1
      11
       3
       3
       4
       8
       7
       7
       2
       2
       9
       7
       5
       2
       7
       3
       2
       3
       1
       1
       3
       5
       4
      10
       2
       5
       2
       6
       7
       1
       7
       2
       0
       7
       5
       4
       7
       2
       4
       4
       7
       5
       6
       2
       4
       2
       2
       3
       5
       5
       2
       7
       1
       8
       5
       4
       8
       2
       3
       5
       6
       2
       9
       5
       3
       6
       3
       3
       3
       3
       9
       7
       5
       1
       1
       2
       7
       2
       5
       2
       4
       4
       5
       4
       3
       6
       5
       3
       6
       4
       6
       3
       3
       4
       4
       5
       5
       6
       1
       3
       6
       5
       4
       3
       2
       5
       5
       3
       5
       7
       6
       6
       8
       2
       2
       8
       5
       3
       6
       4
       3
       4
       8
       6
       7
       8
       3
       4
       4
       8
       6
       8
       4
      14
       7
       2
       8
       8
       3
       7
       5
       7
       6
       8
       2
       5
       7
       4
       7
       8
       4
       3
       7
       4
       1
       2
       4
       1
       7
       5
       1
       3
       4
       4
       6
       3
       3
       5
       2
       4
       5
       2
       6
       7
       5
       6
       2
       5
       6
       4
       8
       2
       6
       5
       4
       3
       7
       4
       7
       2
       6
       6
       3
       2
       2
       5
       5
       5
       6
       7
       2
       2
       3
       3
       6
      12
      10
       1
       2
       3
       1
       5
       5
       1
       2
       4
       1
       1
       2
       3
       6
       6
       5
       1
       3
       1
       3
       7
       3
       8
       2
       1
       2
       8
       4
       5
       5
       8
       2
       5
       3
       1
       8
       4
       4
       8
       8
       9
       6
      13
       5
       8
      13
      13
      22
      13
      13
      24
      18
      20
      10
       9
       8
      11
      17
       6
       8
       4
       9
       7
       9
       2
       4
       5
       4
       3
       6
       1
       8
       3
       4
       7
       2
       6
       7
       4
       4
       2
       4
       1
       3
       3
       5
       2
       5
       3
       2
       6
       2
       5
       3
       1
       2
       3
       4
       5
       7
       3
       0
       4
       5
       6
       2
       2
       3
       4
       2
       2
       6
       4
       2
       5
       4
       4
       8
       2
       5
       4
       4
       4
       4
       1
       1
       6
       4
       3
       4
       2
       2
       4
       5
       6
       2
       4
       2
       4
       5
       4
       3
       2
       3
       5
       3
       4
       7
       2
       2
       2
       2
       3
       2
       4
       2
       3
       5
       3
       3
       2
       4
       5
       3
       6
       2
       5
       1
       5
       3
       1
       3
       3
       5
       4
       5
       5
       2
       2
       4
       4
       5
       3
       3
       5
       7
       2
       0
       6
       3
       0
       3
       4
       7
       5
       4
       2
       2
       4
       3
       2
       5
       3
       2
       5
       1
       3
       3
       1
       1
       3
       3
       8
       4
       4
       3
       4
       2
       5
       2
       4
       2
       2
       3
       1
       5
       7
       2
       4
       3
       5
       3
       4
       3
       7
       4
       1
       4
       6
       6
       3
       7
       3
       5
       4
      10
       3
       2
       3
       4
       2
       4
       3
       3
       2
       4
       7
       2
       7
       2
       5
       3
       3
       2
       2
       1
       4
       6
       2
       7
       5
       5
       4
       7
       2
       5
       6
       2
       3
       1
       8
       3
       4
       6
       5
       2
       4
       2
       5
       2
       2
       1
       3
       4
       6
       5
       7
       3
       5
       3
       7
       6
       3
       2
       4
       8
       5
       6
       8
      10
       7
       4
       3
       3
       6
       5
       2
       1
       3
       6
       3
       5
       6
       3
       5
       5
       4
       2
       5
       7
       1
       5
       5
       2
       5
       6
       3
       9
       8
       5
       3
       2
       2
       4
       6
       7
       4
       7
       5
       1
       4
       4
       9
       1
       3
       3
       1
       5
       3
       2
       4
       5
       5
       2
       5
       3
       5
       4
       4
       4
       4
       7
       3
       2
       5
       6
       4
       6
       3
       3
       3
       7
       2
       5
       6
       1
       6
       4
       0
       4
       4
       3
       7
       7
       5
       5
       3
       2
       2
       2
       7
       5
       2
       5
       8
       4
       6
       3
       1
       5
       3
       5
       8
       3
       3
       5
       2
       4
       1
       1
       4
       4
       7
       5
       3
       1
       1
       3
       3
       5
       2
       4
       4
       2
       3
       4
       2
       4
       2
       3
       8
       2
       5
       3
       4
       4
       3
       2
       5
       4
       4
       4
       3
       3
       5
       0
       4
       5
       7
       5
       5
       1
       2
       3
       3
       4
       6
       3
       2
       1
       4
       6
       1
       3
       4
       5
       1
       6
       4
       3
       6
       6
       1
       5
       3
       8
       2
       7
       3
       3
       1
       3
       7
       4
       5
       6
       1
       4
       3
       5
       2
       4
       3
       3
       2
       1
       0
       5
       3
       3
       6
       4
       5
       7
       7
       2
       3
       4
       7
       5
       3
       3
       3
       3
       3
       2
       2
       3
       3
       3
       8
       6
       5
       3
       4
       4
       4
       4
       5
       5
       3
       3
       2
       1
       3
       4
       4
       4
       0
       3
       3
       6
       6
       1
       3
       5
       1
       5
       6
       7
       3
       4
       2
       2
       3
       6
       4
       4
       7
       2
       2
       3
       2
       6
       5
       1
       2
       3
       4
       1
       8
       3
       3
       1
       4
       2
       3
       2
       4
       1
       1
       0
       7
      10
       3
       4
       4
       2
       5
       4
       6
       1
       5
       0
       5
       1
       7
       5
       5
       3
       5
       3
       4
       2
       4
       1
       4
       1
       2
       2
       4
       4
       7
       5
       8
       5
       3
       5
       3
       8
       2
       6
       3
       3
       1
       2
       6
       3
       3
       2
       3
       1
       4
       4
       3
       3
       2
       3
       3
       5
       4
       2
       2
       2
       3
       6
       5
       3
       2
       2
       4
       2
       2
       8
       4
       2
       5
       7
       2
       3
       3
       2
       5
       3
       2
       6
       2
       1
       3
       5
       3
       4
       3
       3
       7
       0
       5
       4
       3
       3
       3
       2
       5
       3
       2
       3
       2
       6
       3
       8
       3
       3
       3
       2
       5
       1
       4
       6
       2
       3
       2
       2
       3
       4
       2
       5
       3
       2
       6
       3
       0
       6
       5
       7
       2
       1
       3
       5
       2
       2
       3
       7
       3
       4
       2
       5
       1
       6
       4
       2
       5
       5
       1
       3
       2
       4
       7
       4
       2
       2
       2
       3
       2
       4
       0
       5
       1
       3
       4
       1
       2
       5
       5
       3
       1
       4
       5
       1
       0
       2
       2
       4
       5
       1
       1
       5
       5
       6
       4
       4
       5
       2
       6
       2
       5
       4
       3
       2
       5
       4
       4
       3
       2
       2
       1
       1
       2
       2
       4
       5
       2
       1
       5
       1
       3
       4
       4
       2
       5
       2
       2
       2
       5
       3
       6
       5
       3
       2
       1
       2
       2
       3
       3
       2
       1
       3
       4
       5
       1
       7
       2
       2
       4
       7
       1
       4
       1
       3
       2
       2
       1
       3
       5
       5
       1
       4
       3
       1
       8
       2
       0
       3
       3
       5
       2
       3
       4
       4
       2
       2
       1
       3
       6
       2
       4
       4
       5
       3
       2
       4
       3
       3
       2
       4
       6
       7
       7
       0
       3
       3
       3
       5
       9
       1
       1
       3
       5
       4
       2
       7
       1
       4
       0
       1
       3
       1
       4
       4
       2
       5
       5
       4
       3
       2
       8
       3
       0
       4
       6
       5
       3
       5
       2
       5
       5
       6
       3
       5
       1
       3
       2
       2
       6
       3
       4
       5
       4
       5
       3
       2
       6
       1
       2
       4
       2
       3
       2
       5
       5
       1
       2
       2
       4
       1
       4
       5
       3
       5
       0
       0
       3
       3
       2
       2
       2
       4
       4
       3
       3
       3
       3
       3
       2
       6
       5
       4
       1
       1
       2
       2
       4
       2
       3
       6
       4
       4
       4
       1
       3
       3
       1
       1
       6
       3
       3
       1
       7
       3
       3
       2
       2
       2
       0
       3
       4
       3
       3
       3
       8
       5
       3
       3
       2
       2
       1
       3
       3
       5
       4
       0
       4
       1
       1
       3
       2
       5
       5
       5
       3
       2
       7
       1
       2
       1
       1
       2
       1
       2
       4
       2
       5
       4
       2
       4
       0
       3
       2
       3
       4
       6
       3
       1
       3
       4
       3
       2
       2
       3
       6
       5
       1
       1
       5
       5
       2
       4
       1
       2
       3
       3
       5
       1
       0
       6
       4
       2
       2
       0
       4
       3
       0
       2
       4
       4
       4
       1
       4
       3
       2
       3
       3
       6
       4
       3
       4
       4
       3
       5
       6
       4
       1
       2
       2
       6
       2
       5
       4
       1
       2
       3
      10
       2
       8
       6
       1
       1
      11
       2
       0
       2
       5
       2
       2
       3
       3
       3
       6
       6
       2
       6
       5
       1
       5
       2
       8
       5
       4
       0
       1
       2
       4
       2
       3
       1
       1
       4
       4
       3
       5
       1
       2
       4
       5
       1
       2
       3
       5
       2
       4
       1
       3
       1
       1
       4
       0
       3
       4
       1
       0
       2
       4
       3
       4
       3
       2
       5
       2
       3
       2
       4
       0
       2
       1
       3
       3
       7
       2
       3
       3
       4
       6
       0
       1
       1
       6
       4
       3
       3
       3
       4
       2
       2
       2
       2
       2
       3
       4
       4
       3
       3
       2
       2
       7
       2
       2
       2
       0
       3
       4
       1
       3
       6
       5
       2
       1
       5
       3
       2
       3
       6
       0
       7
       5
       3
       2
       3
       5
       6
       3
       4
       4
       2
       3
       4
       4
       6
       4
       2
       1
       1
       7
       4
       2
       4
       3
       2
       2
       4
       4
       2
       3
       1
       6
       4
       5
       8
       3
       3
       9
       7
       5
       7
      10
       5
       4
       0
       3
       3
       5
       3
       5
       5
       6
       2
       2
       3
       3
       2
       2
       2
       3
       3
       4
       3
       3
       3
       3
       3
       1
       5
       1
       2
       3
       8
       3
       3
       5
       4
       1
       3
       3
       3
       1
       0
       5
       2
       5
       0
       3
       1
       3
       2
       0
       7
       6
       2
       7
       3
       4
       5
       5
       4
       1
       1
       3
       5
       5
       4
       1
       6
       1
       3
       5
       2
       2
       3
       0
       4
       3
       2
       4
       4
       6
       3
       2
       1
       4
       6
       1
       1
       3
       2
       5
       4
       4
       1
       1
       1
       3
       6
       7
       3
       2
       4
       5
       2
       3
       2
       2
       6
       3
       2
       0
       3
       1
       2
       5
       2
       5
       1
       2
       7
       4
       1
       5
       5
       4
       1
       5
       2
       4
       2
       4
       1
       7
       4
       5
       2
       1
       3
       2
       2
       3
       2
       2
       1
       0
       3
       1
       2
       4
       3
       2
       2
       4
       1
       0
       1
       8
       2
       4
       3
       1
       7
       5
       0
       4
       1
       1
       4
       3
       1
       7
       2
       8
       6
       4
       2
       4
       3
       1
       3
       0
       0
       2
       2
       1
       5
       1
       2
       1
       1
       3
       3
       3
       1
       2
       2
       2
       3
       5
       3
       1
       2
       3
       7
       1
       1
       2
       4
       2
       3
       2
       2
       3
       6
       7
       4
       4
       2
       5
       0
       4
       0
       3
       0
       2
       4
       3
       4
       5
       3
       2
       2
       2
       5
       2
       6
       2
       2
       3
       2
       3
       6
       3
       0
       2
       3
       1
       3
       1
       4
       3
       2
       2
       4
       2
       2
       2
       3
       2
       2
       3
       3
       7
       8
       7
       1
       2
       3
       2
       7
       1
       1
       6
       2
       2
       2
       2
       7
       4
       2
       2
       2
       2
       5
       5
       2
       4
       2
       3
       4
       1
       2
       3
       3
       3
       4
       0
       1
       3
       3
       1
       0
       2
       0
       8
       5
       0
       3
       1
       5
       1
       2
       1
       4
       4
       4
       3
       3
       4
       0
       4
       1
       2
       5
       4
       4
       4
       1
       1
       5
       5
       2
       3
       3
       2
       3
       1
       1
       3
       5
       2
       3
       3
       3
       3
       1
       1
       1
       2
       4
       3
       3
       6
       8
       4
       4
       4
       6
      12
       6
       9
       6
       7
       6
       9
       6
       4
       9
       7
       2
       2
       7
       4
       3
       2
       4
       5
       2
       4
       3
       1
       2
       2
       0
       6
       3
       3
       3
       4
       4
       1
       3
       3
       4
       3
       6
       8
       2
       3
       6
       1
       5
       5
       1
       4
       2
       3
       0
       3
       3
       1
       4
       1
       1
       2
       2
       3
       4
       2
       2
       1
       2
       2
       3
       1
       3
       0
       6
       5
       2
       6
       6
       1
       1
       5
       3
       1
       2
       3
       5
       2
       4
       3
       4
       1
       7
       0
       7
       2
       2
       4
       4
       3
       4
       6
       3
       1
       3
       1
       0
       6
       4
       1
       2
       2
       2
       5
       4
       4
       2
       1
       3
       2
       3
       1
       1
       3
       2
       3
       2
       5
       0
       5
       1
       2
       0
       2
       2
       4
       4
       4
       2
       5
       5
       4
       0
       4
       0
       3
       4
       4
       6
       1
       3
       3
       3
       2
       0
       1
       2
       5
       6
       7
       1
       2
       3
       2
       6
       1
       7
       4
       5
       1
       2
       5
       3
       5
       5
       1
       0
       0
       0
       0
       0
       0
       0
       0
       0
       0
       0
       0
       0
       0
       0
       0
       0
       0
       0
       0
       0
       0
       0
       0
       0
       0
       0
       0
       0
       0
       0
       0
       0
       0
       0
       0
       0
       0
       0
       0
       0
       0
       0
       0
       0
       0
       0
       0
       0
       0
       0
       0
       0
       0
       0
       0
       0
       0
       0
       0
       0
       0
       0
       0
       0
       0
       0
       0
       0
       0
       0
       0
       0
       0
       0
       0
       0
       0
       0
       0
       0
       0
       0
       0
       0
       0
       0
       0
       0
       0
       0
       0
       0
       0
       0
       0
       0
       0
       0
       0
       0
       0
       0
       0
       0
       0
       0
       0
       0
       0
       0
       0
       0
       0
       0
       0
       0
       0
       0
       0
       0
       0
       0
       0
       0
       0
       0
       0
$ROI:
0
$PRESETS:
None
0
0
$ENER_FIT:
-2.173939 0.279251
$MCA_CAL:
3
-2.173939E+000 2.792507E-001 0.000000E+000 keV
$SHAPE_CAL:
3
1.571259E+001 -1.155430E-003 0.000000E+000
