$SPEC_ID:
226Ra
$SPEC_REM:
DET# 1
DETDESC# MCB 132 Input 1
AP# Maestro Version 6.06
$DATE_MEA:
11/01/2021 09:30:01
$MEAS_TIM:
89154 89162
$DATA:
0 8191
       0
       0
       0
       0
       0
       0
       0
       0
       0
       0
       0
       0
       0
       0
       0
       0
       0
       0
       0
       0
       0
       0
       0
       0
       0
       8
    2383
    4652
     277
     188
     183
     190
     193
     214
     198
     194
     173
     188
     205
     190
     205
     257
     262
     206
     184
     181
     151
     130
     159
     135
     131
     137
     159
     155
     138
     113
     134
     133
     126
     122
     130
     117
     126
     116
      80
     121
      96
     100
     110
      92
     103
     105
     111
      79
      88
      87
     100
      92
      98
      84
     105
      88
      77
      94
      82
      92
      77
      82
      72
     104
      87
      74
      75
      74
      92
      85
      67
      62
      60
      62
      77
      58
      66
      70
      87
      63
      64
      60
      55
      74
      71
      57
      47
      57
      75
      64
      58
      74
      57
      70
      69
      70
      68
      61
      61
      64
      62
      53
      75
      54
      60
      58
      65
      49
      52
      49
      60
      54
      47
      63
      57
      50
      64
      69
      70
      48
      61
      69
      44
      56
      57
      43
      55
      61
      59
      67
      52
      56
      50
      56
      59
      55
      52
      54
      49
      60
      53
      64
      70
      60
      60
      84
     125
     118
     100
      76
      60
      45
      52
      48
      49
      49
      67
      61
      65
      61
      61
      50
      42
      55
      69
      51
      49
      55
      50
      57
      75
      62
      78
      60
      54
      65
      51
      55
      47
      50
      48
      62
      46
      54
      50
      77
      57
      65
      61
      60
      70
      53
      79
      83
      70
      55
      53
      63
      45
      39
      52
      65
      56
      54
      80
     113
     153
     165
     127
      97
      64
      51
      51
      45
      67
      62
      59
      47
      49
      59
      52
      61
      62
      60
      59
      66
      53
      54
      73
      64
      45
      68
      64
      70
      55
      71
      59
      62
      57
      75
      90
      89
      78
      83
      60
      74
      65
     103
     119
     115
      85
      83
      51
      60
      75
      83
      81
      90
      70
      69
      67
      68
      60
      69
      58
      52
      68
      70
      50
      72
      58
      58
      66
      61
      69
      62
      57
      58
      81
      95
      89
      93
      90
     107
     112
      79
      68
      82
      49
      72
      78
      73
      80
      70
      88
      68
      74
      66
      67
      55
      56
      72
      87
      71
      63
      73
      54
      74
      97
     123
     203
     294
     334
     268
     171
     117
      76
      70
      64
      82
      79
      58
      50
      61
      70
      59
      69
      62
      52
      71
      67
      71
      75
      77
      69
      55
      65
      63
      65
      68
      70
      48
      52
      56
      67
      76
      71
      69
      65
      65
      57
      55
      67
      69
      57
      58
      66
      57
      57
      65
      65
      64
      58
      64
      71
      63
      61
      64
      63
      83
      76
      64
      58
      74
      64
      65
      66
      58
      67
      67
      68
      74
      67
      73
      87
      84
      84
      90
      63
      71
      71
      88
      87
      61
      67
      57
      64
      68
      75
      73
      58
      66
      65
      69
      68
      70
      55
      66
      63
      72
      78
      65
      65
      66
      62
      64
      69
      60
      57
      70
      65
      82
      73
      64
      72
      74
      75
      64
      64
      66
      51
      67
      62
      62
      63
      64
      65
      64
      76
      53
      75
      55
      70
      70
      75
      71
      64
      55
      77
      70
      80
      63
      81
      53
      73
      62
      57
      57
      73
      70
      68
      72
      67
      57
      63
      64
      60
      68
      66
      67
      69
      48
      76
      74
      63
      77
      65
      66
      69
      70
      82
      86
      65
      84
      75
      75
      67
      66
      63
      67
      65
      71
      76
      69
      98
     106
     101
      81
      69
      66
      88
      59
      66
      67
      59
      70
      70
      87
      58
      71
      53
      60
      72
      57
      66
      63
      70
      63
      65
      59
      60
      81
      57
      73
      70
      50
      70
      57
      62
      65
      79
      59
      60
      60
      81
      62
      56
      50
      62
      65
      59
      45
      66
      75
      71
      59
      70
      67
      62
      64
      62
      65
      79
      71
      58
      73
      63
      63
      53
      73
      61
      57
      77
      66
      93
      69
      79
      59
      56
      81
      68
      66
      63
      67
      62
      51
      63
      61
      62
      67
      77
      69
      54
      69
      50
      61
      61
      67
      77
      71
      55
      64
      58
      68
      55
      71
      76
      58
      59
      57
      61
      88
      71
      76
      77
      71
      75
      43
      58
      55
      47
      59
      69
      57
      55
      58
      67
      74
      61
      61
      55
      47
      61
      62
      72
      56
      56
      50
      67
      72
      65
      78
      70
      59
      52
      70
      58
      64
      68
      71
      63
      64
      99
     133
     199
     229
     226
     199
     141
      72
      58
      53
      57
      64
      63
      60
      59
      57
      61
      63
      58
      65
      68
      69
      52
      58
      61
      50
      64
      51
      55
      73
      64
      55
      55
      56
      75
      59
      71
      60
      60
      48
      63
      59
      51
      69
      65
      62
      56
      54
      65
      68
      52
      54
      68
      58
      57
      62
      64
      64
      55
      54
      72
      47
      59
      60
      59
      59
      69
      42
      53
      52
      64
      60
      60
      60
      66
      73
      58
      45
      52
      57
      57
      45
      66
      58
      49
      54
      65
      67
      48
      56
      60
      54
      57
      57
      56
      65
      70
      50
      46
      67
      64
      46
      72
      50
      48
      46
      63
      58
      63
      57
      45
      59
      51
      62
      64
      52
      66
      55
      50
      48
      43
      55
      55
      51
      51
      49
      42
      63
      56
      50
      58
      42
      55
      57
      44
      54
      54
      53
      55
      56
      58
      57
      41
      59
      57
      45
      63
      49
      58
      50
      68
      47
      52
      64
      47
      62
      45
      57
      60
      65
      49
      56
      53
      45
      55
      47
      56
      51
      57
      41
      46
      41
      41
      47
      44
      64
      58
      55
      48
      54
      50
      68
      61
      65
      47
      35
      52
      48
      55
      49
      66
      76
     129
     123
      99
      88
      75
      59
      53
      50
      51
      62
      48
      49
      46
      69
      47
      44
      48
      53
      44
      50
      53
      51
      55
      46
      45
      48
      53
      42
      33
      49
      43
      40
      50
      54
      51
      47
      50
      40
      43
      46
      47
      50
      40
      48
      45
      51
      45
      54
      55
      46
      43
      46
      50
      56
      44
      51
      40
      40
      34
      41
      54
      30
      47
      58
      49
      45
      40
      47
      51
      46
      48
      48
      42
      51
      41
      53
      47
      44
      55
      49
      42
      48
      40
      56
      45
      51
      62
      46
      33
      42
      38
      49
      34
      33
      41
      50
      50
      50
      39
      42
      57
      55
      53
      38
      44
      51
      53
      42
      42
      41
      41
      50
      42
      37
      51
      41
      55
      55
      39
      49
      42
      40
      35
      33
      45
      36
      36
      44
      37
      42
      43
      35
      43
      36
      43
      45
      37
      43
      41
      38
      33
      54
      39
      46
      43
      40
      44
      48
      38
      56
      45
      46
      44
      41
      47
      39
      40
      43
      40
      39
      41
      37
      36
      35
      49
      42
      46
      62
      35
      49
      42
      34
      34
      42
      51
      36
      34
      36
      41
      34
      52
      35
      45
      35
      40
      36
      41
      37
      46
      34
      47
      46
      42
      41
      40
      29
      37
      37
      50
      41
      26
      40
      28
      46
      42
      51
      31
      47
      34
      39
      36
      36
      37
      45
      38
      31
      47
      35
      45
      69
      48
      50
      47
      43
      48
      42
      39
      40
      49
      41
      36
      37
      35
      38
      24
      47
      34
      45
      44
      31
      61
      40
      25
      28
      43
      39
      49
      40
      28
      48
      36
      40
      22
      37
      30
      38
      27
      36
      36
      42
      40
      41
      44
      28
      29
      34
      39
      42
      39
      40
      40
      32
      37
      37
      29
      35
      44
      35
      28
      39
      36
      43
      47
      45
      38
      40
      29
      32
      39
      43
      36
      43
      32
      38
      35
      42
      36
      27
      33
      25
      38
      29
      37
      41
      33
      30
      28
      42
      26
      29
      34
      40
      35
      41
      34
      25
      34
      33
      44
      31
      45
      31
      38
      39
      28
      36
      33
      36
      32
      33
      30
      41
      31
      37
      39
      38
      28
      39
      27
      41
      39
      30
      34
      39
      34
      36
      27
      37
      38
      43
      29
      30
      37
      38
      38
      39
      42
      49
      58
      44
      40
      43
      52
      31
      31
      33
      34
      27
      29
      37
      42
      40
      42
      28
      36
      28
      25
      30
      38
      36
      26
      40
      39
      32
      29
      42
      22
      25
      39
      28
      29
      27
      25
      21
      27
      22
      31
      34
      33
      28
      31
      32
      20
      46
      46
      38
      50
      39
      36
      33
      27
      31
      42
      30
      33
      26
      25
      33
      26
      29
      30
      28
      40
      25
      36
      34
      32
      25
      25
      28
      36
      28
      27
      29
      25
      35
      30
      37
      32
      35
      28
      28
      29
      29
      23
      28
      25
      28
      24
      39
      32
      29
      38
      30
      28
      32
      31
      18
      44
      34
      27
      31
      23
      25
      24
      37
      30
      33
      29
      34
      20
      29
      24
      34
      26
      30
      23
      32
      28
      25
      32
      30
      33
      29
      25
      37
      29
      32
      44
      29
      29
      41
      37
      35
      31
      33
      27
      22
      20
      28
      42
      23
      27
      32
      30
      31
      22
      33
      26
      23
      29
      25
      27
      26
      22
      22
      27
      32
      29
      29
      33
      33
      36
      18
      36
      30
      29
      30
      29
      27
      30
      28
      23
      26
      46
      26
      38
      43
      25
      37
      30
      34
      27
      28
      34
      31
      36
      31
      26
      24
      39
      27
      36
      28
      31
      30
      39
      25
      24
      24
      24
      21
      28
      27
      30
      25
      29
      30
      33
      30
      31
      23
      32
      41
      33
      25
      27
      25
      33
      37
      30
      20
      24
      43
      19
      38
      30
      31
      27
      29
      27
      28
      27
      40
      28
      25
      25
      30
      20
      20
      18
      26
      25
      23
      23
      28
      33
      31
      20
      25
      23
      33
      30
      31
      28
      22
      26
      32
      32
      21
      18
      17
      26
      25
      22
      31
      30
      22
      29
      27
      27
      27
      25
      18
      27
      16
      29
      19
      21
      40
      28
      21
      24
      26
      29
      27
      24
      42
      31
      42
      33
      31
      24
      30
      25
      26
      25
      22
      29
      14
      31
      16
      25
      19
      19
      22
      32
      19
      24
      29
      17
      25
      24
      18
      21
      26
      20
      26
      24
      19
      23
      24
      22
      24
      29
      21
      22
      21
      22
      21
      22
      21
      17
      25
      24
      31
      43
      57
      89
     164
     177
     160
     140
      98
      68
      34
      35
      25
      30
      35
      19
      32
      23
      31
      23
      26
      24
      18
      24
      23
      22
      18
      27
      28
      21
      18
      26
      21
      26
      22
      20
      26
      31
      25
      22
      23
      27
      25
      26
      17
      30
      27
      24
      31
      26
      23
      29
      27
      26
      24
      23
      18
      19
      22
      27
      18
      16
      23
      24
      20
      24
      30
      18
      19
      26
      22
      26
      24
      29
      27
      15
      18
      27
      33
      16
      24
      31
      24
      30
      21
      19
      21
      19
      23
      20
      23
      20
      24
      26
      16
      27
      23
      21
      29
      26
      18
      20
      18
      23
      16
      15
      19
      20
      30
      33
      29
      13
      31
      26
      25
      22
      28
      31
      21
      20
      23
      20
      30
      25
      20
      29
      20
      22
      24
      16
      23
      26
      22
      10
      25
      22
      24
      24
      18
      30
      24
      26
      20
      18
      24
      14
      21
      20
      21
      20
      21
      19
      26
      28
      22
      25
      23
      19
      21
      24
      20
      19
      14
      26
      20
      22
      29
      20
      25
      29
      17
      22
      16
      21
      24
      17
      21
      25
      17
      21
      19
      23
      29
      15
      19
      18
      17
      17
      13
      20
      18
      16
      25
      28
      24
      26
      17
      30
      20
      22
      27
      18
      22
      19
      24
      22
      22
      24
      18
      22
      16
      23
      14
      21
      33
      11
      24
      15
      23
      23
      22
      19
      23
      22
      26
      14
      18
      21
      19
      18
      20
      21
      15
      16
      22
      13
      18
      20
      13
      23
      21
      16
      18
      25
      17
      16
      17
      20
      21
      18
       9
      17
      23
      24
      19
      25
      22
      17
      22
      24
      17
      17
      14
      21
      18
      21
      19
      21
      21
      39
      24
      41
      38
      37
      57
      45
      85
      87
     107
     144
     118
     151
     162
     135
     126
     107
     116
      72
      59
      43
      38
      32
      34
      19
      26
      20
      18
      20
      20
      20
      31
      23
      15
      16
      22
      14
      19
      22
      19
      23
      21
      15
      22
      17
      20
      20
      15
      17
      12
      19
      15
      22
      17
      25
      17
      15
      16
      13
      16
      17
      20
      18
      15
      15
      23
      18
      17
      10
      20
      21
      18
      18
      22
      17
      29
      13
      16
      16
      16
      15
      17
      11
       7
      15
      14
      18
      19
      14
      13
      17
      16
      17
      12
      19
      25
      20
      14
      15
      19
      12
      18
      26
      16
      13
      18
      20
      23
      18
      30
      20
      13
      16
      20
      22
      19
      18
      19
      21
      12
      24
      20
      18
      12
       8
      16
      12
      13
      17
      19
      16
      17
      12
      21
      16
      12
      11
      20
      11
      18
      15
       9
      20
      19
      12
      18
      17
      20
      16
      14
      25
      15
      15
      12
      20
      25
      15
      20
      12
      11
      15
      15
      22
      16
      12
      21
      13
      17
      25
      14
      18
      14
      16
      11
      23
      12
      13
      21
      19
      14
      18
      15
      25
      15
      20
      15
      21
      19
      11
      19
      18
      11
      17
      13
      18
      18
      10
      22
      21
      17
      12
      10
      16
      17
      21
      16
      11
      19
      11
      10
      16
      21
      13
      12
      16
      17
      15
      14
      19
      21
      21
      33
      22
      22
      41
      28
      22
      24
      15
      14
      18
      18
      10
      21
      15
      14
      15
      16
      18
      18
       7
      13
      14
      14
      19
      24
      16
      14
      16
      19
      12
      20
      21
      13
      15
      18
      15
      17
      17
      17
      15
      12
      10
      17
      17
      18
      16
      21
      28
      17
      31
      30
      33
      28
      24
      11
      19
      11
      26
      20
      13
       8
      13
      23
      16
      19
      14
      15
      13
      15
      19
      12
      17
      14
      13
      14
      15
      24
      18
      15
      24
      17
      22
      17
      19
      22
       8
      13
      13
      18
      19
      21
      23
      14
      22
      16
      17
      15
      10
      20
      21
      16
      16
      19
       9
      17
      18
      11
      14
       9
      16
      17
      23
      23
      14
      18
      12
      23
      21
      16
      12
      12
      16
       8
      17
      16
      19
      23
      11
      10
      14
      21
      18
      13
      17
      15
      20
      10
      20
      16
      18
      25
      19
      22
      37
      17
      15
      17
      23
      11
      20
      21
       6
       8
      19
      10
      23
      35
      45
      52
      95
     104
     121
     146
      92
      59
      42
      34
      21
      20
      13
      19
      17
      11
      11
      25
      25
      19
      16
      14
      11
      14
      12
      18
      20
      12
       8
      16
      21
      15
      12
      11
      13
      18
      15
      15
      12
      14
      15
      13
      22
      14
      10
      12
      16
      10
       9
      15
      11
      14
       9
      18
      14
      15
      20
      17
      10
      14
      12
      12
      17
      19
      15
      11
      17
      16
      12
      19
       9
      12
      16
      17
      10
      14
       8
      15
      14
      12
      12
       9
      13
      14
      10
       8
      10
      19
      12
      13
      16
       8
      16
      14
      14
      14
      14
      17
      15
      11
      15
      19
      12
      20
       9
      12
      13
      17
      14
       8
      15
      15
      14
      16
      16
      16
       6
      18
      14
       8
      17
      20
      13
      13
      11
      15
      13
      12
      15
      15
       9
      16
      15
       9
      11
      10
       9
      18
      14
      22
      12
       7
      15
       8
       7
       6
      13
      13
       9
       7
       9
      11
      12
      12
      11
      16
      13
      15
      11
      13
      13
      19
      10
       9
      18
      13
      11
      18
      25
      43
      60
     101
     146
     143
     164
     121
      97
      57
      46
      37
      21
      18
      18
       5
      14
      17
       8
      14
      12
      10
      13
      10
      10
      12
      10
      15
       4
       9
      14
      17
      12
      21
      18
      17
      12
      11
      15
      10
      16
       9
      16
      17
      13
      10
      14
      14
       7
      11
      13
       8
      10
       9
      13
       4
      13
      11
      15
      10
      16
      15
      11
      18
      10
       8
      16
       4
      13
      11
      19
      14
       8
      15
      13
      10
      12
      15
      12
       9
      17
      12
      12
       9
       9
      11
       7
       8
       6
      14
      10
       9
      10
      13
      11
       9
       8
      17
      13
      14
       7
       7
      14
      12
       9
       9
      13
      17
      13
       6
      12
      14
      14
       9
      14
       7
      14
      12
      17
      17
      20
      14
       9
      17
      14
       8
      21
      14
      13
      10
      20
       7
      11
      12
      13
      15
       5
      10
      16
      18
      17
      10
      12
      13
      17
      14
      18
      10
      15
      14
       8
      15
      11
      14
      14
      14
      22
      10
      15
       9
      16
      14
      14
       9
      10
      11
      11
      16
      12
      15
      10
      18
      13
      13
      12
      13
      14
      11
      13
       7
      13
      12
      10
       9
      17
       6
      10
      15
       6
      10
      15
      12
       9
      12
       9
       8
      15
      12
      14
      11
      11
      10
      10
      13
      12
       9
      12
       8
      11
       4
      12
      14
       8
      12
      11
      12
      14
      13
      13
      19
      24
      42
      64
      68
      86
      79
      97
      56
      62
      41
      29
      18
      20
      15
      16
      18
      13
      14
      11
      18
      15
      21
      10
       9
      22
      15
      10
       9
       9
      12
      11
      17
       8
       5
      18
      10
       5
      12
      14
       6
       9
       9
      10
      16
       8
      12
      10
      10
       8
      14
      13
      13
       9
       8
      11
      18
      16
      11
      13
      10
      15
      10
       6
      10
       8
       9
      10
      10
      17
      10
      10
      16
      12
      14
       8
      10
      21
      16
      10
       6
      12
      12
       9
       7
      13
       7
       6
      14
       8
      10
       5
      11
      10
       6
      11
       7
       6
      12
       8
      11
      11
      12
       7
      10
      11
       7
       7
       8
       9
      10
       9
      12
       9
      16
      11
      16
       7
      14
       9
      14
       8
       9
      12
      12
       7
       8
      10
      13
       4
       5
       8
       9
      10
       9
       6
       8
      11
      12
       4
       4
      10
       7
       7
      11
       9
      11
      10
       9
      19
      13
      10
      15
       8
       9
       9
      14
      13
       7
      13
      19
      14
      14
      15
       9
      11
      11
      12
      12
      13
       9
      11
      10
       7
      11
      16
      15
      10
       8
       6
      10
      10
       5
       8
      11
       5
      10
      13
      11
       7
      13
       3
      11
      11
      11
      10
      13
       6
      12
      22
      16
       7
       5
       8
      11
       5
      10
      14
       8
       7
      13
       8
      10
       4
       5
      11
      14
      13
      10
       3
       7
       9
      14
      19
      11
       6
      10
       7
      10
      13
      10
       7
      10
       8
       6
       6
      13
      12
       8
      13
      11
      14
       9
       9
       9
      13
       5
       5
       8
       6
      12
       4
      10
      11
       5
       5
      12
       7
       7
      10
      12
       9
      10
       8
      15
       7
      10
      12
      10
      20
      12
      10
      10
      11
       7
      10
       9
      15
      10
      11
       9
      13
       9
       7
       7
      11
       8
      11
      10
      11
      12
      15
      15
       6
      13
      12
       6
      11
       7
       7
       7
       8
      13
      11
      10
       8
      15
       5
       8
       5
       7
       9
      10
       7
      15
      11
      11
      15
      11
      12
      10
       8
       8
       9
      11
       5
       8
      13
       7
      12
      24
       3
       8
      10
      10
      14
       6
      10
       7
       7
       6
       5
       7
       8
      14
       3
      12
      14
       9
      10
       8
       8
       9
       7
      11
       8
       7
       8
       3
       7
      13
      11
      14
       6
       9
       9
       7
      12
      14
      10
       5
       9
      17
       7
       5
       7
       6
      10
       9
      11
       5
       8
       8
       8
       8
       4
      10
       6
       6
      12
      10
       8
      11
      11
      10
      12
       4
       8
       9
      14
       4
      13
       6
      11
      21
       8
       9
       9
      12
      13
       6
      16
       9
      12
      14
       9
      11
       9
      12
       8
       4
      12
      15
       7
       6
       7
      12
      12
       8
       8
      13
      13
       6
       6
       9
      10
      11
      11
       9
       5
      11
      11
      12
       9
       8
      11
      11
      11
      14
       9
       6
      16
       6
      15
      12
       8
       5
      11
       5
       6
       7
      10
       5
       9
      10
       8
       7
      10
      11
       8
       8
       7
       7
       8
       7
       4
      13
      11
      10
       7
      13
      13
       8
      12
       9
       8
      10
      11
       8
      13
       9
       5
      15
      13
       9
       7
      16
       8
       5
      13
      15
       9
      12
       8
      12
       9
      10
       1
      11
      10
      12
       5
       7
       5
      13
      12
      10
       9
       9
       8
      11
       5
       8
       6
       9
      12
       7
       5
       5
       7
       7
       9
       7
      11
       9
       9
       5
       6
       9
      10
      13
      10
      12
      18
      11
       6
      10
       9
       4
       7
      10
       9
      15
      10
      10
       7
      11
       3
      10
      13
      11
       6
       9
       7
       9
      12
       5
       9
      13
       8
      11
       2
       9
       7
       5
      16
      14
      10
       6
       9
      11
       6
       7
       8
      12
      12
       7
       7
       9
       8
      10
       7
       7
       5
      15
      10
       9
       9
       2
       9
      12
       8
       9
       9
       8
       8
      11
       7
       8
      13
       7
       4
      10
       5
       6
       5
       9
       8
       6
       9
       7
       1
       9
      12
      10
      10
       6
       6
       6
      10
       8
       8
       9
       4
       7
      14
       4
       9
       6
       4
      12
      12
       9
       3
      12
      10
       9
      16
       5
      14
      12
       2
       1
       5
       7
       8
      10
      11
      10
       5
       4
       2
      13
       5
      13
       6
       3
       9
      12
      11
       7
       6
      10
      12
      13
       5
      15
       8
      16
      28
      19
      16
      16
      10
      18
       7
      12
      16
       7
       8
      12
       8
       8
       6
       8
       8
      11
       9
       5
       8
      10
       8
       9
       4
       5
      13
       4
      12
       7
       9
      11
      11
      15
       4
       4
       9
       9
      11
       7
       7
       8
      10
       9
       8
       8
       8
       8
      12
       9
       7
      15
       4
       7
       9
      11
       9
       6
       8
       7
       9
       8
       6
      10
       4
       5
       6
      10
       5
       7
      13
       7
      10
       7
       6
       2
       7
       6
       6
       8
       5
      10
      10
       9
       9
       6
       7
       5
       5
       3
       5
      13
       6
      10
      10
      11
       6
      13
       7
       7
       6
       5
       6
       3
       8
      15
      13
       5
       5
       4
       8
      13
       3
      11
       6
      10
      11
      13
      12
       9
       6
       8
       4
      10
       8
       3
       5
       7
       6
       8
      11
       7
       6
       8
       2
       8
       6
       3
      10
       4
      12
       7
       7
       7
       8
      13
       9
       7
      10
       6
       3
       2
       7
       3
      11
      13
       9
       4
       7
       5
      11
      10
      10
       5
       8
       8
       4
       6
       7
       6
       8
       8
      20
       6
       9
       4
      12
       3
       2
      16
       3
      13
       4
      10
       7
       5
       9
       7
      12
       8
       7
       8
       9
      10
       6
       4
      10
       5
       6
       7
       6
       5
       8
       8
      16
      15
      13
      11
      19
      19
      13
      10
      11
       6
       6
       7
      14
       4
       8
       6
      13
       6
       8
       7
       5
       8
       9
       8
       8
       7
      11
       6
       8
       2
       5
      11
       7
       6
       9
       5
       6
       5
       5
       5
       4
      10
       8
       9
       9
       5
      11
       7
       5
       9
       7
       6
       9
       3
       5
       8
       6
       4
       6
       5
       6
      13
      11
       5
       4
      10
       9
       7
       5
       8
       4
       6
       5
       5
       8
       4
       7
       8
       6
       6
       6
       5
      11
       8
       5
       1
      11
       8
       6
       9
       7
      11
       9
       7
       4
       5
       6
       3
       6
       8
      11
       5
       1
      10
       5
       2
       9
       6
       8
      11
       8
       8
       9
      13
      17
       8
      10
      18
      14
      16
      11
      18
      13
      11
      12
       9
      15
       5
       7
       1
      10
       8
       9
       9
       8
       7
       3
       9
       2
      11
       9
       3
       8
       8
      11
       7
       4
       9
       7
       7
       9
       6
       1
      12
       4
       9
       2
       4
       8
       7
       8
       8
       8
       5
      12
       9
       7
      11
      12
      10
       4
       6
      15
       6
       9
       6
       3
       5
       4
       7
       5
       6
       3
       5
       7
       5
       5
      11
       5
       7
       9
       3
       7
       8
       6
       8
      12
       3
       3
       6
       9
       5
       6
       3
       8
       2
       5
       8
      10
       7
       7
       6
       5
       4
       9
       7
       9
       8
      11
       6
      11
       8
       6
       8
       7
       6
       5
       5
       9
       8
       8
       4
       5
       6
       6
       8
       5
       5
       9
       2
       5
       3
       4
       4
       5
       3
       7
       8
       8
       6
       8
       8
       9
       7
       7
      12
       4
       4
       9
       9
       7
      10
      10
       3
       5
      12
       8
       7
       2
       5
       4
       5
      10
       6
       4
       8
      11
       2
       4
       7
       4
       8
       5
       8
       6
       5
       6
       7
       7
       4
       5
       9
       6
       7
       3
       4
      11
       4
      11
       4
       8
       5
       7
       6
      13
       6
       5
       3
       6
       6
       5
       7
       7
       9
       8
      11
       4
       5
       5
      11
       5
       7
       5
       5
       6
       4
       8
       7
       9
       4
       2
       5
       9
       3
       0
       4
      15
       6
       6
      13
      10
       9
      12
      10
       9
       9
      11
       3
       5
       4
       8
       7
       5
       6
       5
       4
       4
       3
       6
      10
       4
       8
       8
       2
       3
       7
       7
       5
       8
       8
       9
       7
       5
       8
       5
       7
       3
       8
       7
       6
       8
       3
       6
      11
       4
       4
       6
       5
       8
      15
       4
       8
       3
       5
      12
       7
       2
       4
      11
       5
       9
       8
       2
       8
       7
       5
       7
       6
       7
       6
       9
       5
       5
       3
       7
      10
       1
      10
      10
       7
       4
       9
      12
       6
       5
       4
       5
      10
       7
       5
       8
       8
       8
       9
       5
       6
       9
       6
       3
       4
       7
       6
       2
       6
       9
       6
       3
       3
       9
       7
       6
       3
       6
       6
       5
      10
       5
       7
       8
       6
       5
       5
       9
       4
       4
       2
       5
       4
      12
       7
       5
      10
       5
       4
       2
       6
       6
       5
       5
       2
       6
       8
       8
       7
       6
       5
       8
       8
       4
       2
       7
       7
       0
       5
      10
      10
       6
       7
       7
       5
      10
       5
       7
       4
       3
       2
       9
       6
       4
       6
       8
       6
       4
       7
       3
       8
       7
       9
       8
       8
       6
       7
       6
       3
       8
       5
       7
       9
      11
       6
       6
      10
       5
       6
       8
       4
       3
       5
      13
       8
       8
       2
       6
       6
       9
      14
      12
      12
      17
       5
       8
       5
       6
       1
       1
       7
      10
       6
       5
       6
      10
       8
       8
       4
       5
       5
       8
       6
       9
       4
       8
       4
       6
       5
       4
      10
       6
       6
       6
       4
       6
       6
       8
       8
       2
       3
       4
       3
       7
       7
       4
       9
       4
       9
       3
       2
       6
       3
      11
       2
       7
       6
       8
       4
      10
       6
      10
       1
       8
      10
       6
       6
       7
       5
       7
       8
       6
       6
       4
       2
       4
       2
       5
       9
       4
       1
       3
       4
      14
       4
       6
       5
       5
       3
       7
       3
      10
      10
       5
      10
       7
       3
       3
       4
       9
       3
       4
       5
       8
       6
       6
      10
       5
       3
       3
       7
       2
       2
       5
       8
       1
       6
       8
       7
       9
       5
       7
       3
       2
       6
       4
       7
      10
       9
       5
       8
       8
       7
       6
       6
       7
       6
       7
       6
      12
       3
       7
       2
       6
       4
       6
       6
       4
       2
       4
       4
       4
       6
       6
       2
      10
       3
       1
       3
       7
      10
       4
       6
       3
       9
       7
      10
       6
       3
       6
       5
       7
       6
       7
       9
       8
       2
       6
       3
       2
       8
       5
       7
       4
       6
       5
       4
       4
       6
       4
       5
       9
       7
       2
       4
       7
       8
       3
       7
       9
       6
       4
       5
       5
       1
       3
       7
       5
       3
      10
       7
       3
       2
       2
       5
      12
       4
       8
       7
       6
       3
       9
       3
       5
       9
       5
       7
       8
       3
       5
       9
       6
       6
       6
       5
       5
       3
       8
       4
       2
       8
       9
       8
       7
       4
       8
       4
       8
       5
       4
       4
       5
       5
       5
       2
       7
       8
       5
       8
       4
       3
       0
       7
       9
       9
       5
       7
       7
       5
       5
       5
       3
       4
       3
       6
       7
       4
       5
       8
       4
       4
       4
       6
       3
       4
       2
       3
       5
       6
       7
       9
       6
       3
       1
       4
       4
       6
       4
       8
       1
       7
       8
       7
      12
      11
      12
       7
       2
       1
       6
       4
       5
       6
       4
       3
       2
       3
       5
       5
       3
       4
       4
       8
       5
       6
       8
       5
       4
       7
       6
      10
       9
       7
       3
       8
       7
       4
       4
       5
       8
       6
       2
       7
       7
       6
       8
       6
       5
       8
       6
       9
       5
      10
       3
       4
       3
       6
       3
       6
       4
       6
       8
       6
      10
       8
       4
      11
      10
       4
       7
       5
       4
       5
       3
       9
       5
       3
       7
       6
       4
       1
       7
       5
       8
       3
       5
       7
       6
       7
       3
       3
       7
       7
       8
      10
       3
       3
       7
       6
       6
       6
       2
       7
       0
       9
       7
       6
       6
       5
       4
       2
       4
       8
       3
       6
       5
       5
       8
       9
       3
       6
       6
       5
      10
       4
       3
       9
       4
       6
       7
       6
       6
       1
       1
       6
       8
       5
       2
       6
       8
       5
       6
       4
       6
       6
       7
       5
       4
       4
       6
       4
       8
       7
       6
       4
       6
       3
       5
       4
       4
       4
       4
       3
       5
       5
       3
       5
       7
       5
       7
       7
       5
       7
       2
       1
       8
      10
       4
       3
       3
       6
       5
       3
       6
       6
       7
      12
       3
       4
       3
       5
       7
       3
       7
       4
       6
       6
       1
       2
       4
       4
       5
       3
       5
       2
       4
       8
       3
       5
       7
       2
       3
       2
       9
       1
       5
       6
       4
      12
       3
       6
       4
       5
       5
       5
       7
       4
       3
       6
       5
       3
       5
       4
       6
       6
       3
       2
       4
      10
       3
       6
       1
       5
       2
       1
       5
       3
       9
       7
       6
       4
       6
      11
       7
       7
       2
       2
       5
       2
       2
       6
       3
       4
       6
       4
       8
       6
       5
       7
       7
       4
       2
       3
       8
       9
       5
       0
       4
       3
       5
       5
       5
       9
       5
       3
       7
       4
       9
       6
       1
       4
       5
       1
       5
       3
       7
       5
       3
       8
       2
       3
       2
       3
       6
       2
       9
       7
       5
       5
       5
       4
       4
       8
       5
       3
       3
       5
       4
       4
       5
       2
       2
      10
       7
       4
       4
       2
       3
       5
       5
       4
       5
       5
       3
       3
       7
       4
       3
       6
       4
       6
       3
       8
       5
       4
       1
       6
       1
       5
       2
       2
       4
       7
       4
       2
       0
       6
       4
       5
       3
       4
       2
       5
       4
       3
       0
       2
       8
       4
       4
       8
       6
       7
       1
       4
       7
       5
       2
       7
       5
       2
       6
       4
       4
       2
       8
       6
       5
       4
       2
       2
       4
       7
       3
       5
       5
       8
       4
       3
       7
       6
       5
       7
       4
       2
       2
       3
       1
       6
       4
       1
       5
       4
       6
       3
       4
       4
       4
       3
       8
       4
       2
       5
       6
       3
       2
       4
       7
       1
       5
       4
       5
       6
       5
       2
       7
       6
       4
       4
       3
       4
       3
       3
       4
       4
       2
       6
       5
       8
       4
       7
       4
       3
       2
       5
       4
       5
       7
       3
       4
       6
       5
       2
       5
       2
       6
       4
       3
       4
       5
       6
       5
       6
       5
       6
       5
       5
       5
       4
       6
       7
       9
       3
       6
       7
       2
       5
       5
       3
       6
       3
       3
       6
       3
       2
       4
       2
       6
       5
       3
       2
       2
       1
       6
       4
       3
       1
       5
       0
       4
       3
       7
       8
       4
       3
       2
       5
       7
       2
       2
       7
       7
       3
       5
       3
       3
       4
       5
       6
       6
       7
       4
       5
       8
       3
       5
       6
       3
       2
       5
       4
       5
       5
       5
       2
       6
       1
       4
       2
       5
       4
       5
       4
       4
       7
       8
       3
       3
       5
       3
       3
       3
       4
       3
       5
       6
       4
       3
       3
       3
       5
       5
       3
       5
       3
       3
       4
       3
       3
       4
       1
       3
       3
       3
       2
       6
       2
       4
       4
       7
       4
       4
       6
       3
       5
       5
       3
       7
       2
       1
       1
       7
       3
       2
       8
       3
       4
       4
       2
       2
       4
       4
       5
       8
       4
       7
       3
       3
       4
       9
       5
       4
       6
       4
       4
       4
       3
       9
      10
       5
       4
       2
       4
       7
       6
       4
       2
       2
       6
       3
       3
       5
       4
       5
       2
       4
       1
       2
       6
       4
       5
       3
       4
       1
       3
       9
       1
       4
       4
       4
       5
       3
       6
       3
       1
       3
       3
       4
       6
       3
       5
       8
       5
       4
       6
       8
       1
       3
       4
       3
       5
       1
       3
       1
       5
       5
       3
       5
       4
       4
       5
       6
       9
       3
       2
       2
       4
       5
       6
       4
       5
       5
       6
       3
       4
       6
       7
       4
       6
       5
       2
       4
       5
       3
       2
       5
       2
       2
       5
       4
       3
       4
       5
       9
       3
       3
       4
       1
       9
       9
       6
       4
       8
       3
       5
       2
       8
       4
       2
       9
       3
       2
       2
       2
       3
       4
       1
       3
       2
       2
       3
       2
       2
       4
       6
       7
       2
       4
       2
       1
       1
       4
       5
       3
       5
       1
       0
       4
       4
       4
       1
       5
       3
       3
       3
       4
       3
       4
       8
       6
       5
       5
       2
       2
       5
       1
       2
       1
       4
       2
       7
       3
       3
       4
       6
       4
       3
       6
       1
       4
       2
       5
       6
       4
       2
       4
       1
       3
       3
       1
       4
       3
       5
       2
       5
       2
       4
       3
       3
       1
       4
       8
       7
       4
       9
       5
       3
       2
       2
       3
       5
       6
       2
       3
       1
       3
       1
       4
       6
       3
       3
       5
       4
       3
       8
       7
       2
       3
       7
       2
       6
       5
       2
       1
       5
       5
       1
       3
       5
       5
       1
       3
       3
       3
       5
       5
       3
       6
       6
       3
       4
       2
       1
       2
       4
       2
       3
       5
       1
       4
       1
       4
       2
       4
       2
       5
       6
       6
       5
       5
       2
       5
       2
       3
       5
       5
       3
       1
       6
       1
       5
       6
       1
       3
       3
       3
       4
       4
       4
       4
       4
       5
      10
      14
      13
      12
      18
      20
      21
      25
      22
      28
      24
      15
      14
      11
       7
       9
       6
       5
       3
       5
       5
       5
       2
       2
       3
       3
       1
       5
       6
       2
       3
       5
       1
       0
       2
       1
       3
       1
       3
       3
       3
       2
       2
       3
       5
       4
       5
       3
       4
       7
       4
       2
       2
       3
       4
       2
       1
       1
       5
       6
       5
       4
       4
       4
       4
       0
       3
       2
       4
       1
       0
       3
       3
       3
       5
       2
       3
       5
       1
       2
       2
       5
       5
       4
       4
       7
       5
       5
       4
       8
       8
       7
       3
       2
       5
       2
       3
       4
       3
       4
       1
       7
       3
       5
       2
       1
       3
       0
      10
       3
       3
       6
       6
       3
       2
       2
       5
       3
       5
       2
       4
       5
       3
       1
       3
       4
       6
       4
       3
       5
       2
       2
       3
       3
       3
       4
       0
       5
       2
       7
       5
       2
       5
       4
       4
       3
       4
       7
       5
       5
       4
       2
       3
       3
       3
       2
       3
       2
       2
       7
       2
       5
       1
       2
       4
       5
       4
       3
       3
       1
       5
       0
       7
       4
       7
       4
       6
       5
       2
       4
       3
       1
       3
       6
       3
       2
       1
       5
       6
       2
       4
       8
       1
       3
       7
       2
       7
       4
       4
       1
       3
       2
       3
       1
       4
       3
       5
       5
       2
       3
       7
       8
       2
       1
       2
       2
       3
       1
       6
       3
       0
       2
       6
       1
       3
       1
       6
       3
       2
       4
       4
       3
       1
       3
       3
       1
       3
       1
       0
       7
       2
       4
       2
       3
       4
       6
       2
       4
       5
       5
       3
       3
       3
       4
       2
       2
       2
       6
       3
       1
       6
       4
       4
       3
       2
       2
       2
       4
       2
       2
       0
       1
       6
       2
       0
       3
       1
       4
       3
       2
       2
       2
       2
       2
       3
       4
       7
       2
       3
       2
       1
       2
       4
       1
       3
       1
       1
       0
       3
       2
       2
       3
       4
       1
       2
       2
       5
       3
       1
       4
       1
       2
       2
       1
       4
       8
       2
       4
       3
       4
       2
       1
       3
       4
       4
       3
       1
       6
       2
       2
       2
       1
       6
       1
       3
       3
       6
       7
       3
       5
       2
       4
       3
       2
       3
       3
       3
       2
       4
       4
       3
       1
       1
       7
       3
       7
       3
       4
       3
       4
       2
       3
       2
       3
       3
       3
       3
       3
       1
       4
       3
       3
       1
       7
       4
       5
       3
       1
       4
       5
       3
       3
       4
       3
       3
       4
       3
       4
       1
       4
       3
       1
       5
       4
       1
       1
       2
       2
       2
       3
       2
       3
       2
       4
       0
       1
       4
       5
       1
       1
       3
       3
       3
       4
       1
       3
       0
       4
       4
       2
       0
       2
       1
       1
       2
       1
       3
       2
       3
       4
       4
       0
       4
       2
       3
       2
       2
       3
       4
       4
       3
       4
       5
       5
       2
       1
       3
       2
       4
       3
       2
       8
       2
       2
       4
       5
       2
       2
       4
       5
       4
       3
       7
       4
       9
       5
       1
       6
       3
       5
       1
       3
       3
       2
       3
       3
       5
       5
       8
       2
       1
       1
       2
       6
       2
       4
       2
       3
       3
       6
       3
       5
       4
       1
       3
       5
       1
       2
       0
       5
       0
       4
       1
       1
       0
       0
       2
       4
       3
       3
       1
       2
       1
       2
       4
       0
       1
       5
       5
       2
       3
       4
       4
       2
       0
       1
       5
       2
       2
       3
       4
       3
       3
       3
       2
       5
       4
       2
       1
       1
       2
       1
       3
       2
       3
       0
       4
       5
       1
       3
       4
       5
       3
       0
       3
       2
       4
       2
       3
       1
       6
       4
       0
       1
       3
       0
       0
       1
       4
       3
       3
       3
       1
       4
       4
       1
       0
       4
       4
       2
       1
       3
       3
       5
       2
       4
       3
       2
       3
       5
       0
       2
       3
       2
       4
       2
       2
       2
       1
       2
       1
       2
       4
       1
       2
       1
       2
       6
       5
       2
       2
       2
       2
       4
       0
       5
       3
       0
       2
       2
       5
       4
       2
       2
       4
       4
       1
       6
       8
       1
       4
       1
       1
       1
       2
       2
       4
       3
       1
       2
       6
       6
       2
       4
       1
       5
       3
       3
       2
       3
       1
       1
       1
       2
       1
       2
       2
       3
       2
       3
       3
       3
       3
       0
       5
       3
       1
       5
       3
       2
       3
       3
       0
       3
       2
       2
       1
       1
       2
       4
       2
       1
       2
       1
       5
       5
       4
       1
       6
       3
       2
       3
       0
       2
       0
       3
       3
       4
       2
       2
       1
       3
       2
       3
       2
       5
       2
       3
       0
       1
       1
       5
       2
       2
       2
       4
       2
       5
       3
       5
       1
       1
       1
       3
       0
       4
       4
       0
       0
       1
       3
       3
       9
       4
       1
       4
       2
       1
       3
       2
       2
       1
       3
       1
       5
       5
       7
       3
       2
       4
       3
       2
       2
       1
       1
       4
       4
       8
       2
       3
       2
       2
       3
       3
       5
       4
       2
       3
       1
       2
       3
       4
       6
       5
       2
       0
       7
       4
       3
       1
       3
       2
       3
       3
       4
       4
       5
       3
       4
       2
       4
       7
       4
       2
       1
       1
       2
       5
       5
       2
       2
       2
       2
       7
       5
       0
       5
       1
       4
       0
       1
       0
       0
       3
       3
       3
       3
       1
       3
       1
       5
       2
       1
       3
       0
       2
       5
       2
       2
       3
       3
       3
       0
       3
       0
       1
       3
       4
       5
       2
       2
       3
       7
       3
       3
       4
       3
       3
       3
       2
       2
       0
       3
       2
       7
       0
       2
       1
       2
       3
       2
       1
       4
       2
       1
       0
       2
       4
       0
       5
       2
       2
       3
       2
       3
       2
       0
       3
       1
       3
       2
       5
       3
       4
       5
       7
       2
       2
       3
       1
       5
       4
       3
       1
       5
       4
       3
       3
       0
       4
       2
       2
       3
       1
       3
       2
       0
       1
       0
       7
       1
       1
       2
       4
       7
       2
       4
       4
       1
       3
       2
       2
       7
       1
       1
       2
       7
       2
       1
       4
       3
       1
       8
       5
       5
       0
       1
       1
       3
       2
       7
       2
       2
       4
       2
       5
       6
       2
       7
       2
       3
       3
       3
       2
       3
       3
       3
       2
       1
       4
       2
       1
       3
       3
       2
       3
       2
       4
       2
       3
       5
       6
       3
       4
       4
       1
       3
       4
       4
       1
       1
       1
       1
       2
       1
       7
       1
       1
       4
       3
       1
       5
       4
       1
       5
       3
       1
       2
       2
       2
       2
       1
       4
       3
       3
       1
       2
       2
       4
       4
       3
       4
       4
       4
       2
       1
       3
       3
       1
       4
       2
       0
       2
       2
       1
       2
       2
       4
       3
       5
       5
       5
       1
       4
       2
       2
       1
       0
       3
       2
       4
       0
       2
       2
       1
       2
       1
       5
       5
       0
       3
       1
       3
       1
       3
       3
       1
       3
       1
       3
       3
       0
       2
       3
       2
       3
       3
       2
       1
       4
       5
       0
       0
       2
       2
       2
       5
       5
       4
       2
       2
       0
       3
       3
       2
       3
       6
       7
       6
       5
       3
       3
       8
      11
      13
       8
      10
       8
       8
       7
       8
       2
       8
       5
       2
       4
       2
       5
       1
       2
       2
       3
       2
       4
       1
       1
       1
       2
       3
       2
       3
       1
       1
       2
       2
       1
       3
       1
       3
       0
       3
       2
       0
       0
       0
       1
       4
       1
       1
       4
       1
       3
       7
       1
       2
       1
       2
       3
       3
       1
       2
       0
       2
       2
       4
       6
       2
       3
       3
       2
       2
       4
       1
       4
       1
       5
       3
       2
       1
       3
       5
       6
       1
       4
       2
       1
       5
       1
       4
       0
       1
       2
       2
       2
       2
       2
       1
       1
       3
       1
       4
       4
       3
      10
       1
       2
       1
       3
       1
       2
       2
       6
       2
       1
       3
       3
       2
       1
       2
       1
       2
       2
       2
       5
       4
       1
       4
       1
       0
       2
       2
       2
       1
       0
       1
       1
       1
       5
       2
       1
       1
       0
       3
       3
       3
       1
       2
       4
       1
       1
       2
       2
       1
       2
       2
       2
       2
       0
       4
       4
       4
       1
       1
       4
       0
       4
       1
       3
       5
       1
       1
       2
       0
       4
       2
       2
       4
       1
       2
       2
       3
       3
       2
       0
       1
       1
       2
       0
       2
       1
       3
       0
       0
       2
       2
       6
       0
       3
       4
       1
       3
       1
       1
       0
       1
       5
       4
       3
       0
       2
       2
       1
       2
       3
       1
       3
       3
       0
       2
       1
       2
       3
       3
       1
       1
       2
       3
       2
       0
       2
       2
       2
       1
       2
       1
       4
       2
       1
       2
       1
       3
       1
       3
       2
       2
       1
       1
       2
       0
       0
       2
       3
       3
       0
       2
       2
       1
       2
       5
       3
       5
       2
       3
       0
       5
       2
       2
       4
       3
       4
       5
       3
       2
       1
       2
       3
       4
       2
       3
       2
       1
       1
       2
       3
       1
       0
       0
       4
       0
       1
       1
       2
       3
       2
       1
       4
       4
       7
       2
       7
       3
       7
       5
       3
       5
       3
       1
       2
       2
       0
       2
       1
       2
       3
       3
       2
       2
       1
       1
       1
       2
       2
       2
       0
       0
       1
       5
       3
       0
       1
       6
       1
       1
       3
       1
       1
       2
       0
       3
       0
       3
       1
       4
       0
       2
       1
       1
       7
       1
       3
       1
       4
       0
       1
       0
       3
       2
       2
       2
       2
       1
       2
       0
       3
       3
       6
       2
       0
       1
       1
       0
       0
       0
       1
       1
       1
       5
       3
       4
       3
       0
       3
       1
       2
       0
       3
       1
       0
       0
       2
       1
       3
       0
       2
       5
       0
       2
       2
       1
       0
       1
       1
       3
       3
       2
       1
       3
       1
       3
       2
       1
       3
       5
       1
       5
       1
       1
       3
       4
       2
       3
       1
       5
       1
       3
       2
       2
       0
       1
       2
       3
       2
       2
       1
       2
       0
       4
       4
       4
       1
       3
       2
       1
       1
       1
       2
       2
       1
       4
       3
       1
       2
       1
       2
       1
       2
       2
       3
       4
       3
       1
       4
       5
       0
       0
       1
       0
       1
       1
       4
       2
       3
       0
       1
       2
       2
       1
       2
       0
       1
       3
       4
       3
       3
       3
       0
       1
       2
       4
       2
       1
       0
       1
       3
       4
       3
       2
       5
       1
       1
       2
       1
       1
       0
       1
       4
       5
       1
       0
       0
       3
       3
       2
       1
       2
       2
       4
       0
       3
       2
       0
       1
       1
       3
       2
       2
       5
       2
       0
       2
       0
       1
       2
       3
       3
       0
       3
       4
       0
       3
       3
       0
       0
       5
       1
       2
       1
       1
       2
       0
       2
       1
       2
       3
       1
       2
       3
       1
       3
       2
       3
       2
       2
       1
       2
       0
       3
       1
       0
       3
       0
       2
       3
       4
       1
       2
       2
       2
       4
       1
       1
       2
       0
       1
       3
       3
       3
       6
       0
       1
       1
       2
       1
       3
       0
       2
       3
       2
       2
       0
       3
       2
       2
       5
       1
       1
       1
       1
       2
       0
       2
       2
       1
       1
       4
       0
       1
       3
       1
       3
       3
       1
       2
       2
       1
       1
       3
       4
       3
       3
       2
       1
       2
       1
       1
       1
       2
       2
       2
       1
       0
       2
       0
       3
       1
       1
       3
       5
       4
       1
       3
       3
       2
       4
       1
       3
       2
       1
       0
       1
       5
       1
       3
       2
       3
       3
       0
       0
       0
       3
       3
       2
       2
       0
       2
       0
       4
       4
       1
       0
       3
       1
       1
       2
       2
       1
       4
       3
       0
       3
       1
       5
       3
       4
       2
       0
       3
       2
       3
       5
       0
       4
       1
       2
       0
       1
       3
       3
       1
       1
       1
       1
       4
       1
       2
       3
       3
       6
       1
       2
       3
       2
       0
       2
       2
       1
       4
       2
       0
       2
       1
       3
       3
       3
       2
       1
       2
       3
       3
       0
       4
       0
       1
       2
       2
       1
       1
       1
       1
       0
       1
       2
       3
       1
       0
       2
       3
       1
       2
       0
       2
       5
       1
       1
       1
       2
       1
       1
       3
       1
       2
       3
       2
       1
       4
       2
       0
       1
       2
       2
       1
       2
       3
       2
       2
       0
       2
       2
       4
       3
       1
       3
       2
       2
       1
       0
       0
       1
       4
       2
       1
       0
       1
       0
       3
       2
       2
       0
       0
       6
       1
       2
       4
       1
       2
       1
       1
       1
       1
       3
       3
       4
       0
       4
       3
       0
       3
       1
       1
       1
       2
       1
       2
       2
       2
       1
       2
       0
       1
       0
       1
       3
       0
       0
       1
       0
       0
       1
       0
       4
       3
       0
       2
       0
       2
       2
       1
       1
       2
       2
       0
       6
       3
       1
       1
       3
       2
       2
       2
       0
       1
       0
       0
       1
       1
       1
       1
       1
       1
       4
       2
       2
       1
       4
       1
       1
       2
       2
       3
       3
       3
       1
       2
       0
       2
       2
       0
       1
       0
       0
       1
       0
       2
       1
       2
       2
       4
       0
       0
       1
       3
       1
       3
       2
       4
       3
       2
       0
       1
       2
       3
       1
       2
       1
       1
       5
       1
       2
       1
       0
       2
       1
       2
       1
       1
       1
       1
       5
       1
       0
       2
       0
       2
       0
       1
       1
       1
       1
       1
       1
       1
       1
       2
       0
       5
       0
       2
       2
       2
       3
       4
       2
       4
       2
       1
       1
       2
       1
       2
       1
       1
       1
       2
       2
       2
       1
       2
       2
       2
       1
       1
       4
       3
       2
       0
       1
       0
       0
       0
       1
       2
       3
       4
       1
       2
       0
       3
       2
       1
       2
       1
       0
       2
       6
       0
       3
       1
       2
       2
       4
       1
       1
       3
       6
       1
       3
       2
       4
       0
       2
       0
       1
       4
       1
       2
       0
       1
       1
       3
       1
       2
       4
       4
       1
       3
       1
       3
       2
       4
       1
       2
       2
       4
       1
       1
       2
       2
       0
       3
       1
       0
       3
       3
       3
       3
       1
       0
       1
       2
       1
       0
       3
       2
       5
       2
       1
       2
       1
       4
       1
       3
       0
       0
       0
       0
       0
       1
       2
       3
       5
       1
       0
       7
       1
       1
       2
       1
       1
       1
       1
       3
       2
       2
       0
       2
       4
       1
       1
       2
       2
       0
       1
       4
       1
       5
       3
       3
       1
       3
       0
       2
       2
       2
       1
       2
       1
       4
       1
       3
       3
       1
       0
       1
       3
       3
       2
       4
       1
       0
       2
       2
       0
       2
       2
       3
       0
       1
       0
       1
       6
       2
       3
       5
       2
       3
       3
       0
       1
       0
       1
       2
       2
       0
       4
       3
       2
       0
       2
       2
       2
       2
       1
       3
       1
       3
       1
       1
       1
       2
       2
       2
       2
       1
       1
       2
       2
       0
       2
       3
       2
       0
       2
       2
       1
       4
       1
       3
       1
       2
       3
       3
       1
       4
       0
       0
       2
       2
       0
       4
       5
       1
       1
       1
       2
       2
       4
       1
       1
       0
       0
       1
       0
       5
       1
       1
       4
       3
       4
       2
       1
       2
       5
       5
       7
       1
       5
       3
       0
       2
       3
       3
       1
       1
       1
       1
       3
       1
       2
       2
       1
       2
       0
       0
       1
       0
       2
       2
       0
       3
       1
       1
       0
       1
       4
       2
       2
       1
       1
       2
       1
       4
       0
       0
       3
       2
       2
       3
       4
       2
       2
       1
       2
       0
       1
       1
       1
       2
       0
       1
       1
       2
       0
       1
       2
       1
       2
       0
       1
       1
       2
       0
       1
       2
       1
       2
       0
       1
       1
       0
       1
       1
       2
       5
       1
       0
       1
       2
       2
       2
       2
       3
       0
       2
       3
       0
       0
       2
       3
       0
       2
       0
       3
       4
       2
       3
       0
       1
       1
       3
       0
       3
       1
       2
       1
       2
       3
       2
       0
       4
       3
       0
       2
       5
       0
       2
       0
       2
       1
       0
       0
       3
       0
       2
       2
       1
       1
       2
       2
       0
       3
       2
       1
       2
       2
       1
       1
       1
       2
       1
       2
       1
       0
       0
       1
       2
       2
       3
       1
       0
       1
       4
       1
       0
       1
       2
       1
       1
       0
       5
       1
       5
       5
       1
       1
       0
       2
       0
       2
       1
       1
       1
       2
       4
       0
       1
       1
       0
       1
       4
       1
       5
       0
       3
       0
       1
       1
       2
       0
       1
       0
       1
       4
       2
       2
       1
       0
       2
       2
       1
       1
       1
       0
       3
       2
       0
       3
       0
       2
       0
       2
       3
       0
       1
       1
       1
       3
       2
       1
       2
       4
       2
       3
       3
       0
       0
       1
       0
       3
       2
       0
       0
       3
       1
       0
       3
       0
       2
       1
       2
       2
       2
       2
       0
       3
       3
       2
       3
       2
       1
       3
       2
       3
       2
       1
       0
       1
       1
       1
       1
       1
       2
       1
       1
       2
       1
       2
       0
       0
       0
       1
       0
       2
       3
       0
       0
       4
       3
       1
       0
       2
       3
       3
       2
       1
       2
       2
       0
       4
       1
       0
       1
       2
       4
       1
       0
       0
       2
       2
       1
       0
       2
       2
       4
       1
       0
       2
       3
       2
       2
       2
       1
       1
       0
       3
       0
       0
       1
       4
       2
       3
       1
       4
       2
       1
       2
       2
       1
       0
       3
       1
       1
       0
       2
       4
       2
       1
       2
       0
       3
       3
       2
       4
       3
       3
       3
       5
       0
       2
       5
       4
       9
       4
       3
       3
       2
       5
       3
       1
       2
       1
       1
       2
       3
       3
       4
       0
       0
       0
       3
       3
       1
       0
       1
       1
       2
       2
       2
       0
       1
       2
       5
       3
       0
       0
       3
       4
       1
       3
       2
       2
       1
       2
       1
       3
       3
       0
       3
       3
       0
       2
       3
       2
       2
       0
       0
       0
       1
       1
       0
       3
       1
       2
       0
       2
       2
       1
       1
       3
       1
       2
       1
       3
       0
       2
       1
       0
       1
       1
       1
       1
       1
       5
       2
       1
       2
       1
       4
       2
       3
       3
       2
       0
       1
       1
       3
       0
       1
       3
       0
       2
       2
       1
       3
       4
       2
       2
       3
       3
       1
       0
       0
       1
       1
       0
       2
       4
       1
       0
       2
       0
       0
       1
       3
       0
       3
       2
       3
       0
       3
       4
       2
       4
       2
       0
       3
       7
       2
       2
       1
       1
       3
       1
       1
       0
       1
       1
       1
       0
       0
       2
       2
       0
       1
       1
       2
       2
       1
       4
       1
       0
       0
       0
       0
       3
       3
       0
       0
       0
       0
       0
       0
       0
       0
       0
       0
       0
       0
       0
       0
       0
       0
       0
       0
       0
       0
       0
       0
       0
       0
       0
       0
       0
       0
       0
       0
       0
       0
       0
       0
       0
       0
       0
       0
       0
       0
       0
       0
       0
       0
       0
       0
       0
       0
       0
       0
       0
       0
       0
       0
       0
       0
       0
       0
       0
       0
       0
       0
       0
       0
       0
       0
       0
       0
       0
       0
       0
       0
       0
       0
       0
       0
       0
       0
       0
       0
       0
       0
       0
       0
       0
       0
       0
       0
       0
       0
       0
       0
       0
       0
       0
       0
       0
       0
       0
       0
       0
       0
       0
       0
       0
       0
       0
       0
       0
       0
       0
       0
       0
       0
       0
       0
       0
       0
       0
       0
       0
       0
       0
       0
       0
       0
       0
       0
$ROI:
0
$PRESETS:
None
0
0
$ENER_FIT:
-2.173939 0.279251
$MCA_CAL:
3
-2.173939E+000 2.792507E-001 0.000000E+000 keV
$SHAPE_CAL:
3
1.571259E+001 -1.155430E-003 0.000000E+000
