$SPEC_ID:
226Ra
$SPEC_REM:
DET# 1
DETDESC# MCB 132 Input 1
AP# Maestro Version 6.06
$DATE_MEA:
12/30/2021 12:10:42
$MEAS_TIM:
261165 261187
$DATA:
0 8191
       0
       0
       0
       0
       0
       0
       0
       0
       0
       1
       0
       0
       0
       0
       0
       0
       0
       0
       0
       0
       0
       0
       0
       0
       0
       1
    3547
   27193
    2058
     644
     566
     604
     646
     677
     645
     699
     770
     686
     665
     644
     711
     737
     809
     668
     628
     541
     481
     469
     409
     477
     473
     458
     460
     452
     469
     424
     384
     424
     407
     378
     351
     392
     349
     353
     342
     340
     320
     301
     335
     287
     309
     295
     286
     313
     332
     263
     293
     291
     264
     277
     225
     280
     252
     277
     251
     268
     273
     238
     242
     253
     248
     218
     258
     227
     239
     235
     206
     236
     199
     230
     217
     224
     221
     201
     212
     180
     187
     201
     180
     198
     205
     206
     185
     183
     197
     197
     202
     198
     196
     199
     191
     173
     210
     212
     170
     173
     175
     177
     182
     194
     198
     167
     193
     174
     173
     155
     172
     181
     176
     179
     169
     181
     184
     168
     182
     184
     149
     175
     185
     183
     164
     169
     153
     180
     144
     187
     157
     152
     149
     191
     169
     146
     182
     170
     162
     201
     166
     172
     175
     192
     214
     274
     345
     351
     258
     210
     149
     167
     171
     160
     140
     135
     156
     161
     166
     156
     175
     146
     177
     161
     158
     166
     158
     167
     177
     217
     228
     211
     201
     170
     170
     160
     192
     165
     174
     175
     170
     163
     170
     161
     155
     177
     175
     166
     213
     164
     181
     196
     197
     210
     214
     176
     179
     172
     190
     169
     186
     198
     166
     174
     298
     392
     500
     449
     315
     206
     196
     156
     182
     157
     166
     171
     175
     159
     174
     188
     175
     165
     174
     184
     167
     155
     180
     181
     177
     174
     190
     199
     182
     195
     171
     173
     188
     211
     213
     230
     257
     205
     226
     214
     191
     224
     231
     340
     332
     274
     244
     203
     194
     187
     252
     254
     267
     232
     214
     195
     160
     196
     176
     214
     196
     196
     195
     184
     204
     225
     205
     191
     193
     188
     182
     217
     176
     192
     205
     238
     318
     257
     291
     287
     266
     250
     197
     185
     192
     210
     232
     274
     252
     247
     228
     199
     204
     184
     191
     222
     205
     231
     207
     229
     196
     190
     199
     277
     359
     598
     899
     917
     857
     645
     385
     267
     226
     205
     211
     212
     189
     186
     181
     191
     173
     193
     184
     193
     188
     176
     220
     216
     266
     211
     198
     203
     200
     172
     192
     205
     189
     168
     196
     180
     177
     207
     203
     174
     172
     184
     174
     205
     188
     202
     199
     226
     202
     186
     190
     188
     198
     198
     203
     189
     195
     221
     211
     199
     201
     210
     217
     235
     212
     226
     208
     229
     233
     197
     209
     229
     196
     210
     226
     254
     228
     213
     212
     217
     209
     208
     197
     231
     195
     186
     192
     192
     195
     199
     200
     206
     180
     190
     195
     197
     190
     202
     206
     215
     204
     210
     220
     231
     209
     214
     188
     198
     197
     223
     188
     187
     220
     182
     189
     194
     174
     184
     234
     222
     217
     209
     192
     180
     206
     182
     213
     213
     204
     193
     195
     197
     223
     229
     235
     217
     186
     218
     220
     209
     202
     207
     222
     210
     189
     193
     201
     201
     228
     192
     183
     174
     204
     193
     206
     177
     205
     199
     206
     188
     194
     179
     193
     197
     198
     209
     210
     214
     211
     205
     245
     214
     237
     224
     211
     217
     215
     200
     216
     201
     197
     168
     205
     249
     264
     297
     350
     270
     262
     199
     190
     200
     205
     196
     192
     219
     194
     176
     192
     202
     230
     203
     205
     190
     203
     194
     183
     199
     186
     200
     201
     216
     207
     226
     186
     207
     208
     184
     196
     208
     188
     219
     226
     188
     218
     193
     171
     218
     224
     191
     206
     178
     188
     167
     174
     213
     208
     207
     199
     210
     196
     200
     209
     209
     190
     183
     192
     179
     186
     176
     186
     187
     215
     212
     234
     265
     235
     246
     217
     207
     207
     189
     230
     192
     203
     170
     194
     178
     183
     195
     201
     201
     161
     185
     196
     181
     203
     150
     191
     188
     179
     226
     199
     200
     178
     188
     196
     214
     185
     184
     189
     169
     207
     187
     177
     191
     193
     182
     193
     169
     162
     182
     180
     207
     204
     160
     189
     211
     155
     208
     183
     209
     191
     197
     193
     187
     193
     176
     167
     185
     168
     196
     186
     186
     192
     189
     194
     189
     195
     196
     188
     189
     256
     372
     546
     725
     723
     611
     360
     204
     189
     165
     182
     182
     171
     181
     175
     186
     178
     168
     181
     167
     194
     175
     167
     176
     157
     187
     166
     183
     190
     162
     194
     183
     188
     182
     182
     188
     169
     181
     176
     154
     200
     192
     198
     168
     183
     187
     171
     187
     194
     198
     219
     191
     189
     194
     148
     158
     156
     186
     186
     156
     166
     179
     176
     173
     184
     167
     202
     183
     181
     166
     159
     197
     206
     217
     212
     207
     181
     182
     185
     145
     166
     167
     166
     174
     187
     153
     185
     191
     169
     176
     177
     159
     158
     162
     168
     182
     173
     165
     146
     163
     148
     176
     163
     139
     163
     165
     154
     142
     141
     141
     165
     153
     171
     155
     165
     158
     195
     140
     144
     155
     158
     151
     175
     155
     164
     160
     159
     145
     166
     127
     168
     158
     148
     166
     160
     147
     151
     164
     156
     179
     184
     181
     162
     151
     149
     166
     162
     155
     184
     172
     153
     139
     134
     131
     163
     138
     155
     146
     136
     145
     138
     172
     179
     145
     166
     151
     139
     155
     148
     152
     192
     127
     153
     145
     138
     165
     159
     148
     149
     158
     172
     139
     149
     156
     149
     148
     154
     150
     149
     174
     242
     315
     395
     368
     323
     243
     177
     155
     151
     181
     182
     165
     168
     159
     155
     135
     160
     139
     151
     135
     140
     142
     147
     147
     141
     142
     132
     146
     127
     148
     145
     135
     158
     141
     138
     126
     148
     160
     142
     125
     125
     143
     156
     141
     148
     142
     149
     138
     125
     139
     145
     130
     133
     163
     133
     145
     126
     121
     137
     132
     136
     133
     144
     127
     156
     142
     148
     153
     147
     127
     135
     165
     160
     140
     152
     143
     127
     128
     130
     115
     133
     149
     144
     141
     135
     144
     134
     148
     111
     126
     142
     110
     139
     149
     123
     129
     115
     126
     139
     133
     114
     126
     147
     125
     138
     123
     143
     116
     134
     133
     129
     141
     145
     137
     146
     119
     125
     115
     135
     133
     119
     147
     118
     125
     129
     132
     136
     112
     122
     141
     120
     137
     123
     128
     142
     126
     122
      82
     137
     114
     142
     129
     124
     119
     151
     127
     149
     114
     134
     121
     119
     112
     138
     133
     131
     133
     130
     151
     124
     122
     112
     123
     107
     117
     111
     107
     122
     137
     110
     103
     119
     117
      98
     120
     139
     121
     101
     127
     114
     116
     129
     113
     129
     110
     126
     115
     118
     134
     104
     145
     125
     116
     133
     101
     119
     128
      92
     109
     130
     113
     123
     129
     118
     130
     141
     130
     135
     127
     106
     135
     107
     120
     116
     134
     122
     109
     114
     109
     118
     123
     127
     105
     124
     141
     119
     125
      94
     109
     130
     114
     118
     119
     111
     115
     103
     110
     103
      92
      89
     117
      97
     106
     100
     119
     120
     111
     104
     115
     121
     112
     116
     108
     103
     127
     116
     107
     108
     111
     108
     107
     131
      99
     120
      88
     121
      98
     107
     100
     106
     106
      90
     105
     109
      93
     107
     113
      99
     109
     115
     107
     103
     116
     103
     104
     105
      95
      91
      91
     120
     123
      94
     101
     126
     103
      87
      96
     114
     118
     106
     101
     126
      95
      99
      98
     104
     103
     103
      93
     109
      92
     124
     106
      90
      97
      91
     110
     115
     109
     100
     100
     102
     103
     107
     105
     104
     117
     109
     104
      92
      98
     104
     124
     119
     106
      88
     104
     105
     107
      99
     101
     108
      86
      87
      89
     110
      94
      99
      94
     112
     124
      90
      98
      99
     107
     117
     107
     126
     132
     152
     133
     120
     105
      99
     100
     104
     102
      96
      97
      81
     105
     105
      99
     109
      98
      76
     102
     104
      90
      91
      97
      97
      90
      93
      85
     112
      90
      87
      90
      98
     100
     112
     104
      88
      96
      98
     110
     102
     104
     108
      92
      75
      91
      98
      95
     116
     123
     149
     144
     153
     113
     120
     100
     102
      86
      90
      84
      86
      77
      78
     114
      97
      86
     104
      97
      98
     106
      91
      88
      96
      87
      69
      84
      94
      89
      87
      92
     104
      82
      93
     112
      84
      88
      84
      77
     103
     107
      93
      91
      98
      91
      84
      89
      75
      90
      95
     109
      96
      80
      89
      88
      73
      89
      92
      92
      85
      90
     100
      98
      93
      85
      76
      70
      99
     100
      85
      87
      88
     102
      93
     100
      98
      85
      94
     103
      84
      80
      70
      90
      85
      87
      83
      75
     102
      82
      88
      94
     104
      84
      95
      71
     107
      85
      76
      92
      93
      82
      78
      96
      95
      69
      90
      83
      98
      89
      84
      81
      79
      92
      89
      80
      82
      89
      95
      74
      86
      89
      91
      86
      88
      92
      89
      82
      88
      75
      74
      65
      84
      83
      76
      86
      95
      83
      80
      86
      95
      76
      82
      87
      75
      89
      96
      81
      90
      85
      83
      80
      74
      73
      97
     104
      87
      64
      90
     101
     106
      77
      85
      88
      85
      70
      74
      69
      73
      94
      81
     101
      65
      91
      74
      73
      99
      65
      90
      72
      80
      66
      88
      78
      82
      71
      88
      82
      92
      83
      79
      88
      83
      76
      80
      69
     102
      71
      84
      62
      62
     102
      75
      81
      89
      77
      89
      90
      81
      80
      85
      75
      89
      83
      57
      80
      77
      65
      84
      66
      88
      80
      89
      71
      85
      71
      64
      70
      90
      80
      68
      75
      85
      68
      72
      85
      73
      72
      73
      90
      79
      62
      85
      77
      87
      77
      83
      73
      79
      80
      75
      63
      73
      80
      80
      74
      64
      78
      72
      67
      81
      88
      76
      69
      65
      62
      82
      84
      79
      79
      76
      64
      72
      73
      84
      63
      71
      67
      77
      84
      76
      88
      68
      82
      67
      76
      65
      63
      63
     103
      88
     115
     213
     300
     408
     485
     458
     424
     294
     190
     125
      94
      83
      78
      70
      87
      71
      73
      82
      67
      75
      75
      65
      75
      70
      68
      56
      79
      60
      83
      64
      68
      75
      65
      60
      70
      66
      71
      79
      82
      70
      77
      82
      68
      63
      67
      64
      66
      79
      85
      64
      61
      69
      80
      63
      75
      84
      71
      71
      60
      76
      72
      66
      69
      56
      64
      77
      67
      67
      72
      79
      55
      78
      66
      70
      83
      74
      73
      70
      76
      75
      55
      85
      66
      63
      74
      53
      73
      58
      84
      66
      77
      65
      64
      64
      65
      56
      62
      59
      66
      67
      68
      62
      78
      74
      69
      58
      75
      62
      87
      71
      79
      82
      75
      66
      77
      74
      61
      65
      63
      60
      80
      72
      78
      67
      69
      57
      65
      64
      75
      69
      56
      66
      68
      89
      57
      55
      62
      67
      69
      76
      53
      70
      72
      83
      60
      76
      70
      62
      66
      75
      59
      69
      61
      59
      76
      86
      69
      57
      57
      67
      67
      68
      58
      62
      55
      56
      60
      53
      83
      67
      86
      66
      72
      71
      64
      64
      69
      74
      58
      57
      65
      73
      56
      60
      56
      52
      47
      65
      53
      64
      57
      64
      68
      59
      68
      63
      68
      56
      66
      58
      55
      52
      65
      65
      66
      63
      65
      52
      53
      52
      71
      61
      67
      62
      59
      62
      64
      60
      51
      72
      55
      63
      42
      53
      63
      58
      41
      51
      65
      63
      68
      57
      60
      55
      61
      51
      62
      56
      77
      51
      52
      66
      52
      60
      44
      59
      55
      71
      53
      54
      66
      57
      62
      80
      65
      59
      62
      53
      70
      55
      67
      72
      60
      50
      74
      74
      60
      71
      80
      80
      98
     124
     129
     164
     200
     263
     327
     398
     430
     472
     466
     400
     377
     379
     263
     231
     160
     120
     126
     105
      85
      64
      69
      54
      65
      67
      64
      68
      64
      52
      62
      39
      66
      54
      66
      48
      58
      63
      61
      48
      56
      53
      49
      49
      52
      53
      53
      53
      57
      65
      60
      45
      51
      47
      45
      46
      52
      56
      67
      43
      47
      55
      49
      47
      55
      50
      47
      61
      58
      63
      48
      55
      65
      55
      54
      34
      58
      51
      61
      51
      45
      67
      45
      44
      57
      51
      61
      51
      44
      50
      44
      62
      52
      42
      41
      51
      46
      61
      67
      47
      40
      49
      62
      58
      68
      54
      51
      73
      53
      45
      52
      46
      53
      50
      44
      54
      55
      49
      47
      59
      60
      44
      48
      49
      47
      47
      44
      52
      45
      41
      48
      43
      46
      46
      46
      40
      48
      44
      34
      40
      47
      47
      48
      53
      46
      45
      57
      51
      50
      39
      36
      47
      65
      48
      47
      42
      53
      47
      37
      36
      40
      42
      51
      43
      56
      48
      48
      46
      48
      40
      40
      45
      49
      43
      50
      42
      44
      43
      40
      53
      38
      42
      38
      59
      51
      42
      48
      42
      49
      35
      54
      45
      47
      49
      65
      58
      44
      50
      42
      58
      36
      51
      57
      47
      41
      51
      46
      48
      51
      46
      53
      57
      57
      49
      46
      66
      59
      72
      84
      95
      77
      84
      76
      47
      48
      54
      48
      54
      44
      36
      37
      42
      66
      49
      56
      46
      49
      47
      45
      35
      48
      41
      36
      42
      40
      40
      37
      46
      50
      45
      45
      39
      52
      59
      44
      51
      43
      40
      46
      42
      38
      60
      50
      51
      70
      99
      97
     111
     110
      79
      63
      46
      59
      41
      50
      59
      49
      41
      58
      61
      51
      48
      49
      38
      43
      49
      49
      52
      45
      48
      47
      44
      58
      50
      49
      41
      33
      63
      47
      52
      34
      48
      55
      43
      34
      39
      40
      42
      43
      54
      51
      43
      70
      48
      56
      48
      48
      50
      64
      59
      43
      44
      56
      54
      44
      33
      51
      58
      48
      47
      52
      54
      58
      58
      43
      42
      55
      61
      54
      46
      56
      55
      45
      40
      49
      39
      47
      47
      55
      52
      52
      37
      49
      42
      46
      50
      44
      63
      72
      68
      75
      77
      56
      52
      39
      53
      50
      40
      49
      50
      56
      54
      56
      74
     143
     193
     230
     322
     352
     323
     234
     177
     112
      91
      68
      49
      50
      41
      39
      38
      53
      40
      31
      35
      42
      38
      44
      41
      36
      39
      56
      57
      30
      43
      45
      43
      33
      36
      44
      39
      33
      40
      38
      39
      40
      43
      50
      41
      42
      35
      46
      35
      37
      38
      39
      37
      32
      39
      50
      41
      42
      41
      49
      39
      51
      35
      44
      37
      35
      30
      51
      24
      47
      42
      39
      42
      54
      40
      38
      36
      50
      44
      44
      43
      35
      35
      42
      42
      49
      43
      28
      46
      39
      37
      38
      40
      40
      31
      42
      52
      50
      38
      38
      37
      32
      36
      37
      40
      42
      28
      39
      45
      35
      37
      41
      37
      37
      40
      35
      39
      34
      39
      45
      32
      39
      37
      44
      30
      30
      36
      43
      39
      38
      27
      43
      35
      42
      33
      45
      41
      41
      38
      36
      38
      48
      35
      40
      30
      40
      33
      42
      37
      40
      39
      46
      41
      53
      48
      48
      37
      33
      39
      35
      34
      45
      39
      42
      32
      39
      55
      58
      62
      91
     143
     226
     350
     393
     408
     411
     319
     234
     167
     109
      68
      48
      57
      40
      32
      32
      38
      36
      40
      36
      45
      43
      50
      36
      37
      40
      32
      47
      38
      40
      33
      35
      33
      41
      37
      45
      46
      33
      37
      43
      49
      37
      36
      35
      39
      34
      38
      33
      36
      44
      35
      35
      30
      38
      38
      30
      34
      47
      43
      28
      38
      34
      44
      36
      30
      36
      38
      33
      33
      37
      43
      28
      46
      33
      33
      29
      32
      33
      42
      25
      48
      42
      39
      38
      28
      37
      36
      32
      43
      43
      28
      34
      31
      43
      32
      32
      41
      29
      34
      29
      38
      34
      28
      24
      38
      32
      26
      42
      33
      49
      41
      37
      46
      33
      47
      41
      44
      44
      38
      36
      28
      37
      49
      46
      40
      45
      51
      42
      44
      34
      52
      44
      36
      43
      41
      40
      48
      48
      41
      35
      34
      37
      34
      36
      31
      39
      44
      40
      35
      42
      42
      35
      44
      37
      32
      29
      45
      34
      37
      35
      30
      42
      49
      34
      28
      31
      45
      30
      36
      27
      37
      29
      39
      34
      37
      33
      27
      37
      39
      31
      33
      36
      37
      27
      32
      29
      31
      45
      30
      30
      33
      44
      30
      34
      27
      41
      26
      47
      32
      37
      45
      28
      35
      29
      41
      40
      36
      34
      35
      35
      26
      40
      31
      29
      31
      54
      39
      62
      89
     122
     193
     196
     241
     219
     241
     194
     129
      98
      62
      46
      52
      32
      39
      33
      40
      36
      33
      38
      32
      36
      46
      39
      31
      44
      32
      26
      41
      31
      23
      28
      38
      28
      31
      27
      28
      25
      37
      29
      24
      25
      30
      34
      38
      33
      33
      30
      31
      22
      27
      32
      27
      27
      29
      30
      27
      24
      37
      22
      35
      26
      35
      35
      27
      25
      51
      24
      34
      28
      22
      53
      28
      30
      30
      36
      39
      39
      35
      35
      29
      31
      29
      27
      26
      33
      44
      36
      23
      33
      30
      21
      26
      31
      29
      35
      36
      34
      37
      20
      30
      28
      40
      30
      38
      28
      31
      25
      30
      27
      25
      28
      38
      32
      30
      30
      27
      24
      43
      32
      44
      38
      28
      27
      30
      38
      21
      38
      30
      18
      41
      18
      37
      28
      22
      39
      30
      32
      35
      25
      28
      34
      29
      36
      30
      25
      34
      24
      33
      29
      31
      37
      26
      35
      32
      38
      31
      36
      57
      54
      35
      36
      48
      46
      33
      34
      49
      37
      41
      22
      38
      27
      31
      32
      35
      41
      39
      31
      27
      24
      23
      42
      34
      31
      29
      37
      35
      21
      21
      31
      30
      33
      40
      38
      35
      27
      19
      16
      27
      33
      32
      24
      30
      19
      34
      27
      18
      22
      37
      29
      23
      41
      25
      36
      24
      29
      26
      36
      29
      24
      30
      22
      33
      23
      39
      23
      24
      36
      28
      18
      40
      29
      33
      30
      26
      29
      31
      37
      40
      32
      30
      26
      31
      40
      30
      37
      22
      37
      34
      28
      23
      18
      24
      27
      27
      28
      28
      26
      29
      40
      41
      27
      30
      44
      37
      26
      34
      30
      28
      29
      25
      26
      34
      31
      25
      25
      26
      27
      24
      26
      35
      30
      34
      21
      22
      26
      19
      35
      43
      40
      35
      32
      41
      25
      21
      33
      24
      24
      34
      24
      30
      25
      32
      30
      33
      31
      34
      25
      25
      37
      31
      29
      23
      22
      25
      26
      24
      28
      29
      23
      27
      25
      27
      21
      32
      18
      36
      22
      19
      28
      32
      26
      28
      23
      28
      30
      25
      35
      22
      24
      24
      22
      18
      29
      36
      28
      22
      31
      24
      22
      29
      30
      28
      39
      26
      30
      33
      24
      23
      33
      40
      22
      24
      34
      31
      42
      28
      27
      21
      25
      30
      27
      29
      27
      32
      23
      32
      25
      23
      40
      23
      17
      26
      38
      20
      23
      31
      27
      28
      28
      33
      22
      37
      35
      16
      30
      38
      27
      22
      29
      22
      36
      22
      29
      31
      21
      23
      28
      33
      29
      23
      30
      30
      25
      26
      16
      21
      23
      29
      29
      31
      31
      32
      35
      19
      29
      24
      25
      23
      30
      31
      22
      26
      23
      31
      33
      24
      35
      21
      34
      31
      34
      38
      36
      29
      28
      33
      27
      32
      28
      16
      26
      38
      19
      24
      37
      36
      29
      27
      25
      23
      19
      31
      34
      22
      39
      36
      34
      24
      37
      30
      27
      27
      26
      23
      15
      29
      22
      22
      24
      29
      26
      25
      31
      20
      25
      28
      34
      30
      22
      31
      28
      34
      33
      35
      32
      28
      35
      23
      36
      25
      28
      16
      23
      29
      28
      24
      32
      19
      33
      23
      21
      21
      23
      22
      24
      20
      25
      20
      21
      36
      23
      23
      23
      20
      28
      27
      26
      20
      25
      27
      27
      16
      25
      29
      25
      23
      33
      20
      26
      13
      21
      29
      21
      15
      24
      24
      24
      25
      23
      38
      27
      29
      27
      25
      16
      22
      21
      40
      21
      21
      29
      21
      30
      30
      26
      22
      28
      27
      32
      27
      20
      21
      25
      29
      22
      23
      18
      27
      24
      21
      32
      25
      20
      23
      18
      19
      25
      31
      21
      25
      20
      29
      19
      20
      23
      19
      24
      29
      35
      29
      19
      24
      15
      26
      19
      18
      20
      30
      28
      28
      24
      29
      20
      32
      20
      21
      32
      24
      19
      18
      17
      21
      15
      19
      22
      26
      28
      38
      26
      23
      27
      31
      22
      39
      32
      21
      17
      25
      13
      20
      13
      27
      19
      26
      22
      27
      25
      31
      30
      26
      29
      21
      28
      39
      20
      30
      25
      17
      24
      31
      28
      17
      27
      21
      27
      27
      28
      29
      25
      20
      37
      37
      37
      41
      54
      53
      62
      51
      53
      49
      27
      31
      29
      29
      26
      19
      20
      31
      24
      25
      19
      12
      28
      21
      24
      24
      18
      28
      24
      17
      22
      25
      26
      27
      19
      28
      24
      15
      26
      24
      17
      30
      23
      14
      27
      22
      34
      19
      18
      23
      25
      25
      26
      22
      25
      23
      31
      23
      20
      27
      22
      34
      26
      29
      27
      21
      31
      30
      17
      23
      23
      27
      26
      14
      17
      22
      27
      33
      25
      21
      29
      26
      23
      27
      18
      19
      29
      27
      27
      26
      20
      22
      18
      29
      35
      25
      26
      17
      25
      24
      23
      26
      28
      29
      21
      26
      24
      22
      26
      21
      16
      27
      18
      26
      20
      29
      28
      21
      16
      20
      26
      32
      22
      30
      21
      18
      18
      21
      20
      23
      24
      21
      18
      32
      18
      17
      20
      26
      23
      14
      19
      28
      20
      21
      21
      18
      23
      22
      28
      23
      24
      29
      22
      20
      17
      23
      18
      21
      22
      11
      24
      21
      20
      31
      22
      23
      16
      23
      26
      23
      24
      17
      19
      14
      14
      17
      24
      35
      15
      25
      21
      17
      30
      17
      27
      13
      27
      17
      29
      38
      31
      31
      25
      28
      26
      30
      33
      40
      28
      29
      19
      22
      23
      22
      20
      26
      26
      38
      24
      34
      39
      50
      37
      55
      42
      27
      27
      23
      27
      22
      31
      16
      23
      26
      23
      18
      21
      14
      11
      15
      26
      24
      20
      24
      17
      30
      24
      20
      16
      26
      21
      30
      21
      25
      23
      23
      12
      22
      24
      27
      19
      23
      18
      29
      28
      17
      24
      20
      19
      29
      24
      17
      21
      18
      22
      11
      22
      17
      22
      20
      20
      27
      11
      18
      24
      13
      15
      26
      17
      13
      16
      20
      25
      15
      23
      19
      23
      28
      15
      32
      17
      22
      30
      19
      17
      19
      20
      22
      26
      15
      22
      14
      19
      22
      19
      15
      21
      14
      19
      24
      21
      19
      16
      21
      25
      23
      25
      12
      23
      26
      25
      32
      31
      52
      51
      50
      54
      54
      59
      42
      38
      25
      31
      21
      14
      22
      24
      23
      16
      23
      22
      18
      20
      22
      23
      20
      17
      23
      18
      23
      22
      23
      17
      21
      19
      18
      20
      26
      22
      19
      26
      13
      20
      21
      20
      16
      18
      36
      17
      22
      18
      23
      25
      24
      31
      31
      20
      19
      21
      16
      17
      27
      17
      18
      28
      22
      23
      16
      20
      23
      14
      18
      14
      14
      22
      16
      30
      19
      21
      19
      12
      23
      16
      22
      22
      21
      18
      17
      19
      21
      16
      27
      22
      22
      16
      25
      17
      16
      20
      16
      19
      25
      23
      16
      18
      19
      13
      21
      19
      16
      20
      21
      25
      19
      19
      20
      18
      18
      17
      21
      16
      20
      22
      13
      12
      18
      17
      18
      13
      18
      18
      16
      18
      26
      24
      12
      23
      18
      19
      19
      19
      18
      11
      23
      26
      17
      18
      23
      17
      27
      20
      26
      28
      15
      22
      19
      22
      15
      17
      21
      17
      17
      21
      16
      18
      18
      18
      18
      18
      16
      16
      16
      22
      23
      19
      13
      17
      19
      19
      13
      22
      19
      14
      26
      24
      27
      17
      16
      20
      17
      19
      21
      16
      19
      24
      20
      22
      12
      16
      23
      18
      32
      25
      21
      26
      20
      26
      15
      23
      19
      22
      11
      24
      18
      18
      21
      17
      19
      16
      21
      17
      25
      18
      19
      14
      32
      34
      34
      35
      36
      43
      35
      37
      25
      29
      36
      25
      20
      22
      23
      22
      19
      24
      17
      21
      23
      22
      15
      11
       6
      25
      15
      19
      17
      23
      23
      15
      24
      19
      16
      24
      26
      20
      13
      22
      25
      15
      17
      20
      16
      12
      17
      17
      21
      26
      13
      21
      15
      12
      20
      14
      21
      24
      15
      20
      21
      25
      22
      17
      17
      19
      15
      17
      21
      20
      17
      20
      19
      17
      17
      15
      16
      16
      22
      17
      16
      15
      14
      15
      19
      16
      21
      14
      15
      22
      11
      13
      22
      16
      18
      10
      14
      19
      17
      13
      21
      14
      11
      26
      22
      18
      22
      26
      20
      15
      22
      24
      15
      16
      19
      22
      15
      20
      22
      25
      19
      17
      20
      14
      15
      15
      18
      22
      12
      21
      13
      22
      15
      18
      19
      17
      17
      25
      22
      16
      19
      20
      21
      22
      18
      20
      13
      22
      22
      15
      24
      20
      13
      15
      24
      19
      24
      17
      21
      11
      17
      18
      16
      26
      21
      15
      13
      20
      16
      25
      24
      23
      22
      18
      15
      22
      15
      15
      19
      15
      16
      19
      16
      18
      24
      23
      30
      24
      23
      27
      18
      22
      17
      26
      20
      15
      16
      17
      19
      26
      21
      29
      25
      24
      25
      33
      36
      25
      30
      35
      32
      13
      27
      24
      17
      14
      16
      16
      19
      20
      21
      19
      12
      18
      20
      15
      16
      11
      18
      23
      24
      21
      17
      16
      13
      11
      14
      16
      17
      15
      19
      21
      16
      14
       5
      26
      18
      12
      17
      12
      23
      14
      15
      12
      13
      12
      24
      21
      16
      13
      32
      16
      16
      23
       9
       9
      19
      13
      14
      16
      15
      15
      21
      17
      10
      15
      18
      18
      20
      17
      20
      17
      14
      13
      27
      15
      14
      12
      15
      11
      23
      15
      14
      23
      22
      22
      12
      17
      18
      18
      15
      13
      21
      19
      15
      17
      13
      17
      18
      22
      13
      14
      18
      15
      22
      21
      15
      14
      15
      21
      19
      11
      11
      12
      14
      20
      18
      16
      19
      24
      15
      18
      17
      18
      14
      19
      19
      18
      13
      14
      15
      17
      16
      15
      22
      17
      24
      12
      17
      17
      22
      12
      21
      16
      18
      13
      15
      14
      15
      13
      19
      18
      16
      19
      17
      20
      20
      19
      20
      13
      19
      16
      16
      15
      15
      21
      18
      14
      18
      22
      26
      22
      18
      15
      15
      18
      16
      13
      13
      15
      17
      16
      14
      25
      14
      19
      16
      17
      16
      18
      19
      16
      19
      15
      23
      23
      12
      23
      14
      14
      21
      14
      20
      14
      13
      22
      11
      18
      17
      26
      13
      16
      21
      16
      15
      12
      15
      18
      16
      17
      13
      14
      11
      13
      21
       8
      16
      10
      19
      13
      12
      12
      11
      12
      10
      14
      17
      24
      11
      15
      17
      17
      18
      15
      22
      20
      16
      23
      11
      20
      12
      12
      16
      15
      16
      13
      12
      12
      19
      20
       9
      19
      13
      18
      17
      11
      19
      23
      16
      16
      18
      16
      19
       9
      15
      20
      10
      15
      11
      16
      13
      22
      15
      19
      18
      16
      20
      18
      14
      19
      14
      20
      12
      14
      14
      16
       9
      14
      16
      22
      15
      20
      24
      15
      21
      12
      15
      11
       9
      16
      19
      13
      19
      26
      22
      11
      13
      12
      19
      15
      14
      11
      19
      15
      11
      14
      22
      13
      14
      19
      17
      22
      15
      18
      10
      13
      12
      16
      17
      16
      16
      14
      22
       9
      10
      14
      18
      17
      16
      16
      17
      13
      19
      19
      13
      14
      16
      23
      14
      14
      19
      28
      15
      14
      11
      17
       7
      23
      14
      28
      23
      10
      20
      10
      20
      16
      25
       9
      15
      13
      12
      15
      16
      13
      15
      22
      11
      20
      20
      16
      12
      13
       7
       6
      12
      14
      13
      16
      14
      14
      16
      17
      17
      20
      23
      21
      20
      14
      16
      13
      14
      19
      15
      23
      19
      17
      15
      17
      21
      16
      22
      12
      11
      17
      18
      12
      18
      11
      11
      17
      13
      11
      10
      14
      21
      13
      15
      19
      17
      14
      20
      19
      15
      14
      13
      18
      14
       5
      16
      16
      11
       8
       9
      10
      18
       6
      19
      16
      11
      15
      13
      15
       5
      12
      18
       9
      16
      10
      10
      16
      15
      23
      13
      10
      15
      14
      23
      11
      15
      15
      12
      10
      13
      18
      11
       7
      15
      13
      14
      16
      13
      14
      14
      13
      13
      12
      11
      20
      18
      22
      11
      14
      12
      18
      11
      10
      12
      11
      18
      14
      21
      16
      12
      15
      17
      13
      14
      18
      22
      17
      24
      13
      19
      10
      14
      18
      15
      18
       9
      16
      12
      10
      18
      14
      19
      13
      18
      16
      14
      15
      11
      18
       9
      13
      14
      21
      17
      15
      14
      10
      15
      18
      21
      12
      14
      19
      19
       8
       4
      14
      11
      14
      10
       7
       6
      15
      13
      12
      15
      20
      12
      15
      18
      16
      20
      27
      15
       9
      25
      20
       7
      21
      17
      11
      10
      13
      13
      14
      20
      15
       9
      19
      12
      16
      12
      13
      19
      12
      13
      16
      12
      11
      14
      12
       9
      13
      13
      11
      11
      15
      19
      11
      14
      18
      17
      20
      22
      12
      18
      13
      12
      14
      15
      15
      13
      16
       8
       5
      13
      12
      11
      13
       8
      19
      13
      12
      17
       8
      16
       8
       9
       8
      20
      13
      11
       8
      10
      11
      11
       9
      18
      13
      11
      11
      12
      24
      11
      10
      10
       6
      14
      10
      13
      16
       9
      18
      13
      16
      19
      15
       8
      18
      18
       9
      12
      14
      17
      15
      10
      10
       9
      10
      13
      13
      14
      16
      10
      12
      14
      11
      12
      15
      15
      13
       3
      11
      17
       9
      11
      15
      15
      14
      10
      10
      13
      13
       8
      11
      13
      17
      12
      10
      13
       9
      21
      10
      12
      11
      14
      12
      17
      18
      12
       7
      10
       7
      15
      12
      12
      16
      16
      16
      17
      15
      19
      14
      17
      15
      17
      13
      10
      12
      14
      17
       9
      15
      11
      24
      12
      15
      11
      10
      20
       3
       9
       8
      15
      11
      13
      14
      11
      12
      12
      19
      16
       9
      21
       6
      11
       8
       9
      18
      14
       9
      14
      10
      12
       9
      14
      11
      14
      10
       7
      10
       4
      11
       6
      13
      18
      18
      12
      12
      12
      10
       7
      13
      10
       8
      14
      11
       8
       9
       6
      15
      14
      18
      10
      10
      12
      15
      12
      12
      13
      14
      11
       7
      18
      15
      14
      13
       8
      10
      13
      16
      15
      13
      13
      14
      15
       9
      16
      14
       8
       9
      15
       7
      12
      15
      14
      15
      17
       8
      22
      11
      16
      16
      15
      14
      11
       9
      16
      21
      19
       9
      18
      12
      20
       7
      11
      11
      11
      13
       8
       7
      12
      13
      10
      12
      11
      11
       8
      12
      10
      19
      18
       9
       6
      17
      11
       7
      10
       9
      17
       6
       9
       7
      12
      10
       8
      20
      12
       3
       6
      11
      13
      14
       4
      12
      11
       5
      10
       9
       8
      13
      15
      10
      13
      15
      13
      10
      17
      14
      15
       9
      19
      21
      13
      13
      17
      11
       5
      10
       8
      15
      11
      13
      14
      15
       6
      15
      14
       9
      11
      16
      11
       6
      13
      11
      10
      11
      12
      17
       9
      10
      11
      13
      10
      16
      11
      12
      14
      15
       7
      15
       9
      12
       6
      18
      12
      16
      10
       9
      10
      12
      14
       9
      10
      16
       9
      16
      16
      19
       4
       9
      10
      14
      17
      12
      14
      14
       7
       4
      12
       8
      15
      13
      11
       6
      10
      15
       9
       2
      10
       8
       9
       9
      17
       9
       9
      24
       7
      14
      11
      13
      14
       7
      12
      14
      11
      17
       7
      12
      16
      13
      14
      14
      12
      16
       6
       8
      15
      12
      15
      13
      15
      17
      17
      11
      14
      16
      11
      12
       6
      11
      13
      15
      10
      14
       9
      12
      10
       9
      11
       9
      16
      11
      18
       8
       9
       8
      13
      11
       7
       9
      13
      15
      19
      10
       7
      11
      15
      15
      13
       6
      15
      17
       8
      16
      17
      13
       8
       8
      13
       6
       8
      16
      17
      18
       7
       6
       9
       6
      15
       4
      12
      11
      16
       8
       5
      12
      11
       7
      11
       5
       6
      13
      15
      11
      12
       7
      12
       7
       9
      13
       7
       5
      15
      13
       9
      15
       9
       9
      11
      13
       5
      12
      10
      11
       8
      11
      11
       9
      13
      18
      17
      14
      10
      12
       7
      14
      15
       6
      10
      13
      14
      12
       6
      16
      13
       7
       6
      14
      10
      10
       9
      16
       8
       9
      13
      10
      14
      11
      13
       6
      13
      11
      10
       9
       7
      10
      12
      12
      12
      11
      11
       9
      12
      12
      11
      10
      13
       9
      10
      12
      16
       5
      12
      12
       7
      13
      15
       9
       8
      12
       8
      13
       7
      11
      10
      14
      13
       9
      12
       9
       6
      13
      15
      11
      15
       7
      13
      14
      17
      23
      25
      38
      39
      44
      48
      70
      83
      64
      72
      71
      60
      70
      60
      47
      23
      16
      22
      14
      11
      11
      12
       9
       9
      14
      11
       9
       4
       9
      15
       9
       7
      11
      15
      12
      10
      12
      14
       4
      10
      12
      12
      10
      15
      12
      11
       9
       5
       9
      10
      17
      11
       7
       4
       8
       7
      13
       7
       5
      12
       9
       7
      10
      11
      11
      10
       6
      12
       8
       4
      10
       9
       7
       9
      10
       9
       9
      10
       4
      10
       8
       3
      14
       7
      11
       8
       8
      11
      16
       9
      10
       7
       9
       7
      12
       6
       7
      11
      12
      12
       8
       9
      10
      12
      12
       9
      11
       6
       6
      18
       6
       5
       9
       4
       9
      11
       7
       7
       9
       9
      10
      12
      12
      13
      10
      11
       9
       9
       9
      11
      14
       6
       7
      11
      10
       8
       7
      11
       9
       9
      14
      10
       4
       6
      13
      15
      12
       7
      13
       8
      12
      11
      14
       7
       7
      15
       6
      16
       8
      11
       8
       9
       6
       8
      11
      13
       9
       6
       6
       7
      12
       9
       9
       8
       9
      14
      14
       7
      13
       5
      10
      12
      15
      14
      15
       6
      11
      13
       8
      16
       9
       7
       8
      11
       8
       8
       9
       8
      12
       9
       8
       8
      13
      12
       6
       8
       9
      11
      13
      10
      11
      10
       9
      12
       9
       4
      13
       5
       8
      13
       6
      11
       7
       8
       8
       9
       9
       8
       6
       7
      11
      11
       9
      11
       9
      13
       6
      14
      14
       7
       9
       5
       7
      13
       8
       8
       8
      12
       7
      13
      10
       8
      12
      13
      12
      11
      11
      12
       9
       9
       5
      12
       7
      10
       7
      14
       7
       7
      10
       4
      11
      12
       8
      12
       9
       4
      11
       3
      10
       5
      10
      10
      12
      10
       5
       5
      13
      14
       6
       7
      13
       7
       9
       9
       6
       7
       8
       7
       7
       7
       7
       9
       6
       8
      12
      11
      10
       8
      12
       3
      13
       6
       8
       6
       8
       8
      13
       9
      11
       8
      11
      10
      13
       5
       9
       7
       5
       6
      12
      10
      13
      11
      13
      12
      13
       9
      11
      13
       8
      13
       9
       8
      12
       7
       7
       9
       9
      10
       7
       6
       9
       8
       8
       8
      12
      14
      10
      12
      13
       8
       8
       5
       6
       7
       5
       7
       7
      14
       7
       7
      10
       8
       6
       5
      16
      11
       6
      13
      12
       7
      11
       7
       7
       4
       7
       9
       4
       7
      10
       7
      14
       8
       8
       7
      10
      11
       7
       6
       7
       8
       7
       7
       7
       8
       9
       5
      10
       3
      11
      11
       4
       8
       6
       6
       4
       8
       3
       9
       8
       7
       5
       7
       8
      13
      15
       9
       8
       4
       5
      10
       6
       9
      15
      10
      10
       7
       9
       9
      11
       6
       8
      13
       6
      11
       9
      13
       9
       5
      10
       5
       7
       4
       8
       9
       5
       8
      10
       8
      11
      12
      13
      10
      12
      16
      17
      16
      15
      18
      10
       8
       9
      10
      17
       8
      14
      14
      11
       9
      12
      10
      11
       4
      17
      12
       7
       8
       6
       9
       9
      11
      13
       6
       8
       8
      13
       6
       8
      11
       6
      13
      13
       9
      10
       9
       9
       7
       7
      16
       9
      10
       8
      12
       7
      10
       2
      11
       4
      11
       8
       5
       7
       8
       5
       5
       9
       8
       7
      12
       3
       3
       7
       6
       7
      11
      13
      13
       4
       4
       6
       5
       8
      11
       5
      13
       4
      10
       8
      13
       4
       9
       7
       6
      12
      14
       9
       7
       8
       8
      16
       8
       7
      13
      11
       9
       9
       9
       4
       7
       9
       9
      12
      13
      14
       7
      14
       6
       7
       7
      14
       9
      13
      13
       6
      14
       8
       8
       8
       8
       7
      10
      14
       7
       4
       5
      12
       6
      12
      11
      11
       9
       9
      10
      12
       7
       7
       9
       5
       9
      16
      17
       4
       3
      12
       6
       2
      12
       9
      11
      13
       7
      10
       5
       8
       8
       8
       5
       7
       7
       7
       9
       6
       4
       4
       7
       8
       7
       5
       6
       6
       4
       7
       5
       7
      12
       8
       9
       8
       7
       9
      10
      14
      10
       9
      15
       6
      10
       6
      15
       5
      11
       3
       6
      10
       8
       5
       4
       7
       5
       7
      10
       6
       6
       9
       6
       9
       3
       8
      14
      13
       9
       4
       6
      10
      10
      13
       9
       4
       4
       9
       7
       9
      12
       8
       4
       4
      10
      12
       9
       5
      11
       7
       4
       9
       8
      11
       9
      13
       6
       7
      10
       4
       8
       8
       9
       8
      12
       5
       4
       5
       6
       9
      10
      12
       6
      15
       9
       9
       8
       6
       9
       7
       8
       6
       6
       9
       7
       9
      11
       6
       7
       8
       5
       7
      14
      12
       6
       5
       9
       7
      10
       7
       9
       8
       7
       6
       6
       7
       5
      10
       4
       4
      14
       9
       7
       6
       7
       8
       5
       8
       5
       4
       9
      12
       6
       5
       8
       6
       7
       9
       8
       9
      10
       7
       7
       7
      11
       6
      10
      11
      10
      10
       8
       5
       8
      14
       8
       8
       5
      11
       6
       4
       6
      12
      11
       4
      14
       9
       3
       6
       8
       2
       7
       9
       6
       2
       5
       7
       6
       8
      13
       5
       5
       5
       9
      10
       8
       9
       4
       3
       6
       6
       5
      11
      10
       5
       8
       3
      12
      12
       6
      14
       7
       4
       2
       6
       7
       6
       5
      10
       4
       2
       5
       5
       6
       6
       8
       8
       9
      11
       8
       7
       9
      11
       1
       4
       9
       7
       3
       5
       9
       8
       4
       4
       6
       4
      10
       3
      15
       9
       9
      11
       6
       8
       8
       9
       6
       7
       4
       8
      10
       6
       5
       5
      11
      10
       3
      10
       7
       3
       6
      10
      10
       2
       2
      10
      12
       3
       9
       6
       9
       6
       6
       3
       4
      11
       9
       7
       9
       6
       4
       3
       8
      12
       9
       8
       7
      11
       5
       9
       5
       3
       6
       9
       8
       8
       6
       9
       7
       9
       7
       5
       8
       8
       7
       7
       6
      11
       5
      13
       7
      12
       9
       9
       8
      12
      11
       8
      12
       7
       8
      12
       5
       6
      10
      10
      10
       9
      20
       9
       8
      11
      14
       8
      13
      13
      12
      10
       3
       8
       7
       7
       8
       4
       9
       9
       4
       3
      10
       7
      12
       8
      11
      11
       9
      14
       7
       9
       4
       7
       3
       3
       3
       7
       5
       7
       2
       5
       4
       3
       5
       5
      10
       9
       4
       7
      10
      14
       7
       6
       7
       2
       7
       3
      13
      13
       9
       2
       3
       7
       9
       6
       4
       5
       6
       9
      12
       5
       6
       4
       5
       8
       4
       5
       6
       7
       6
       7
       6
       5
       4
       6
       5
       9
       3
       8
       7
       4
       5
       7
      11
       3
       7
       5
       8
       6
       9
       1
      10
       8
       6
       4
      11
       5
       8
       7
       6
       2
      10
       5
      13
       7
       4
       8
       7
      15
      14
      13
      22
      23
      29
      25
      22
      29
      22
      25
      23
      32
      13
      19
      16
      12
      13
       8
       8
      12
       3
       5
      11
       4
       7
       4
       4
       9
      11
      12
       9
       6
      10
      11
       7
       5
       9
       5
       7
       7
       6
       2
       9
       9
       6
       8
       4
       3
       5
      10
       5
       6
       8
       9
      10
       4
       1
      11
       3
       8
       7
       6
       7
       7
       7
      13
       7
       8
       7
       6
       4
       7
       5
       6
       9
       8
       6
       8
       3
       8
      11
       5
       3
       3
      10
       7
       6
       4
       4
       7
       9
       6
       5
       7
       5
       5
       7
       3
       6
       6
       9
      10
       9
       8
       8
       5
       8
       5
      10
       2
      11
       6
       4
       8
       6
       7
       4
       7
       4
      12
       4
       5
       6
       7
       9
       6
      12
       7
       9
       7
       8
       6
       5
       4
       3
       4
      10
      10
       8
       8
       5
       3
       7
       2
       6
      12
       6
       5
       8
       3
       3
       3
       6
       7
       7
       3
       5
       8
       6
       5
       6
       8
       5
      10
       4
      12
       3
       5
       6
       5
       9
       4
       9
       8
       7
      10
       5
       9
       4
       5
       7
      13
       3
       8
       5
       8
       9
       7
       6
      10
       5
       7
       8
      12
       8
       7
       8
       8
       7
       4
       5
       6
       3
       4
       6
       5
       7
       7
       8
       8
      11
       6
       6
       5
       7
       4
       4
       2
       6
       6
       6
       4
       8
      10
       9
       5
       3
       5
       4
       2
       4
       4
       5
       7
       5
       3
       7
      10
       4
       7
       2
       6
       2
       6
       6
       4
       6
       5
       5
       6
       9
       5
       5
       8
       2
       4
       6
       6
       2
      11
       5
       8
       2
       6
      11
       9
       8
       3
       6
       9
       8
       5
       8
       4
       8
       5
       5
       7
       6
       3
       9
       5
       7
       4
      10
       8
       7
      11
       6
       2
       4
       4
       3
       6
      14
       6
       7
      12
       5
       4
      12
       6
      12
      10
       9
       9
       9
       5
       8
       2
       7
      11
      10
       6
       7
       7
       5
       5
       9
       8
       5
       5
       3
       4
       4
       7
       4
       9
       4
       9
       9
       9
       7
       7
       2
       3
       5
       3
       3
      11
       5
       8
       4
      11
       4
       5
       5
       9
       5
      11
       9
      10
       7
       6
       5
      11
       3
       6
       8
       8
       6
       6
       5
       6
       6
       9
       2
       6
       7
       9
       2
       8
      10
       5
       7
       8
       7
       5
       3
       5
       7
       9
       1
       8
       4
       2
       4
       5
       4
       2
       5
       4
       4
       6
       4
      11
       8
       8
       6
       9
       2
       6
       6
       8
       4
       8
       6
       8
       7
       4
       6
       6
       4
       6
       9
       3
       8
       8
       6
       4
       4
       5
       5
       2
      13
       4
       8
       7
       7
       9
       4
       2
       5
       7
      13
       3
       5
      10
       9
      10
       6
       4
       9
       6
       6
       4
       6
       8
       4
       7
       7
       4
       3
       6
       5
       7
       9
       7
       8
       8
       4
       3
       6
       7
       0
       6
       8
       8
       7
       9
      10
       7
       7
       4
       7
       4
       4
      10
      12
       6
       9
       5
       6
       8
       8
      11
      11
       7
       4
       9
       8
      10
       6
       7
       7
       9
       5
       2
       6
       3
       5
       4
       7
       7
       6
       6
       4
       4
       7
       7
       5
      14
       4
       2
       7
       5
       3
       6
       3
       5
      11
       6
       3
       7
       3
      10
       5
       7
       6
       3
       6
       5
       4
       4
       8
       6
       6
       7
       4
       4
       6
       3
       5
       5
       7
       6
       8
       3
       3
       4
       3
      11
       6
       9
       7
       8
       1
       8
       5
      14
       5
       6
       4
       8
       1
       5
       6
       7
       9
       4
       4
       6
       4
       8
       6
       7
       6
       7
       9
       4
       4
       5
       9
       7
      10
       4
       5
       5
       4
       3
       4
       8
       6
       7
       4
       8
       6
       5
       4
       3
       7
       4
       4
       4
       4
       7
       4
       4
       4
       7
      13
       4
       3
       4
       8
       9
       2
       6
       4
       8
       7
      11
      18
       8
      12
       2
       4
       3
       8
       9
       5
       9
       9
       4
       5
       3
       4
       2
       6
       8
       5
       9
       2
       5
       5
       6
       7
       6
       5
       5
       4
       8
       4
       5
       2
       4
      10
       6
       3
       8
       3
       5
       3
       3
       3
       8
       4
       5
      11
       8
       4
       4
       8
       4
       9
       7
      10
       2
       7
       3
       3
       6
       7
       8
      13
       6
       4
       7
       4
       4
       6
       5
       5
       1
       4
       4
       6
       2
       8
       4
       3
       7
       7
       6
       2
       7
       4
       2
       7
      10
       2
       5
       7
       5
       5
       7
       6
       9
       5
      10
       4
       7
       6
       6
       5
       3
       8
       4
       7
       6
       5
       4
       8
       6
       8
       7
       4
       2
       3
       9
       5
       3
       7
       7
       3
       2
       7
       4
       2
       6
       4
       7
       7
       5
       2
       5
       4
       3
       3
       4
       4
       7
       3
       5
       7
       4
       6
       4
       9
       1
       4
       5
       6
       5
      10
       7
       5
       4
       4
       5
       9
       2
       4
       5
       5
       5
       8
       5
       6
       3
      10
       6
       5
       7
      10
       6
       3
       5
       5
       4
       5
      15
       2
       2
       5
       6
       9
       6
       3
       5
       6
       6
       5
       7
       6
       3
       6
       2
       6
       2
       5
       4
       9
       1
       7
       6
       2
       7
       2
       2
       1
       4
       6
       1
       5
       5
       7
       5
       5
       3
       5
       9
       3
       4
       5
       8
       4
       2
       4
       8
       4
       9
       8
       4
       2
       6
       5
       3
       7
       9
       6
       5
       5
       2
       8
       4
       6
       5
       4
       5
       4
       4
       2
       4
       4
       7
       6
       8
       1
       7
       2
       3
       5
       4
       3
       2
       9
       6
       7
       3
       3
       6
       2
       5
       4
       5
       6
       8
       8
       7
       2
       4
       2
       6
       4
       4
       7
       8
       3
       5
      10
       7
       1
       7
       4
       2
       4
       5
       4
       6
      13
       3
       7
       5
       2
       5
       5
       1
       5
       3
       4
       5
       4
       4
       2
       8
       3
       5
       3
       4
       4
       3
       9
       7
       5
       7
       1
       5
       2
       5
      10
       3
       4
       4
       4
       0
       5
       5
       2
       7
       2
       8
       8
       7
       8
       6
       6
       5
       6
       5
       5
       6
       2
       8
       7
       8
       7
       7
       5
       6
       6
       9
       7
       2
       6
       5
       5
       5
       5
       3
       4
       4
       8
       7
       6
       5
       7
       6
       5
       7
       6
       3
       5
       4
       5
       2
       2
       3
       5
       5
       4
       4
       6
      10
       3
       2
       6
       6
       3
       7
       4
       4
       4
       4
       3
       5
       2
       5
       4
       2
       4
       5
       2
       3
       3
       4
       5
       0
       5
       9
       2
       5
       4
       6
       5
       1
       9
       3
       6
       2
       8
       3
       7
       6
       3
      10
       5
       6
       4
       6
       6
       4
       8
       5
       3
       3
       7
       8
       5
       8
      10
       7
       6
       6
       3
      10
       6
       6
       3
       6
       6
       9
       7
      12
       2
       3
       5
       4
       9
       4
       3
       8
       3
       6
       0
       7
       6
       7
      10
       3
       6
       6
       9
       5
       6
       0
       8
       2
       4
       4
       4
       4
       7
       6
       7
       2
       4
       7
       5
       6
       3
       6
       5
       2
       7
       7
       2
       8
       4
       6
       4
       4
       6
       5
       5
       4
       6
       6
       5
       8
       5
       7
       3
       1
       3
      10
       5
       4
       4
       5
       9
       8
       8
       5
       3
       6
       4
       4
       7
       7
       0
       3
       2
       4
       3
       5
       7
       4
       6
       2
       8
       3
       2
       4
       3
       7
       7
       3
       7
       3
       3
       7
       8
       5
       5
       4
       3
       4
       3
       3
       3
       5
       7
       8
       5
       5
       3
       6
       4
       5
       4
       5
       2
       6
       3
       8
       2
       4
       8
      12
       4
       6
      12
       8
       7
       8
       8
       9
       7
      14
       8
       7
       6
      16
       5
       9
       5
       6
      10
       5
       9
       7
       3
       5
       5
       2
       8
       3
       6
       3
       4
      10
       4
       1
       4
       9
       4
       3
       1
       5
       4
       8
       8
       4
       4
       3
       6
       5
       3
      11
       5
       2
       7
       6
       6
       7
       7
       6
       8
       5
       4
       6
       7
       8
       4
       9
       7
       4
       8
       4
       7
       4
       3
       4
       6
       2
       2
       2
       5
       4
       5
       4
       4
       2
       5
       3
       6
      10
       5
       5
       7
       2
       8
       5
       5
       3
       5
       2
       6
       3
       4
       5
       1
       4
       4
       7
       3
       9
       3
       4
       2
       3
       6
       7
       5
       3
       7
       6
       5
       2
      10
       7
       5
       1
       7
       7
       6
       4
       5
       8
       5
       3
       4
       1
       6
       2
       4
       6
       5
       3
       7
       7
       5
       6
      10
       5
       7
       3
       2
       3
       4
       8
       4
       9
       2
       7
       5
       5
      10
       5
       5
       9
       4
       5
       4
       5
       7
       4
       5
       8
       6
       3
       5
       7
       3
      12
       3
       3
       7
       6
       2
      12
       2
       8
       4
       3
       4
       2
       5
       7
       4
       5
       2
       0
       3
       6
       7
       7
       4
       1
       2
       5
       5
       4
       6
       1
       6
       5
       5
       6
       3
       3
       6
       7
      10
       2
       2
       2
       5
       3
       2
       7
       2
       6
       6
       9
       7
       6
       3
       5
       3
       3
       1
       6
       4
       5
       6
       7
       5
       4
       1
       7
       3
       6
       3
       7
       5
       4
       6
       4
       6
       2
       8
       7
       6
       6
       4
       3
       5
       4
       6
       4
       7
       4
       5
       7
       5
       9
       6
       8
       9
       8
       8
       5
       3
       4
       5
       6
       5
       7
       6
       8
       5
       8
       7
       5
       4
      10
       2
       7
       4
       4
       3
       2
       6
       1
       4
       5
       5
       5
       7
       8
       3
       5
       2
       6
       1
       4
       5
       7
       5
       2
       3
       3
       7
       2
       2
       7
       2
       4
       3
       6
       7
       4
       8
       7
       3
       3
       6
       7
       5
       2
       4
       4
       2
       9
       4
       7
       4
       9
       2
       2
       7
       3
       3
       0
       8
       2
       1
       5
       8
       4
       5
       5
       8
       7
       8
       5
       5
      10
       9
      11
      18
      12
       6
      11
       4
       8
       6
       9
      11
       8
      14
       4
       3
       7
       9
       2
       4
       7
       3
       2
       3
       9
       5
       7
       3
       3
       8
       5
       1
       5
       5
       4
       4
       8
       8
       6
       8
       3
       4
       3
       5
       2
       9
       4
       4
       7
       5
       6
       3
       2
       7
       3
       6
       3
       3
       9
       5
       5
       5
       6
       5
       6
       5
       6
       3
       3
       5
       6
       6
       7
       4
       6
       4
       2
       1
       5
       4
       3
       4
       5
       5
       2
       8
       4
       4
       4
       4
       5
       4
       4
       2
       4
       3
       5
       2
       3
       3
       3
       4
       3
       7
       2
       3
       5
       3
       5
       4
       6
       4
       5
       6
       7
       3
       4
       4
       6
       5
       6
       3
       9
       3
       3
       2
       2
       5
       6
       7
       1
       7
       4
       6
       4
       7
       3
       3
       2
       5
       6
       4
       2
       0
       5
       7
       3
       3
       4
       2
       2
       4
       3
       5
       2
       6
       4
       4
       5
       4
       3
       5
       4
       8
       5
       5
       2
       4
       5
       4
       7
       6
       5
       3
       5
       3
       2
       5
       8
       5
       4
       1
       9
       9
       5
       3
       4
       4
       3
       4
       3
       4
       3
       7
       2
       3
       3
       5
       6
       0
       0
       0
       0
       0
       0
       0
       0
       0
       0
       0
       0
       0
       0
       0
       0
       0
       0
       0
       0
       0
       0
       0
       0
       0
       0
       0
       0
       0
       0
       0
       0
       0
       0
       0
       0
       0
       0
       0
       0
       0
       0
       0
       0
       0
       0
       0
       0
       0
       0
       0
       0
       0
       0
       0
       0
       0
       0
       0
       0
       0
       0
       0
       0
       0
       0
       0
       0
       0
       0
       0
       0
       0
       0
       0
       0
       0
       0
       0
       0
       0
       0
       0
       0
       0
       0
       0
       0
       0
       0
       0
       0
       0
       0
       0
       0
       0
       0
       0
       0
       0
       0
       0
       0
       0
       0
       0
       0
       0
       0
       0
       0
       0
       0
       0
       0
       0
       0
       0
       0
       0
       0
       0
       0
       0
       0
       0
       0
$ROI:
0
$PRESETS:
None
0
0
$ENER_FIT:
-2.173939 0.279251
$MCA_CAL:
3
-2.173939E+000 2.792507E-001 0.000000E+000 keV
$SHAPE_CAL:
3
1.571259E+001 -1.155430E-003 0.000000E+000
