$SPEC_ID:
226Ra
$SPEC_REM:
DET# 1
DETDESC# MCB 132 Input 1
AP# Maestro Version 6.06
$DATE_MEA:
11/19/2021 09:34:04
$MEAS_TIM:
258092 258113
$DATA:
0 8191
       0
       0
       0
       0
       0
       0
       0
       0
       0
       0
       0
       0
       0
       0
       0
       0
       0
       0
       0
       0
       0
       0
       0
       0
       0
       3
    2160
   17433
    1663
     575
     527
     526
     533
     556
     602
     580
     614
     601
     632
     554
     635
     655
     715
     664
     580
     504
     490
     438
     410
     399
     386
     423
     429
     470
     451
     398
     349
     330
     343
     367
     344
     361
     323
     328
     291
     303
     326
     342
     326
     299
     301
     303
     278
     294
     278
     301
     271
     248
     269
     247
     242
     264
     247
     255
     243
     241
     230
     254
     247
     248
     236
     216
     226
     197
     235
     243
     212
     211
     215
     248
     234
     231
     203
     227
     201
     206
     193
     216
     212
     208
     206
     202
     201
     223
     197
     201
     214
     170
     193
     165
     192
     177
     194
     178
     187
     207
     185
     196
     184
     167
     169
     182
     195
     190
     195
     181
     170
     170
     153
     173
     186
     174
     173
     182
     171
     171
     160
     153
     155
     154
     175
     190
     148
     171
     177
     142
     168
     145
     187
     157
     138
     141
     192
     147
     166
     168
     166
     149
     171
     165
     189
     223
     298
     355
     270
     194
     190
     160
     147
     156
     146
     159
     148
     144
     167
     184
     155
     147
     144
     149
     161
     167
     139
     153
     152
     181
     196
     225
     185
     202
     173
     170
     185
     175
     177
     167
     185
     149
     165
     173
     186
     171
     165
     180
     159
     141
     188
     156
     215
     219
     223
     179
     178
     187
     155
     144
     188
     169
     175
     192
     277
     378
     507
     498
     378
     234
     169
     176
     189
     162
     158
     189
     172
     182
     179
     182
     166
     172
     178
     171
     161
     167
     198
     202
     154
     191
     180
     175
     191
     200
     188
     179
     193
     202
     204
     214
     231
     239
     215
     193
     188
     226
     285
     274
     320
     321
     266
     203
     181
     195
     216
     238
     274
     265
     216
     177
     175
     167
     194
     200
     206
     186
     169
     194
     157
     180
     213
     165
     219
     180
     189
     203
     167
     192
     187
     214
     259
     255
     275
     270
     272
     248
     234
     189
     217
     210
     234
     242
     230
     254
     236
     202
     177
     213
     195
     206
     209
     215
     230
     226
     205
     181
     189
     210
     322
     551
     728
     919
     902
     697
     436
     279
     240
     212
     219
     213
     178
     206
     199
     190
     178
     193
     181
     188
     170
     191
     192
     220
     250
     222
     224
     181
     184
     178
     177
     203
     180
     191
     175
     168
     192
     188
     158
     189
     187
     178
     175
     188
     198
     165
     220
     198
     197
     208
     176
     182
     204
     189
     167
     182
     193
     173
     198
     180
     199
     220
     204
     190
     207
     201
     209
     191
     209
     190
     230
     202
     180
     217
     183
     241
     226
     244
     205
     206
     172
     195
     212
     207
     195
     205
     183
     205
     208
     191
     203
     191
     171
     212
     179
     201
     207
     187
     202
     190
     199
     185
     210
     188
     183
     205
     193
     198
     184
     208
     187
     194
     222
     183
     177
     213
     193
     189
     197
     220
     186
     236
     192
     182
     197
     199
     182
     211
     199
     191
     206
     205
     223
     184
     210
     198
     194
     212
     199
     213
     189
     213
     196
     203
     192
     216
     207
     201
     191
     196
     203
     209
     220
     171
     186
     205
     181
     179
     215
     181
     197
     180
     177
     195
     174
     217
     219
     198
     185
     215
     226
     212
     252
     266
     190
     225
     199
     213
     165
     206
     208
     209
     186
     213
     241
     293
     312
     297
     264
     247
     204
     179
     195
     216
     173
     210
     178
     213
     209
     211
     194
     185
     200
     202
     206
     200
     210
     181
     200
     187
     200
     210
     217
     188
     211
     188
     172
     195
     220
     166
     201
     224
     188
     195
     175
     213
     193
     171
     175
     186
     162
     208
     195
     166
     192
     182
     197
     203
     171
     210
     193
     224
     211
     191
     183
     173
     200
     199
     179
     210
     167
     185
     172
     197
     205
     185
     255
     235
     241
     223
     197
     194
     190
     189
     198
     180
     179
     180
     186
     158
     195
     194
     194
     190
     208
     170
     170
     188
     191
     173
     188
     175
     213
     194
     164
     194
     182
     189
     171
     181
     184
     189
     198
     195
     172
     191
     189
     190
     188
     207
     192
     201
     177
     178
     173
     187
     217
     193
     206
     199
     204
     176
     171
     186
     181
     191
     179
     183
     189
     186
     186
     185
     175
     178
     196
     202
     159
     181
     160
     209
     204
     167
     214
     242
     406
     581
     735
     675
     561
     332
     199
     172
     195
     159
     160
     195
     198
     205
     208
     187
     183
     166
     181
     160
     195
     185
     164
     162
     169
     164
     158
     180
     168
     193
     170
     169
     198
     175
     198
     156
     191
     159
     162
     159
     198
     173
     203
     168
     183
     194
     179
     196
     178
     182
     197
     204
     184
     165
     171
     178
     172
     166
     148
     181
     182
     176
     192
     203
     181
     160
     172
     161
     174
     151
     167
     197
     199
     217
     194
     175
     164
     175
     167
     181
     175
     139
     162
     167
     157
     187
     195
     179
     203
     174
     159
     175
     165
     139
     163
     137
     161
     167
     150
     189
     164
     163
     182
     166
     142
     166
     163
     143
     157
     175
     164
     162
     147
     146
     159
     144
     154
     154
     128
     154
     170
     192
     155
     147
     147
     132
     176
     145
     159
     180
     170
     135
     157
     155
     137
     159
     121
     141
     163
     139
     170
     154
     142
     142
     165
     145
     154
     144
     170
     165
     157
     153
     163
     146
     151
     166
     134
     146
     152
     148
     146
     147
     166
     157
     155
     161
     153
     145
     138
     157
     157
     152
     142
     183
     161
     116
     161
     145
     152
     156
     155
     158
     140
     157
     146
     177
     148
     172
     193
     235
     328
     405
     376
     318
     234
     191
     145
     135
     143
     170
     172
     137
     158
     175
     166
     155
     127
     136
     146
     139
     142
     163
     141
     147
     142
     137
     149
     135
     157
     136
     150
     166
     121
     149
     153
     133
     134
     139
     136
     149
     141
     136
     125
     134
     146
     159
     127
     159
     148
     136
     121
     123
     129
     154
     141
     134
     136
     145
     130
     135
     144
     109
     147
     125
     117
     126
     133
     134
     117
     139
     129
     149
     121
     133
     129
     149
     117
     137
     130
     125
     145
     136
     135
     132
     134
     147
     128
     135
     131
     123
     144
     108
     127
     143
     133
     112
     138
     126
     131
     122
     112
     110
     132
     167
     138
     129
     130
     138
     141
     126
     128
     136
     139
     154
     152
     108
     129
     148
     129
     138
     162
     125
     136
     128
     131
     133
     120
     128
     116
     128
     131
     131
     113
     113
     117
     127
     129
     113
     122
     132
     143
     132
     143
     135
     132
     142
     121
     111
     126
     122
     123
     125
     103
     127
     119
     134
     117
     123
     109
     119
     121
     125
     119
     132
     126
     125
      98
      93
     112
     121
     112
     116
     134
     117
     122
     118
     110
     117
     113
      95
     135
     119
     114
     109
     136
     115
     101
      84
     134
     121
      94
     115
     141
     119
     113
     133
      97
     113
      97
     123
     102
     125
     117
     143
     130
     141
     124
     117
     107
      99
     102
     132
     119
      90
      92
      91
     101
     108
     123
     120
     133
     125
     129
     117
     107
     107
     129
     114
     129
     105
     103
     113
     101
     122
     118
     104
     102
     106
     108
     109
      99
     106
      94
      93
      93
     115
     115
      96
      99
     113
     105
     110
     105
     129
     107
     105
     129
      98
     122
     120
     109
     114
     111
     108
     100
     120
     122
     100
     100
     111
     112
      93
     111
      96
     104
     112
      94
      95
     104
      91
      95
     102
      94
      95
      85
     101
     100
     115
      92
     110
     101
      98
     104
     106
     105
     111
      90
      95
      97
     106
     113
      90
     118
     104
     102
      91
     105
     119
     120
      87
     101
     114
     108
      96
      96
     115
      89
     100
     116
     100
     122
     105
     115
     103
     104
      92
     100
     118
     117
     101
     104
      96
     113
     105
      97
     112
     106
     109
     110
      93
      97
     118
     110
      89
      91
     104
      96
     103
      97
      91
     121
     108
      85
     105
     109
     111
     115
     159
     136
     126
     126
     102
     111
     109
     103
      86
     101
     117
      98
      90
      99
     102
      97
      89
     116
     103
     100
      94
     111
     101
     106
     102
      91
      83
     102
      82
      93
      88
      92
      83
      88
      89
      92
     105
      89
      90
      84
      88
      77
      94
      89
      90
      99
      90
     113
     136
     136
     135
     128
     107
     105
     104
     116
      87
      87
     103
     111
      94
      83
     108
      83
      96
      66
      88
      88
     100
      86
     105
      92
      84
      90
     107
      94
      90
      86
      81
      93
      82
      95
      90
     113
      81
      97
     108
      87
      75
      65
      92
      69
      76
      88
      87
      87
      80
      88
     102
      81
      90
      70
     104
      88
      83
      98
     101
      80
      80
      79
      86
      80
      92
      80
     103
      96
      81
      95
      80
     106
     100
      91
     101
      96
      88
      77
      85
      81
      82
      82
      70
      76
     103
      71
      90
     105
      74
      87
      93
      98
      94
      87
      79
      91
      83
      88
      82
      80
      91
      99
      83
      92
      96
      82
      88
      79
      74
      74
      98
      80
      68
      87
      71
      70
      87
      83
      70
      76
      86
      69
      87
      86
      85
      76
      85
      77
      89
      79
      91
      86
      88
      87
      80
      81
      81
      80
      71
      88
      86
      86
      84
      88
      80
      77
      90
      88
      84
      68
      83
      86
      70
      89
      84
      87
      86
      91
      85
      65
      80
      76
      90
      77
      69
      77
      63
      79
      75
      80
      67
      75
      65
      84
      74
      91
      66
      77
      84
      94
      73
      80
      84
      88
      94
      71
      71
      81
      76
      82
      71
      71
     105
      79
      69
      78
      79
      80
      85
      73
      88
      83
      67
      86
      73
      96
      67
     105
      67
      74
      66
      85
     102
      88
      70
      86
      81
      65
      78
      85
      88
      76
      92
      80
      84
      83
      67
      89
      69
      63
      63
      63
      77
      73
      98
      69
      66
      79
      78
      79
      81
      80
      70
      83
      76
      80
      67
      79
      78
      76
      72
      72
     102
      74
      96
      84
      83
      66
      70
      59
      70
      62
      70
      59
      74
      76
     100
      80
      68
      75
      82
     115
      74
      85
      70
      76
      79
      65
      77
      69
      68
      71
      84
      82
      71
      79
      62
      91
      91
      87
     111
     178
     318
     464
     526
     477
     368
     249
     151
     103
      81
      73
      80
      68
      70
      64
      76
      85
      92
      81
      63
      78
      70
      59
      68
      67
      72
      76
      69
      62
      82
      71
      73
      79
      72
      72
      78
      76
      75
      65
      66
      80
      63
      81
      89
      74
      75
      74
      72
      66
      78
      69
      90
      79
      54
      59
      72
      60
      63
      59
      78
      76
      70
      76
      77
      78
      60
      73
      73
      74
      82
      68
      64
      68
      72
      77
      57
      77
      62
      55
      64
      74
      75
      62
      81
      70
      64
      61
      63
      39
      71
      92
      64
      73
      78
      56
      81
      80
      53
      71
      60
      76
      64
      67
      62
      69
      68
      96
      73
      81
      80
      69
      77
      70
      77
      73
      79
      71
      66
      77
      70
      72
      76
      64
      68
      64
      66
      75
      64
      96
      53
      72
      62
      58
      66
      92
      77
      60
      65
      58
      73
      57
      64
      60
      72
      64
      61
      73
      77
      65
      71
      65
      77
      70
      68
      71
      61
      70
      51
      71
      56
      50
      80
      72
      56
      62
      61
      57
      69
      75
      57
      82
      64
      54
      79
      72
      81
      63
      71
      55
      67
      56
      64
      60
      59
      70
      52
      84
      66
      63
      65
      61
      60
      61
      57
      47
      68
      57
      58
      69
      55
      58
      50
      49
      50
      54
      74
      61
      56
      49
      62
      65
      52
      58
      67
      67
      71
      55
      68
      55
      60
      53
      51
      59
      72
      56
      60
      55
      56
      65
      66
      54
      60
      49
      59
      58
      53
      68
      65
      61
      76
      63
      69
      55
      76
      70
      53
      45
      71
      66
      64
      53
      59
      64
      54
      49
      77
      58
      56
      70
      47
      67
      69
      55
      64
      58
      66
      63
      90
      71
     110
     132
     149
     159
     222
     267
     350
     338
     426
     449
     462
     425
     358
     340
     275
     231
     157
     146
     100
      94
      73
      78
      65
      68
      51
      50
      67
      44
      56
      56
      51
      60
      48
      67
      53
      53
      51
      59
      55
      62
      49
      44
      56
      72
      55
      47
      46
      50
      58
      68
      49
      60
      57
      55
      60
      64
      47
      57
      62
      62
      51
      48
      54
      50
      48
      43
      59
      53
      51
      54
      45
      60
      48
      38
      70
      43
      53
      56
      47
      49
      54
      54
      48
      49
      47
      62
      50
      50
      41
      52
      54
      75
      52
      54
      49
      43
      52
      57
      55
      45
      42
      41
      52
      49
      58
      48
      48
      48
      62
      47
      51
      49
      47
      53
      49
      54
      36
      60
      39
      47
      56
      51
      39
      43
      39
      37
      49
      33
      47
      59
      48
      45
      54
      46
      48
      47
      60
      56
      43
      45
      68
      44
      39
      47
      42
      45
      38
      46
      44
      35
      44
      50
      53
      53
      52
      48
      52
      45
      46
      41
      52
      44
      38
      58
      44
      51
      60
      51
      48
      48
      48
      52
      50
      53
      35
      50
      46
      53
      40
      47
      38
      35
      39
      39
      38
      46
      50
      49
      42
      35
      45
      46
      65
      48
      54
      45
      50
      50
      40
      52
      46
      56
      40
      40
      56
      51
      39
      53
      56
      57
      42
      48
      56
      47
      56
      63
      63
      67
      78
      85
      85
      74
      55
      55
      60
      55
      40
      56
      39
      41
      46
      47
      45
      42
      50
      54
      43
      53
      52
      50
      46
      48
      50
      38
      55
      55
      49
      55
      43
      56
      34
      50
      47
      47
      28
      35
      53
      49
      36
      37
      44
      46
      47
      65
      54
      78
     110
     116
     130
      95
      97
      67
      58
      55
      40
      48
      49
      44
      42
      53
      47
      50
      36
      40
      43
      43
      55
      33
      38
      48
      48
      40
      40
      45
      46
      30
      50
      50
      36
      40
      36
      44
      31
      44
      26
      43
      50
      40
      24
      36
      49
      46
      53
      50
      47
      54
      49
      38
      49
      37
      64
      57
      38
      51
      58
      51
      39
      45
      48
      45
      43
      40
      40
      42
      56
      45
      53
      44
      44
      44
      42
      54
      51
      41
      51
      41
      48
      62
      41
      53
      56
      47
      42
      33
      45
      51
      50
      42
      62
      65
      72
      68
      76
      59
      74
      57
      42
      42
      43
      47
      44
      39
      60
      60
      78
     144
     225
     284
     309
     328
     297
     223
     147
      97
      68
      59
      43
      38
      42
      42
      41
      40
      37
      31
      44
      34
      36
      51
      44
      38
      41
      49
      36
      42
      32
      43
      47
      52
      39
      38
      41
      35
      49
      38
      42
      37
      43
      40
      47
      43
      43
      39
      38
      31
      43
      32
      42
      38
      30
      44
      37
      39
      33
      48
      40
      42
      40
      50
      45
      39
      43
      42
      53
      36
      40
      33
      21
      34
      38
      32
      48
      37
      40
      44
      43
      48
      38
      42
      43
      39
      39
      46
      40
      44
      44
      42
      40
      41
      32
      31
      35
      42
      37
      40
      40
      46
      37
      33
      38
      33
      37
      31
      37
      42
      46
      43
      50
      35
      23
      45
      27
      45
      33
      45
      37
      44
      46
      47
      34
      34
      33
      28
      34
      44
      30
      33
      51
      37
      34
      39
      50
      26
      31
      36
      28
      38
      39
      37
      37
      39
      37
      44
      37
      31
      34
      30
      42
      34
      22
      40
      38
      38
      31
      34
      47
      47
      28
      44
      42
      43
      46
      53
      71
     107
     184
     249
     351
     437
     437
     459
     328
     221
     154
      91
      47
      49
      34
      43
      34
      28
      38
      32
      42
      38
      41
      31
      41
      32
      42
      41
      34
      47
      34
      30
      43
      34
      33
      38
      43
      26
      34
      33
      28
      37
      35
      33
      32
      35
      41
      31
      48
      35
      31
      33
      32
      35
      39
      33
      48
      26
      41
      27
      44
      39
      38
      34
      40
      34
      32
      41
      37
      39
      23
      28
      31
      41
      29
      29
      26
      39
      30
      32
      23
      44
      33
      41
      31
      32
      38
      36
      36
      29
      31
      38
      29
      30
      29
      35
      39
      25
      28
      37
      27
      47
      34
      22
      30
      36
      34
      32
      40
      28
      38
      36
      43
      22
      35
      38
      40
      43
      47
      34
      40
      39
      30
      34
      36
      33
      32
      34
      35
      27
      29
      48
      30
      34
      40
      34
      51
      48
      44
      40
      42
      45
      36
      41
      51
      35
      34
      37
      40
      40
      30
      32
      44
      34
      42
      44
      26
      40
      35
      37
      34
      26
      34
      37
      46
      35
      43
      34
      36
      40
      33
      27
      35
      48
      35
      33
      42
      41
      26
      29
      27
      33
      38
      38
      38
      30
      39
      32
      31
      34
      39
      33
      32
      29
      31
      45
      36
      30
      22
      31
      40
      40
      24
      35
      30
      34
      34
      20
      30
      25
      30
      38
      38
      40
      37
      20
      41
      41
      47
      61
      85
     121
     195
     222
     253
     278
     222
     216
     166
      98
      70
      36
      31
      25
      40
      25
      43
      36
      34
      45
      43
      45
      25
      37
      34
      30
      46
      39
      29
      32
      34
      30
      27
      32
      33
      37
      29
      24
      27
      24
      34
      37
      32
      30
      28
      31
      30
      27
      32
      32
      33
      31
      24
      27
      37
      32
      32
      38
      29
      32
      34
      24
      33
      31
      31
      40
      29
      36
      26
      35
      34
      25
      31
      29
      38
      29
      39
      39
      35
      37
      31
      33
      26
      35
      37
      27
      45
      34
      29
      29
      32
      33
      29
      22
      29
      26
      39
      37
      35
      28
      26
      26
      26
      41
      38
      39
      31
      27
      29
      38
      23
      28
      31
      21
      31
      29
      32
      34
      37
      36
      31
      28
      20
      28
      31
      24
      35
      36
      24
      25
      27
      28
      28
      24
      34
      22
      27
      34
      28
      32
      26
      29
      27
      37
      39
      20
      33
      34
      28
      24
      34
      23
      23
      32
      22
      31
      40
      31
      48
      42
      59
      49
      36
      40
      35
      44
      24
      24
      29
      35
      34
      21
      25
      20
      38
      36
      26
      33
      32
      18
      29
      42
      33
      27
      24
      24
      27
      24
      29
      40
      26
      21
      29
      26
      24
      19
      24
      33
      23
      25
      29
      28
      34
      28
      33
      33
      36
      22
      30
      31
      33
      28
      31
      25
      32
      30
      30
      30
      38
      36
      37
      27
      18
      30
      39
      24
      30
      26
      28
      31
      35
      31
      25
      26
      22
      32
      26
      31
      22
      30
      19
      29
      34
      31
      28
      23
      27
      27
      26
      33
      35
      37
      28
      33
      26
      27
      29
      39
      30
      33
      37
      35
      30
      28
      37
      29
      21
      28
      32
      38
      34
      34
      24
      37
      28
      21
      31
      23
      43
      22
      26
      36
      24
      27
      29
      26
      36
      21
      22
      26
      27
      33
      43
      33
      36
      42
      29
      30
      35
      36
      34
      26
      30
      28
      18
      23
      21
      20
      23
      31
      20
      22
      17
      26
      23
      30
      21
      29
      26
      29
      30
      25
      40
      28
      32
      26
      33
      32
      35
      18
      28
      26
      30
      21
      26
      30
      18
      17
      31
      36
      23
      34
      32
      31
      20
      19
      24
      29
      27
      22
      23
      27
      30
      35
      35
      36
      25
      30
      25
      24
      33
      28
      27
      30
      28
      24
      30
      25
      35
      23
      19
      26
      26
      22
      35
      23
      23
      33
      20
      28
      16
      21
      33
      25
      30
      39
      27
      26
      18
      21
      25
      28
      25
      26
      29
      32
      24
      28
      31
      31
      19
      29
      19
      24
      25
      41
      29
      36
      21
      30
      34
      27
      29
      29
      36
      24
      27
      29
      19
      27
      30
      34
      34
      32
      27
      29
      27
      33
      25
      32
      23
      25
      28
      29
      26
      33
      37
      27
      34
      22
      29
      14
      24
      30
      25
      33
      27
      33
      30
      23
      34
      23
      32
      32
      27
      25
      26
      23
      39
      36
      27
      33
      19
      19
      31
      19
      31
      30
      23
      20
      39
      25
      27
      24
      35
      21
      23
      21
      26
      22
      23
      27
      46
      25
      22
      31
      24
      22
      20
      31
      20
      29
      17
      35
      30
      24
      28
      31
      41
      25
      26
      25
      21
      20
      38
      23
      30
      25
      33
      28
      23
      25
      24
      33
      30
      26
      32
      24
      43
      26
      24
      17
      34
      30
      23
      27
      33
      31
      25
      26
      15
      28
      28
      26
      40
      17
      34
      23
      28
      23
      27
      25
      31
      16
      29
      24
      15
      18
      22
      36
      24
      27
      17
      22
      21
      23
      28
      29
      21
      21
      24
      19
      32
      17
      29
      25
      26
      23
      19
      29
      24
      32
      19
      28
      21
      21
      12
      35
      28
      28
      21
      26
      25
      26
      26
      25
      23
      22
      22
      33
      30
      18
      24
      37
      17
      25
      24
      23
      26
      29
      24
      21
      20
      27
      15
      22
      37
      27
      23
      20
      22
      21
      27
      20
      19
      17
      24
      28
      22
      29
      22
      19
      28
      23
      28
      23
      32
      23
      27
      26
      21
      32
      24
      28
      31
      30
      34
      23
      23
      17
      18
      20
      22
      25
      19
      34
      21
      27
      23
      29
      15
      26
      16
      30
      27
      27
      23
      17
      20
      24
      25
      30
      36
      23
      21
      28
      28
      25
      25
      15
      23
      25
      23
      30
      34
      58
      52
      76
      54
      64
      39
      40
      28
      21
      25
      21
      22
      32
      25
      27
      25
      27
      17
      14
      20
      33
      31
      30
      34
      17
      22
      31
      23
      25
      27
      21
      19
      21
      26
      16
      16
      22
      17
      24
      24
      24
      27
      20
      27
      29
      30
      20
      27
      20
      26
      17
      20
      24
      19
      24
      21
      26
      17
      25
      19
      22
      25
      27
      25
      31
      31
      24
      16
      21
      24
      17
      22
      17
      19
      21
      22
      17
      19
      13
      18
      24
      28
      16
      25
      30
      23
      21
      32
      24
      29
      23
      26
      16
      23
      25
      21
      18
      25
      24
      18
      21
      27
      23
      30
      26
      21
      22
      21
      20
      16
      24
      18
      16
      22
      22
      15
      23
      33
      26
      21
      34
      35
      32
      27
      25
      28
      35
      23
      18
      28
      23
      21
      21
      19
      20
      23
      22
      22
      26
      38
      22
      26
      23
      30
      25
      24
      24
      29
      29
      23
      21
      26
      19
      27
      31
      14
      13
      14
      20
      13
      31
      24
      15
      15
      19
      19
      12
      22
      15
      23
      25
      16
      22
      25
      25
      18
      25
      30
      31
      25
      28
      18
      23
      30
      36
      33
      14
      27
      20
      28
      26
      21
      23
      26
      27
      33
      29
      23
      18
      22
      23
      21
      18
      25
      29
      25
      29
      38
      37
      42
      37
      40
      37
      27
      25
      20
      28
      22
      22
      27
      38
      29
      19
      20
      16
      13
      20
      19
      10
      26
      19
      25
      17
      23
      19
      11
      27
      17
      30
      23
      27
      22
      21
      12
      15
      26
      21
      31
      23
      23
      17
      21
      21
      22
      21
      26
      24
      11
      14
      14
      26
      21
      28
      14
      20
      20
      18
      24
      23
      19
      20
      23
      21
      20
      19
      21
      18
      21
      14
      21
      23
      14
      16
      23
      20
      17
      19
      19
      19
      24
      20
      22
      24
      24
      22
      21
      17
      15
      18
      18
      23
      27
      23
      19
      20
      23
      21
      20
      28
      21
      20
      25
      16
      23
      20
      20
      24
      38
      43
      40
      36
      44
      54
      52
      60
      41
      41
      28
      36
      17
      22
      20
      28
      19
      19
      10
      22
      17
      19
      22
      16
      18
      15
      18
      25
      23
      20
      22
      16
      19
      15
      11
      15
      23
      26
      17
      22
      20
      19
      17
      17
      14
      19
      26
      17
      25
      18
      20
      19
      23
      32
      27
      20
      21
      17
      26
      34
       9
      20
      17
      18
      24
      16
      20
      38
      18
      27
      25
      23
      22
      17
      16
      23
      36
      24
      23
      15
      15
      21
      19
      18
      17
      21
      18
      32
      14
      23
      22
      14
      16
      19
      21
      15
      17
      14
      18
      11
      19
      15
      15
      24
      20
      19
      19
       8
      13
      20
      22
      17
      11
      17
      24
      27
      26
      12
      19
      13
      14
      14
      18
      13
      17
      19
      29
      17
      31
      20
      18
      26
      20
      19
      16
      16
      25
      19
      15
      13
      21
      21
      24
      10
      18
      21
      23
      21
      22
      14
      25
      22
      22
      16
      18
      23
      16
      23
      18
      21
      29
      21
      29
      21
      15
      25
      16
      21
      16
      31
      16
      30
      22
      26
      19
      17
      19
      19
      13
      18
      16
      27
      20
      23
      12
      20
      20
      17
      17
      18
      16
      19
      19
      18
      29
      16
      17
      18
      19
      20
      21
      13
      15
      14
      16
       9
      15
      26
      20
      13
      13
      15
      19
      12
      12
      18
      16
      17
      22
      19
      17
      14
      17
      21
      24
      21
      26
      35
      31
      38
      30
      43
      43
      23
      26
      17
      21
      16
      22
      21
      21
      14
      19
      10
      17
       8
      14
      14
      18
      23
      13
      24
      21
      17
      11
      16
      17
      24
      14
      19
      19
      16
      17
      18
      24
      16
      20
      15
      20
      24
      15
      12
      20
      11
      28
      12
      18
      14
      21
      15
      16
       9
      26
      16
      16
      10
      19
      16
      19
      19
      11
      21
      13
      17
      15
      24
      10
      12
      20
      21
      13
      13
      12
      16
      29
      18
      22
      19
      19
      13
      12
      20
      19
      25
      13
      17
      20
      18
      18
      19
      24
      18
      23
      18
      17
      21
      14
      18
      18
      19
      17
      19
      16
       8
      12
      22
      14
      28
      18
      20
      15
      19
      13
      20
      22
      19
      17
      20
       9
      13
      19
      18
      18
      15
      18
      15
      25
      13
      21
      13
      20
      23
      11
      10
      23
      15
      10
      22
      15
      25
      17
      22
      21
      13
      16
      19
      17
      17
      17
      16
      13
      13
      12
      19
      15
      20
      16
      17
      20
      17
      16
       8
      20
      19
      21
      16
      18
      14
      20
      17
      21
      18
      21
      18
      17
      19
      19
       9
      16
      16
      16
      25
      20
      13
      22
      16
      14
      18
      15
      19
      15
      13
      15
      17
      13
      18
      24
      20
      20
      22
      37
      28
      37
      28
      23
      25
      21
      26
      15
      22
      20
      24
      19
      12
      20
      18
      18
      17
      14
      16
      20
      26
      21
      20
      23
      15
      20
      16
      11
      16
      13
      14
      16
      22
      19
      20
      17
      20
      13
      19
      27
      19
      15
      11
      15
      10
      17
      26
      15
      10
      19
      15
      21
      22
      21
      14
      11
      13
      18
      18
      10
      20
      30
      18
      16
      20
      18
      20
      23
      13
      17
      17
      17
      20
      20
      16
      18
      16
      17
      20
      18
      12
      10
      22
      15
      14
      20
      21
      22
      15
       8
      12
      12
      20
      19
      20
       8
      13
      17
      19
      21
      20
      15
      15
      15
      15
      25
      16
      17
      13
      11
      12
      16
       8
       8
      13
      13
      15
      15
      24
      11
      14
      19
      15
      11
      27
      20
      24
      19
      11
      17
      23
      18
      15
      21
      14
      14
      14
      13
      14
      15
      19
      20
      20
      17
      10
      11
      18
      12
      15
       8
      15
      23
      10
      15
      18
      11
      11
      19
      15
      14
      15
      13
      18
      25
      21
      20
      13
      20
      10
      13
      14
      18
      14
      15
      20
      18
      10
      13
      17
      16
      19
      14
      21
      10
      15
      23
      18
      20
      22
      30
      16
      18
      13
      17
      23
      20
      23
      12
      10
      17
      17
      16
      21
      20
      14
      17
      19
      16
      19
      19
      14
      13
      18
      13
      17
      11
      20
       7
      16
      18
      20
      21
      14
      17
      14
      20
      12
      14
      16
      14
      17
      16
      12
      11
      16
      13
      23
      15
      17
      21
      12
      22
      14
      22
      11
      15
      18
      26
      14
      16
      12
      21
      17
      25
      17
      19
      13
      15
      18
      15
      16
      17
      16
      11
      15
      13
      20
      12
      20
      16
      14
      12
      13
      23
      11
       9
      16
      10
      25
      20
      16
      12
      19
      17
      19
       9
      17
      20
      19
      17
      20
      13
      15
      13
       9
      19
      21
      16
      14
      21
      16
      18
      17
      16
      19
      24
      10
      14
      10
      13
      18
      15
      10
      18
      17
      21
      20
       9
      18
       7
      10
      14
      10
      20
      14
      13
      15
      16
      10
      13
      18
      11
      12
      21
      17
      17
      14
      17
      16
      16
      11
      14
      14
      16
      14
      15
      20
      20
      26
      20
      15
      16
      15
      15
      14
      18
      16
      17
      24
      21
      11
      13
      20
      10
      16
      20
      14
      14
      12
      16
      19
      17
      17
      16
      17
      18
      14
      19
      16
      15
       7
      12
      15
      16
      12
      15
      12
      11
      13
      14
      13
      15
      25
      13
      23
      19
      13
      12
      18
      10
      17
      15
      18
      21
      14
      13
      10
      16
      12
      11
      18
      14
      16
      12
      18
      21
      23
      16
       9
      17
      23
      18
      26
      23
      25
      19
      21
      15
      19
      19
      14
      16
      13
      18
      15
      14
      16
       9
      16
      17
      15
      19
      23
       9
      11
      13
      15
      13
      14
      11
      14
      18
      16
      24
      19
       9
      14
      21
      12
       9
      17
      12
      15
      16
      13
      14
      14
      19
      20
      13
      14
      12
      10
      20
       6
      18
      15
      16
      11
      10
      17
      12
      17
      27
      17
      15
      23
      16
      13
      13
      10
      14
      17
      13
      14
       8
      20
      19
      11
      12
      15
      17
      14
      12
      10
       9
      15
      14
      10
      11
      17
      12
      16
      13
       9
      15
      18
      15
       9
      14
      12
      16
      10
      23
       7
      13
      22
      12
      13
      10
      16
       3
      19
      10
      17
      13
      20
      19
       8
       6
      12
      14
      14
      11
       5
      10
      13
      20
      14
      11
      28
      14
      16
      15
      17
      12
       9
      22
       7
      18
      18
      15
      18
      22
      15
      13
      15
      13
      10
       7
      15
      16
      10
      13
      14
      15
      15
       9
      18
      21
      16
      13
      15
       9
      13
       8
      12
      12
      18
       9
      15
      13
      12
      11
      11
      18
       9
      15
      17
      14
      20
      15
      13
      11
       5
      10
      10
      14
       7
      16
       8
      15
      11
      12
      14
      13
      12
      14
       6
       9
      21
      17
      12
      16
       8
      14
       8
      17
       5
      15
      11
       9
      17
      18
      18
      15
      10
      10
      16
      11
       9
      10
       8
      14
      12
      12
      14
      12
       8
      13
      15
      13
      10
      10
      17
      14
      11
      10
      15
      18
      16
       9
      13
      14
      12
      14
      11
      14
      12
      18
      13
      12
      14
      17
       7
      10
      14
      12
      12
      12
      11
      14
       9
      11
      18
       6
       8
      13
      11
      11
      18
      10
      13
       9
       8
      10
      11
      12
      17
      12
      13
      12
       8
      16
       9
      14
      12
      13
      22
      10
      16
      16
      12
      12
      11
      12
      12
      13
      13
      13
       9
      14
      13
      17
      11
      12
      12
      20
      12
      12
      20
      13
      13
      10
       8
      10
       6
       7
      14
      13
      14
      19
      16
       9
      13
       9
      13
      14
       8
      12
      13
      16
      10
       7
      12
      12
      15
       9
      13
       8
       9
      19
       8
       9
      11
      15
      12
       9
      17
      17
      11
      14
      19
      15
      13
      10
       9
      10
      19
      17
      12
       7
      20
      14
      15
      12
      12
      11
      13
       7
       8
       8
      13
      14
      17
       9
      11
       8
      10
       6
      16
      17
      10
      10
      12
       7
      17
       8
       7
      16
       9
      11
      15
      11
      14
      13
      11
       6
      16
       8
       6
      14
      13
      15
      10
       9
      13
      10
       9
      13
      15
       8
       6
      14
      11
      17
       9
      14
       8
      15
      14
       8
       7
      15
      10
      17
       5
       9
      13
      12
      14
      13
      12
      11
      13
      12
      11
      16
      14
      16
      11
       9
      15
       9
      16
      13
      18
      14
      10
       6
       8
       7
      11
      11
      14
      12
      10
      13
      20
       6
      13
       6
      11
       9
      13
      10
      13
      16
      18
      14
      13
       9
      12
      10
      15
      15
      18
       4
      15
      10
       7
       9
      10
       9
      10
      11
      15
       8
       9
      10
       6
      12
      11
      11
      11
      14
      15
      19
      24
      16
      17
      17
      13
       9
      17
      11
      11
      11
       7
      12
      18
      12
      15
      17
      12
      16
      13
      11
       8
      15
      14
      12
      15
      20
      18
       9
       7
      13
      12
      19
      16
      11
      13
      11
      12
      17
      11
       8
      10
      14
       9
      12
       4
      12
      12
       8
       9
       7
      13
      10
       6
      12
       9
      10
       9
      12
      13
      11
      16
      15
      12
      13
       9
      11
      18
      11
       6
      12
      12
       6
      11
      10
      14
      10
      12
      10
      12
       9
       6
      13
      13
       9
      18
      11
      11
       8
      13
      11
      11
      12
      10
      11
      13
      13
      12
       8
      15
      11
      10
      13
       9
      15
       7
      19
       9
      18
      13
      21
      18
      18
      16
      15
       7
      16
      11
       8
      14
      12
       4
      11
      12
      15
      15
      12
      17
      11
      11
      11
       8
       5
      17
      15
       5
      11
      13
      10
       8
      11
       8
       5
       9
      13
      11
      15
       8
      13
      10
      11
      10
       9
      16
      12
      18
      10
      13
      13
      16
      10
       9
      11
      13
      10
       8
      13
      10
       4
       8
      11
       8
      11
       6
      11
       6
      10
       8
      15
      13
       2
      10
      12
      13
      17
       9
      12
      10
       9
      11
      10
      13
       7
      17
      10
       6
      11
      10
       8
      18
      10
       9
      12
      15
      13
      10
       9
      11
      12
      12
      13
       8
       9
       8
      11
      10
      12
      22
      12
      14
       9
      14
      20
       8
      15
      11
       7
      13
       7
       9
      15
      10
      12
      12
       8
       8
       8
      12
      10
      11
      12
      11
      10
      11
      13
       9
       3
       9
       8
      13
      10
      12
       9
      16
      14
      10
       6
       8
       6
       6
      13
      12
      11
      14
      10
       8
      10
      10
       4
      12
      21
      10
       7
      13
      14
      14
      11
      11
      11
      11
      13
      15
      13
       7
      11
      12
      15
       9
      13
      13
      22
      17
      29
      23
      43
      36
      41
      46
      63
      68
      65
      62
      59
      62
      65
      36
      28
      28
      23
      22
      13
      13
      10
      13
      12
       7
       9
      11
      10
      10
       9
      14
       6
       5
       8
       6
      14
       5
       8
       9
      13
       9
      11
      13
      15
       8
       6
       8
      15
       9
       9
       8
       8
       9
      12
       8
       7
      11
      13
       8
       7
       7
       5
       8
       8
       6
       7
       5
       9
      13
      10
      13
       4
       8
      13
      12
      12
      16
       6
      10
       7
      12
      14
       6
      11
       7
      14
      11
       6
      11
       6
      12
       9
      12
       4
       8
      11
      11
      13
      13
      13
      11
      12
      10
       7
      15
      16
      15
       9
       9
      10
      12
       8
       8
      10
       6
       8
      12
       6
      15
       3
       6
      14
      12
      11
       7
       5
       9
      13
      13
      13
      10
       9
       7
      11
       9
       6
       8
      16
      18
      13
      12
       8
      15
       7
       5
      14
       9
       4
      11
       7
       9
      11
      12
       7
      13
       9
       6
       6
      15
       7
       6
      11
      10
      13
       7
       8
      14
       8
      13
       7
       8
      10
      11
       6
       8
      14
       5
      12
      12
      10
      12
      10
       8
      12
      16
      13
       9
      13
      12
      17
       8
      10
       6
       9
      14
      15
      16
      15
       8
       9
       8
       4
       8
      17
       7
       8
       9
      12
      12
      12
      13
       8
      10
       4
       5
      11
       7
      16
       8
       7
       9
       8
       8
       6
       7
       8
       7
      11
       9
      17
       5
      12
       7
      10
       8
      11
       5
      12
      13
       7
      12
      13
      12
      10
      10
       8
      12
      16
      11
      11
      13
       8
       8
       3
      11
       5
       8
      13
       9
       7
       8
       8
      10
      13
      10
       6
      11
      12
       6
       6
       6
       6
      11
       7
       8
       7
       5
       6
      10
      10
       6
       7
       7
       8
       8
       9
       4
      10
       8
      13
       6
       9
      10
       9
       7
       8
       4
       9
       9
       7
       9
       8
       9
       4
       7
       5
       5
      11
       9
       8
      11
       6
       5
       8
       7
       9
      11
       7
       8
      10
       6
       8
       5
       5
       9
      14
       7
       8
       9
       8
      11
       7
       8
       7
       8
       7
      16
       9
       7
      10
       4
       7
       4
       7
      10
      10
      12
       7
      11
       7
      14
      10
      11
       9
       5
      10
       8
       7
       7
       3
       2
       7
       7
      10
       9
      10
      12
      18
       8
      13
       7
      10
      10
       9
       7
      10
       8
       5
       9
      13
       5
       6
      10
      10
       6
      10
       8
       5
       9
       5
       9
       6
       7
       6
       4
       6
       5
      10
       5
       9
       4
       9
       6
       6
      19
       6
      10
       4
       8
       5
      12
       8
      10
       6
       9
       3
      10
       8
      15
       8
       6
       8
       8
       7
      10
      10
       4
      11
      10
       8
      15
       6
      11
       5
       6
      11
      10
       9
       9
      14
      11
      10
       6
       7
      17
       4
      11
       9
      10
      11
       8
       7
       6
       7
       8
       2
       8
       8
      14
       8
      13
       7
      12
       7
      11
      12
      13
      10
      10
       7
       9
      11
      20
      13
      11
       6
      11
       9
      25
      13
      12
      10
      10
       6
      16
      11
       7
      10
      10
      10
       4
       9
       8
      12
       5
       7
       8
       5
      12
       6
       7
       8
       8
       7
      14
       8
      11
       4
       7
       9
       2
       6
       4
      11
       8
      10
      11
      12
       7
      14
       9
       3
       9
       9
      12
       5
       8
       5
       7
      12
       3
      10
      10
      13
      14
       9
       6
       7
      10
      10
       7
       9
      10
      14
       2
       6
       3
       9
      11
       5
       8
      11
      15
       6
       9
       9
       6
       4
       4
       5
      11
       9
       4
       7
       6
      12
       7
      11
       4
      11
      13
       9
       4
       7
      10
       5
      16
       9
       6
       5
      10
       4
       6
      12
      13
       9
       5
      15
       9
      13
       6
       9
      15
       4
      11
       7
      14
       7
       8
       9
       8
      13
      13
       3
      10
       9
       6
       2
       9
      11
       7
       3
      13
       8
       8
       7
       8
       8
       2
       4
       9
       8
       5
      10
      11
       9
       6
      10
       5
      15
       7
      10
       6
       6
       9
       8
       6
      10
       6
      11
       6
      11
       7
      10
       9
       8
       5
       6
      15
       2
       4
       6
      12
       5
       4
      10
       8
       9
       7
       9
      10
       6
      10
      11
       8
       4
       6
       8
       9
       8
       5
       9
       9
       8
       8
       4
       5
       8
       5
       9
      11
       9
       6
       9
      17
       2
      12
       9
       6
       7
       5
       9
       3
       3
      12
       9
       8
       9
       5
       8
       7
       7
       9
       7
       8
       9
       9
       6
       5
       7
      10
      13
      11
      12
       6
       2
       9
      10
       7
       6
       6
       7
       8
       7
      12
       8
       6
      10
      10
      12
       8
      11
       9
       8
       4
       3
      13
       7
       8
       4
       8
       4
       6
       7
       7
      11
       4
       8
       9
       4
       7
       9
       8
      15
       2
       8
       5
       7
       8
       6
      11
       2
      13
       9
       7
       4
      10
       6
       5
       4
       5
       9
       5
       5
       6
       6
      11
       8
       7
      10
       7
       8
       7
       5
       7
       4
       5
       5
       9
       5
       5
       5
       7
       5
       7
       8
       9
      13
       8
       4
       7
      11
       5
       4
       5
       7
       6
       9
       8
      10
       6
       6
       7
      11
       5
       7
       4
      11
       8
       6
      10
       4
      11
       5
       4
      13
      11
       4
       4
       5
       3
       4
       5
       7
       5
       9
       9
       5
       6
      15
       4
       6
       7
       6
       9
      11
       3
      11
       8
       8
       9
       7
       8
       6
      11
       9
       3
       7
       7
      11
       3
       4
       8
       6
      10
       5
       1
       5
       9
       9
       7
       3
      10
       4
       9
       6
      12
       7
       6
       3
       9
      10
      11
       4
      13
       5
       8
      12
       9
       7
       9
       4
       5
      10
       7
       7
       7
       4
       9
       8
       6
      11
       6
       8
       7
       2
      10
       6
       9
       6
       5
       7
      10
       7
       7
       0
       6
       4
      12
       5
       5
      11
       6
       5
       7
       7
       5
       9
       4
       6
       9
       7
       8
       3
       2
       8
       6
       5
       8
       7
       8
       9
       4
       5
       7
       6
       4
      11
      11
       7
       6
       8
       4
       9
      10
       5
       6
       7
       3
       3
       5
       5
       6
       8
      12
      15
      14
       9
      11
      11
       9
      15
      12
      14
       7
       4
       8
      10
       8
       3
       5
      11
       8
      10
       4
       6
       7
      10
       5
       6
       8
       9
       7
      10
       6
       7
       5
      10
       5
       9
       5
       9
       6
       5
       6
      10
       8
       4
      10
       5
      10
       8
       5
       8
       6
       4
      10
       4
       3
       4
       5
       8
       1
       4
       6
       7
       1
      10
       5
       7
       7
       2
       0
       3
       7
       8
       8
       8
      10
       8
       7
       4
       8
      12
       5
       6
       6
       6
       6
       5
       3
       4
       6
       9
       3
       5
       4
       5
       7
       4
       5
       7
       7
       6
       8
       8
       4
       8
       9
       7
       5
       7
      11
       5
      15
       8
       5
       8
       9
       4
       2
       7
       7
       8
       8
      14
      12
      14
      23
      13
      30
      30
      28
      34
      23
      36
      31
      32
      19
      17
      26
      13
      11
      14
       7
       5
      10
       3
       4
       9
       8
      10
       9
       9
      12
       4
       5
       8
       4
       5
       3
       9
       5
       6
       4
       9
       6
       4
      10
       9
       4
       4
       9
       2
       9
      12
       5
       6
      13
       9
       6
       8
       3
       7
       7
       3
       8
       8
       3
       7
       8
       7
       5
       5
       6
       5
       4
       7
       5
       5
       6
       5
       5
       4
       7
       5
       4
       8
       7
       6
       4
       7
       6
       6
       4
       6
      10
      10
       4
       6
       6
       8
       3
      10
       9
       5
       9
       4
      11
       7
       6
       5
       8
       4
       9
       5
       5
       4
       5
       8
      12
       6
       6
       4
       7
      11
       3
       1
       7
       5
      10
       5
      10
       2
       7
       7
       7
       4
       6
       5
       2
       7
      10
      10
       1
       5
      12
       8
       7
       9
       4
       7
       2
       5
       8
       7
       6
       2
       4
      11
       4
       9
       4
       9
       5
       7
       7
       7
       6
       4
       6
       7
       8
       7
       6
       9
       3
       7
       6
       4
       9
       7
       6
       4
       4
       3
      10
       3
       2
       6
       4
       6
       8
      10
       5
       4
       8
       3
       4
       5
       4
       7
       6
       8
       5
       6
       2
       4
       8
       7
       6
       5
       8
       6
       7
       6
       5
       8
       3
      11
       3
       2
       6
       4
       9
       5
       3
      11
       8
      10
       7
       5
       7
       4
       4
       4
       7
       7
       4
       2
       5
       9
       8
       5
       2
       8
       0
       4
       9
       4
       4
       6
       1
       7
       5
       4
       7
       7
       6
       8
      12
       4
       4
      10
       7
      13
       1
       5
       3
       5
       9
       2
      10
       7
      11
       9
       2
       7
      11
       4
       6
       3
       7
       7
       5
      10
       3
       4
       8
       4
       7
       4
       2
       2
       6
       7
       1
       8
       5
       9
       7
       5
       4
       7
      12
       4
      19
       8
      11
      10
       9
       5
       9
       9
      13
      10
       6
      11
       9
       6
       5
       4
       3
       5
       2
       7
       5
       3
       9
       5
       4
       8
      11
       7
       6
       6
       6
      12
       5
       7
       7
       7
      11
       9
       4
       9
       2
       4
       4
       6
       3
       5
       3
       6
       5
       4
       6
       8
       5
       6
       2
       7
       8
       4
       4
       7
       6
       3
       5
       6
       4
       5
       9
       6
       7
       6
       3
       3
       6
       9
       5
       4
       3
       4
       4
       8
       5
       4
       7
       8
       9
       5
       8
       3
       6
       6
       5
       8
       6
       5
       4
       5
       7
       7
       6
       4
       8
       4
       7
       3
       6
       8
      12
       3
       7
       3
       5
       9
       8
       5
       7
       7
       8
       9
       4
       4
       3
       4
       6
       6
       8
       5
       8
       7
       7
       5
       5
       9
       5
       4
      10
       7
      10
       5
       7
       6
       6
       9
       2
       5
       7
       6
       5
       7
       5
       4
       5
       6
       4
       8
       9
       4
       4
       4
       8
       5
       8
       4
       6
       5
       4
       5
       9
       4
       8
       7
       5
       5
       3
       2
       6
      10
       3
       2
       4
       6
       9
       4
       6
       5
       6
       7
       7
       6
       4
       5
       3
       8
       6
       8
       5
       5
       5
       6
      10
      10
       4
       4
       8
       5
       7
       4
       6
       9
       4
       8
       4
       4
       9
       3
       8
       2
       6
       7
       7
       7
       9
       6
       8
       3
       9
       8
       4
       6
       7
       9
      10
       2
       7
       7
       5
      14
       3
       2
       9
       2
       7
       8
       5
       6
       6
      10
       6
       9
       7
       5
       7
       1
       2
       6
       2
       6
       3
       4
       6
       5
       5
       2
      12
       2
       5
       7
       2
       2
       2
       4
       9
       3
       8
       8
       7
       5
       4
       8
       4
       5
       4
       2
       7
       6
       4
       4
       9
       8
       5
       3
       6
       6
       5
       7
       7
       7
       3
       6
       9
       5
       6
       3
       6
       6
       6
       3
       4
       6
       0
       9
       3
       4
       4
       2
       5
       5
       5
       5
       1
       4
      11
       8
       7
       7
       4
       4
       6
       7
       4
      11
       8
       7
       3
       5
       6
       9
       9
       9
       7
       6
       1
       2
       6
       2
       4
       5
       5
       4
       4
       6
      10
       3
       7
       6
       6
       6
      12
       2
       4
       8
       3
       6
       9
       5
       4
       9
       7
       6
       7
       6
       6
       6
       5
       4
       6
       2
       2
       5
       7
       5
       4
       2
       6
       3
       5
       8
      10
       9
       8
       3
       4
       4
       3
       4
       6
       8
       4
       7
       2
       7
       3
       6
       4
       5
       4
       3
       2
       4
       4
       4
       7
       1
       6
       5
       5
       5
       4
       3
       6
       6
       6
       6
       3
       4
       6
       7
       1
       6
       3
       4
       4
       5
       8
       9
       3
       3
       4
      12
       5
       1
       7
       5
       4
       2
       5
       3
       5
       3
       6
       7
       8
       6
       5
       3
       3
       5
       3
       4
       7
       5
      12
       2
       8
       5
       5
       4
       4
       1
       7
       5
       9
       7
       8
       8
       9
       4
       4
       4
       5
       2
       2
       4
       5
       6
       3
       4
       4
       5
       7
       6
       6
       2
       4
       3
       4
       2
       3
       2
       3
       4
       5
       6
      10
       6
       2
       4
       6
       3
       3
       9
       4
       5
       3
       9
       2
       5
       5
       5
       4
       3
       3
       4
       8
       4
       3
       7
       4
       3
       5
       4
       4
       3
       9
       7
       4
       5
       4
       5
       4
       4
       9
       5
       2
       2
       3
      11
       9
       2
       4
       4
       8
       5
       6
       4
       6
       9
       3
       5
       7
       5
       8
       5
       2
       5
       5
       5
       5
       4
       7
       9
       7
       4
       5
       4
       6
       7
       5
       5
       5
       4
       4
       5
       3
       7
       5
       8
       3
       2
       4
       6
       8
       5
       3
       3
       3
       5
       5
       6
       4
       3
       9
       4
       4
       1
       5
       5
       9
       7
       4
       5
       3
       3
       2
       5
       5
       7
       6
       7
       6
       6
       5
       6
       8
       3
       7
       7
       5
       4
       6
       4
       7
       8
       4
       7
      10
       6
       6
       3
       5
       6
       4
       5
       3
       4
       3
       8
       8
       4
       6
       3
       5
       1
       6
      10
       8
       4
       1
       6
       6
       6
       7
       7
       5
       5
       6
       4
       4
       7
       5
       3
       4
       5
       5
       3
       7
       4
       4
       6
       5
       5
       4
       6
       9
       6
       7
       4
      10
       9
       5
       8
       2
       7
       4
       3
       7
       4
       6
       3
       7
       5
       8
       4
       4
       6
       6
       2
       8
       7
       2
       7
       4
       3
       3
       9
       6
       5
       8
       3
       6
       4
       4
       7
       8
       6
       5
       8
       3
       5
       3
       9
       4
       4
       5
       2
       4
       2
       5
       3
       2
       4
       3
       9
       6
       6
       3
       6
       7
       8
       6
       9
       6
       2
       5
       5
       6
       7
       6
       8
       5
       9
       3
       4
       5
       3
       3
       4
       7
       4
       5
       6
       7
       3
       8
       6
       4
       3
       5
       9
       8
       4
       2
       3
       8
       3
       5
       4
       1
       5
       5
       3
       3
       2
       4
       6
       4
       4
       9
       4
       5
       1
       8
       4
      10
       6
       6
       3
       7
       7
       3
       8
       5
       7
       3
       7
       7
       0
       4
       4
       2
       9
       2
       3
       6
      10
       7
       4
       5
       8
       6
       5
       4
       4
       2
       7
       5
       3
       4
       5
       3
       4
       5
       3
       2
       1
       7
       3
       4
       5
       3
       8
       4
       3
       6
       2
       5
       8
       4
       3
       2
       8
       4
       2
       4
       4
       4
       4
       6
       3
       1
       1
       6
       4
       9
       5
       1
       4
      10
       8
       5
       6
       2
       6
       6
       4
       6
       5
      10
       4
       3
       4
       4
       4
       5
       6
       6
       3
       2
       5
       4
       2
       5
       6
       6
       3
       5
       9
       9
      10
       2
      11
       5
       3
      10
       4
       6
       7
       6
      10
       7
       9
      11
       9
      12
       5
      11
       8
       8
       9
      11
       3
       1
       5
       6
       7
       2
       4
       4
       4
       4
       4
       5
       2
       2
       1
       5
      10
       1
       6
       4
       3
       3
       3
       4
       6
       7
       3
       4
       7
       8
       5
       2
       9
       4
       1
       4
       7
       4
       8
       7
       8
       6
       3
       8
       7
       3
       8
       6
       8
       6
       5
       8
       7
       2
       4
      10
       7
       3
       5
       0
       5
       5
       3
       4
       6
       6
       5
       6
       7
       6
       4
       4
       3
       2
       5
       5
       4
       4
       1
       5
       1
       3
       9
       7
       2
       2
       4
       5
       5
       5
       4
       6
       6
       3
       7
       4
       3
       4
       4
       7
       4
       4
       3
       4
       7
       6
       6
       5
       4
       2
       6
       8
       6
       1
       6
       2
       2
       4
       9
       4
       2
       4
       6
       6
       4
       6
       4
       4
       5
       4
       2
       5
       2
       4
       2
       3
       4
       3
       5
       8
       3
       7
       5
       7
       8
       6
       4
       6
       2
       4
       4
       8
       7
      11
       1
       4
       6
      10
       5
       4
       2
       6
       5
       8
       4
       3
       4
       8
       4
       2
       5
       5
       9
       3
       6
       4
       6
       4
       3
       4
       5
       5
       3
       1
       6
       6
       4
       1
       4
       2
       4
       4
       6
       8
       3
       5
       7
       3
       8
       4
       6
       2
       6
      10
       5
       3
       1
       9
       3
       3
       4
       7
       7
       4
       5
       5
       4
       5
       4
       3
       4
       8
       3
       2
       1
       3
       4
       1
       4
       4
       4
       2
       3
       6
       6
       3
       3
       6
       5
       5
       2
       4
       3
       3
      10
       1
       3
       5
       6
       5
       7
       2
       6
       2
       4
       4
       2
       3
       1
       7
       8
       3
       5
       3
       6
       1
       7
       6
       1
       4
       5
       9
       5
       4
       4
       3
       3
       7
       5
       7
       5
       1
       5
       4
       6
       5
       7
       4
       5
       4
       5
       5
       3
       5
       7
       7
       4
       5
       4
       3
       5
       3
       0
       5
       2
       4
       1
       4
       5
       2
       4
       3
       2
       4
       2
       4
       4
       5
       3
       1
       5
       2
       4
       6
       4
       6
       7
       7
       6
       2
       4
       3
      10
       4
       6
       7
       7
       5
       5
       7
       8
       6
       6
      15
       8
      10
      16
       5
      12
      13
       5
      13
      12
      13
      16
       6
       4
       7
       5
       7
       3
       4
       8
       3
       7
       8
       8
       4
       7
       3
       4
       3
       6
       4
       3
       8
       4
       6
       7
       5
       5
       4
       5
       8
       5
       4
       6
       3
       8
       8
       5
       3
       4
      11
       2
       7
       5
       8
       3
       2
       8
       3
       9
       6
       2
       5
       9
       5
       3
       7
       4
       6
       8
       7
      10
       4
       2
       6
       2
       8
       5
       1
       4
       2
       6
       5
       3
       2
       8
       3
       6
       2
       9
       5
       3
       2
       5
       1
       3
       7
       8
       3
       3
       2
       8
       3
       6
       3
       5
       8
       3
       4
       1
       7
       4
       6
       5
       4
       6
       4
       2
      10
       8
       2
       8
       1
       3
       9
       9
       4
       8
       8
       7
       3
       4
       4
       6
       1
      10
       6
       6
       9
       4
       2
       6
       5
       2
       6
       5
       6
       6
       6
       3
       3
       3
       6
       4
       2
       7
       5
       4
       3
       3
       3
       4
       7
       4
       4
       3
       4
       2
       7
       3
       3
       4
       3
       7
       5
       4
       0
       4
       3
       1
       3
       6
       3
       4
       9
       7
       9
       8
       3
       3
       0
       0
       0
       0
       0
       0
       0
       0
       0
       0
       0
       0
       0
       0
       0
       0
       0
       0
       0
       0
       0
       0
       0
       0
       0
       0
       0
       0
       0
       0
       0
       0
       0
       0
       0
       0
       0
       0
       0
       0
       0
       0
       0
       0
       0
       0
       0
       0
       0
       0
       0
       0
       0
       0
       0
       0
       0
       0
       0
       0
       0
       0
       0
       0
       0
       0
       0
       0
       0
       0
       0
       0
       0
       0
       0
       0
       0
       0
       0
       0
       0
       0
       0
       0
       0
       0
       0
       0
       0
       0
       0
       0
       0
       0
       0
       0
       0
       0
       0
       0
       0
       0
       0
       0
       0
       0
       0
       0
       0
       0
       0
       0
       0
       0
       0
       0
       0
       0
       0
       0
       0
       0
       0
       0
       0
       0
       0
       0
$ROI:
0
$PRESETS:
None
0
0
$ENER_FIT:
-2.173939 0.279251
$MCA_CAL:
3
-2.173939E+000 2.792507E-001 0.000000E+000 keV
$SHAPE_CAL:
3
1.571259E+001 -1.155430E-003 0.000000E+000
