$SPEC_ID:
226Ra
$SPEC_REM:
DET# 1
DETDESC# MCB 132 Input 1
AP# Maestro Version 6.06
$DATE_MEA:
01/20/2022 12:47:09
$MEAS_TIM:
354726 354753
$DATA:
0 8191
       0
       0
       0
       0
       0
       0
       0
       0
       0
       0
       0
       0
       0
       0
       0
       0
       0
       0
       0
       0
       0
       0
       0
       0
       0
       3
    5170
   26175
    1764
     793
     731
     740
     767
     772
     819
     782
     852
     813
     853
     833
     780
     905
     997
     974
     828
     647
     649
     625
     584
     601
     580
     608
     624
     662
     595
     546
     478
     494
     463
     469
     485
     438
     422
     493
     449
     485
     420
     469
     403
     409
     426
     394
     397
     368
     408
     371
     403
     344
     357
     336
     365
     351
     337
     362
     364
     322
     347
     337
     369
     309
     343
     349
     337
     340
     320
     291
     313
     286
     298
     300
     263
     277
     279
     277
     282
     251
     286
     307
     276
     290
     278
     268
     226
     243
     237
     283
     270
     251
     277
     269
     261
     260
     264
     247
     259
     261
     274
     232
     244
     241
     250
     214
     240
     238
     240
     245
     231
     208
     246
     253
     240
     213
     225
     240
     232
     225
     252
     238
     228
     244
     216
     211
     225
     229
     256
     222
     227
     212
     221
     237
     205
     237
     225
     225
     236
     218
     209
     235
     250
     221
     274
     356
     429
     483
     404
     278
     234
     210
     223
     204
     226
     203
     196
     206
     209
     236
     214
     192
     207
     209
     215
     241
     206
     238
     223
     247
     254
     271
     289
     287
     245
     213
     260
     237
     225
     230
     211
     227
     223
     213
     209
     218
     201
     246
     205
     214
     236
     261
     276
     275
     285
     266
     228
     256
     227
     240
     239
     244
     222
     202
     296
     409
     577
     687
     611
     398
     274
     220
     240
     239
     223
     222
     275
     237
     210
     230
     232
     226
     203
     238
     226
     236
     203
     244
     225
     247
     265
     225
     282
     267
     224
     253
     223
     278
     245
     280
     336
     332
     332
     322
     276
     283
     279
     360
     481
     482
     385
     325
     298
     265
     267
     287
     345
     361
     361
     299
     272
     258
     253
     259
     305
     265
     272
     245
     257
     255
     245
     279
     276
     286
     252
     240
     245
     281
     255
     299
     281
     378
     404
     413
     427
     366
     362
     313
     272
     256
     282
     294
     319
     348
     331
     305
     293
     256
     276
     271
     271
     298
     310
     349
     305
     266
     288
     294
     315
     439
     785
    1119
    1221
    1158
     880
     508
     393
     292
     278
     311
     295
     289
     281
     273
     251
     235
     281
     228
     250
     247
     247
     282
     308
     332
     334
     256
     241
     240
     275
     261
     252
     240
     243
     240
     276
     246
     256
     257
     272
     266
     245
     267
     241
     247
     240
     269
     269
     270
     271
     295
     268
     279
     246
     254
     262
     283
     260
     260
     285
     270
     275
     265
     285
     304
     280
     277
     303
     280
     307
     275
     306
     271
     318
     341
     321
     344
     255
     290
     267
     270
     276
     256
     269
     260
     259
     248
     237
     273
     289
     268
     267
     243
     245
     268
     251
     271
     305
     242
     271
     270
     269
     271
     297
     266
     282
     258
     267
     260
     251
     257
     271
     289
     270
     253
     277
     308
     261
     286
     288
     266
     277
     288
     261
     268
     276
     284
     293
     281
     235
     241
     272
     304
     313
     275
     261
     289
     248
     308
     285
     296
     298
     274
     278
     275
     264
     284
     263
     271
     272
     239
     281
     249
     293
     263
     288
     239
     280
     279
     302
     261
     272
     256
     241
     244
     266
     246
     287
     272
     291
     265
     253
     309
     306
     318
     300
     261
     309
     269
     285
     267
     245
     263
     269
     310
     350
     423
     411
     404
     327
     267
     306
     270
     255
     252
     270
     281
     268
     274
     244
     251
     245
     253
     256
     280
     277
     251
     261
     263
     240
     262
     273
     272
     265
     279
     266
     255
     287
     284
     272
     262
     253
     270
     264
     253
     278
     230
     240
     253
     287
     247
     273
     274
     266
     276
     283
     265
     253
     257
     249
     253
     253
     289
     233
     246
     292
     222
     252
     266
     246
     273
     243
     257
     261
     278
     316
     315
     296
     293
     281
     276
     272
     239
     248
     239
     259
     252
     236
     282
     253
     254
     251
     248
     249
     248
     272
     257
     261
     236
     254
     257
     246
     245
     231
     250
     254
     249
     263
     241
     258
     238
     228
     247
     245
     251
     233
     255
     238
     274
     231
     249
     259
     266
     242
     283
     250
     257
     246
     266
     254
     274
     215
     249
     249
     258
     212
     271
     255
     276
     254
     248
     232
     239
     251
     262
     245
     254
     246
     256
     237
     236
     266
     273
     288
     408
     663
     913
    1056
     979
     622
     408
     280
     241
     232
     239
     216
     261
     270
     238
     242
     256
     238
     237
     279
     234
     228
     253
     268
     202
     271
     198
     234
     241
     253
     266
     253
     219
     226
     222
     230
     233
     233
     234
     245
     231
     210
     235
     254
     254
     237
     251
     288
     296
     288
     296
     235
     240
     228
     244
     209
     222
     216
     233
     242
     230
     237
     259
     215
     228
     219
     230
     262
     270
     236
     241
     275
     307
     299
     295
     252
     268
     218
     219
     230
     236
     226
     215
     213
     199
     238
     221
     247
     269
     234
     234
     229
     221
     229
     216
     228
     230
     210
     233
     237
     215
     211
     217
     218
     212
     198
     236
     222
     230
     220
     216
     214
     215
     244
     215
     200
     241
     229
     191
     220
     218
     192
     205
     251
     193
     209
     213
     229
     216
     222
     217
     208
     236
     231
     222
     229
     236
     222
     215
     172
     207
     216
     207
     226
     212
     202
     195
     209
     199
     203
     187
     202
     216
     227
     213
     230
     205
     196
     222
     203
     187
     215
     202
     207
     192
     206
     204
     211
     196
     208
     215
     199
     202
     195
     205
     209
     196
     222
     172
     228
     207
     213
     199
     217
     189
     194
     206
     195
     223
     221
     300
     406
     467
     548
     400
     365
     237
     201
     197
     202
     246
     215
     217
     222
     195
     194
     194
     186
     179
     188
     209
     205
     192
     175
     188
     179
     180
     199
     169
     187
     185
     202
     191
     165
     201
     190
     187
     160
     178
     212
     207
     197
     189
     203
     198
     173
     193
     176
     177
     217
     196
     202
     190
     160
     183
     178
     177
     206
     191
     206
     181
     186
     187
     178
     172
     182
     187
     196
     213
     175
     201
     208
     192
     200
     208
     200
     171
     199
     179
     178
     201
     194
     179
     189
     191
     183
     175
     193
     193
     203
     195
     182
     207
     192
     169
     173
     185
     170
     190
     169
     150
     190
     156
     173
     161
     173
     158
     174
     195
     162
     184
     172
     188
     201
     223
     196
     193
     191
     193
     174
     182
     159
     143
     201
     173
     185
     151
     171
     172
     170
     173
     146
     183
     148
     180
     160
     159
     158
     176
     178
     194
     192
     204
     153
     199
     164
     176
     170
     165
     179
     162
     179
     178
     150
     167
     150
     168
     159
     185
     138
     159
     155
     160
     151
     155
     167
     165
     157
     158
     132
     176
     157
     168
     152
     173
     150
     157
     160
     145
     158
     146
     160
     140
     155
     158
     141
     147
     188
     154
     152
     151
     148
     165
     150
     169
     143
     155
     156
     164
     154
     141
     151
     175
     163
     161
     163
     213
     175
     165
     153
     145
     152
     157
     162
     150
     160
     151
     158
     181
     139
     158
     154
     179
     191
     178
     159
     146
     148
     139
     156
     157
     175
     153
     147
     177
     156
     152
     121
     150
     150
     154
     131
     155
     130
     168
     150
     180
     143
     145
     150
     169
     162
     138
     142
     145
     170
     153
     130
     145
     153
     141
     165
     136
     139
     134
     135
     160
     132
     169
     159
     138
     126
     127
     156
     135
     164
     152
     148
     140
     158
     144
     127
     122
     155
     127
     126
     148
     128
     125
     119
     131
     135
     153
     129
     157
     154
     152
     146
     140
     156
     150
     155
     151
     128
     134
     157
     130
     156
     152
     146
     133
     141
     135
     134
     171
     143
     127
     148
     143
     143
     124
     168
     189
     141
     131
     143
     162
     135
     149
     142
     149
     142
     144
     142
     137
     143
     122
     156
     138
     129
     132
     137
     136
     134
     124
     132
     137
     115
     133
     135
     143
     131
     126
     147
     155
     131
     132
     141
     151
     192
     213
     170
     167
     160
     137
     133
     131
     141
     129
     133
     122
     138
     134
     114
     128
     118
     116
     130
     129
     136
     143
     132
     109
     123
     129
     129
     145
     142
     114
     146
     130
     151
     136
     127
     127
     143
     129
     122
     116
     109
     147
     129
     128
     127
     138
     155
     133
     174
     179
     160
     158
     158
     128
     126
     143
     127
     122
     145
     104
     126
     121
     146
     126
     120
     131
     141
     102
     115
     108
     121
     113
     115
     128
     111
     128
     128
     117
     123
     112
     112
     118
     130
     116
     120
     102
     128
     129
     108
     119
     102
     109
     116
      97
     127
     128
     129
     137
     120
     117
     121
     117
      95
     121
     113
     150
     124
     118
     129
     113
     148
     112
     137
     115
     138
     100
     104
     126
     117
     118
     124
     100
     107
     114
     112
     117
     104
     123
     117
     117
     108
     119
     117
     129
     126
     109
     109
     119
     142
     124
     109
     128
     129
      97
     118
     135
     120
     125
     104
     106
     118
     112
     125
     126
     149
     124
     102
     112
     116
     125
     121
     106
     102
     111
     110
     102
     107
     103
     118
     115
     103
     114
      94
     104
     136
     113
      87
     136
     102
     121
     111
     145
     128
     110
     122
      83
     118
     118
     118
     117
     101
     104
     110
     121
      92
     121
      98
     107
     104
      87
     110
     107
      97
      99
     116
     114
     117
     121
     120
     120
     126
      89
     102
     108
      98
     101
     100
     119
     105
      96
     108
     105
     107
     129
     120
      87
     107
     130
     115
     116
     108
     126
      93
     122
     117
      89
     116
     111
     115
      91
     111
     106
     113
     102
     119
      98
      95
     117
     121
     101
      87
     101
     111
     100
     115
     111
     132
     100
     116
     106
      96
     116
     102
     106
     117
     113
     108
      96
     117
     100
      96
     105
      84
     104
     110
     112
     105
     118
     113
     115
     107
     114
      93
     131
      93
      90
      99
     101
     109
      99
      96
     121
     100
      96
     100
     109
     108
     116
      97
     112
     118
     121
     127
      99
     106
      93
      89
      95
      98
     108
      99
      97
      93
      99
      94
     108
     107
     112
     115
     117
     111
     106
      77
      99
      89
     122
     100
     112
      96
     113
      92
      89
      89
      95
      89
     120
     112
     122
     137
     152
     284
     383
     587
     690
     649
     512
     356
     212
     138
     108
      92
     110
     100
     110
     101
      89
      89
      91
      86
      87
     106
      99
      85
      93
      87
     106
      89
      98
      84
      99
     101
      99
      81
      82
      94
      70
      94
     104
      92
      78
      92
      96
      81
      93
      86
      89
      92
      90
      87
      88
      86
      76
      83
      97
      87
      96
      89
      98
      94
     104
      94
      89
      99
      96
     103
      91
      92
      95
     112
     106
     100
     100
     106
      87
      88
     112
      91
      91
      84
     104
      93
      93
      81
      86
     102
     105
      94
      94
      90
      89
      99
     100
      75
      96
      97
      80
     107
     108
      84
      93
     104
      86
      97
      82
      85
      92
     115
     101
      99
     111
      97
     116
     120
      79
      84
      94
     108
      96
      85
      93
      88
      82
      71
      93
      85
      99
      93
      91
      95
      95
      96
      79
      79
      91
      98
      92
      99
      93
      90
      90
      88
      95
      84
      93
      89
      90
      87
      96
      79
      73
      87
      76
      89
     100
      71
     106
      84
      95
      87
      88
      85
      95
      87
     102
      80
      85
      76
      84
      80
      78
      82
      72
      77
      80
      87
      94
     104
      60
      81
      79
      79
      86
      98
      78
      83
      98
      89
      97
      86
      85
      97
      70
      73
      85
      77
      85
      82
      96
      83
      90
     100
      94
      82
      87
      73
      67
      72
      91
      88
      81
      78
      83
      82
      75
      78
      82
      81
      89
      76
      94
      82
      86
     100
      88
      65
      84
      80
      93
      76
      77
      82
      69
      78
      64
      96
      88
      84
      82
      78
      68
      87
      91
      76
      75
      83
      64
      67
      92
      85
      88
      76
      85
      83
      90
      85
      87
      80
      82
      72
      78
      82
      87
      83
      81
      81
      66
     107
     101
      94
     136
     111
     161
     180
     251
     303
     373
     460
     541
     580
     649
     584
     567
     540
     387
     380
     294
     211
     176
     150
     128
     107
      99
     112
      79
      60
      86
      79
      81
      87
      76
      88
      79
      76
      63
      63
      79
      79
      63
      64
      82
      76
      75
      75
      73
      66
      72
      63
      71
      76
      82
      79
      74
      59
      65
      78
      67
      74
      77
      54
      75
      65
      74
      70
      69
      83
      74
      85
      59
      86
      64
      64
      85
      68
      72
      65
      75
      84
      69
      71
      66
      51
      77
      67
      80
      67
      70
      66
      63
      61
      65
      65
      68
      72
      73
      72
      86
      67
      63
      62
      67
      69
      74
      74
      76
      57
      70
      63
      58
      67
      65
      65
      66
      80
      71
      56
      60
      62
      62
      65
      55
      60
      66
      55
      70
      66
      67
      69
      76
      65
      59
      56
      56
      62
      73
      66
      66
      65
      64
      59
      79
      61
      71
      69
      53
      69
      52
      51
      57
      79
      52
      61
      65
      67
      55
      55
      74
      72
      76
      57
      59
      46
      64
      68
      55
      58
      72
      50
      59
      67
      48
      77
      61
      60
      65
      63
      56
      62
      66
      56
      42
      61
      57
      64
      58
      70
      66
      75
      61
      66
      58
      57
      71
      72
      63
      61
      70
      64
      61
      73
      61
      63
      70
      84
      50
      61
      65
      62
      62
      69
      66
      69
      54
      83
      75
      54
      82
      83
      99
     127
     127
     108
     109
     100
      73
      67
      67
      63
      73
      68
      57
      67
      67
      63
      60
      68
      52
      71
      52
      58
      64
      61
      70
      72
      56
      68
      71
      62
      64
      66
      67
      70
      64
      60
      84
      62
      72
      46
      56
      58
      48
      52
      66
      60
      58
      81
     115
     119
     133
     133
     143
     118
      94
      87
      61
      49
      68
      63
      61
      52
      56
      48
      55
      61
      66
      62
      54
      52
      60
      58
      59
      57
      64
      44
      65
      52
      65
      59
      69
      57
      71
      62
      58
      58
      71
      66
      44
      45
      60
      52
      54
      58
      62
      60
      60
      64
      73
      66
      53
      85
      68
      64
      85
      63
      60
      70
      71
      85
      68
      66
      73
      70
      64
      70
      53
      68
      55
      68
      62
      65
      60
      77
      69
      62
      83
      64
      66
      76
      56
      66
      62
      64
      74
      58
      71
      65
      64
      69
      59
      73
      79
      85
      92
      85
      84
      77
      68
      71
      65
      68
      57
      52
      71
      64
      84
     121
     140
     235
     322
     409
     447
     417
     316
     267
     157
     114
      73
      69
      57
      67
      62
      50
      56
      59
      60
      48
      63
      59
      60
      71
      55
      55
      55
      64
      48
      46
      53
      48
      60
      56
      61
      61
      68
      65
      55
      61
      50
      64
      43
      51
      52
      57
      59
      57
      46
      61
      57
      61
      55
      57
      37
      56
      55
      40
      55
      48
      56
      55
      64
      54
      56
      47
      59
      59
      57
      36
      47
      50
      65
      52
      61
      44
      44
      45
      57
      52
      59
      52
      72
      64
      45
      43
      60
      58
      52
      54
      53
      59
      53
      55
      52
      48
      61
      54
      52
      53
      46
      58
      62
      54
      46
      51
      54
      59
      40
      57
      62
      46
      59
      44
      53
      52
      64
      73
      59
      51
      53
      63
      59
      56
      47
      50
      55
      59
      65
      51
      42
      45
      45
      56
      60
      54
      50
      57
      49
      51
      58
      41
      52
      48
      41
      39
      47
      48
      47
      50
      45
      47
      43
      41
      51
      48
      56
      61
      62
      47
      35
      53
      42
      58
      37
      61
      62
      89
      96
     120
     223
     286
     450
     601
     598
     611
     447
     300
     208
     119
      74
      69
      59
      53
      43
      57
      37
      54
      52
      49
      54
      46
      42
      54
      48
      51
      58
      46
      42
      49
      48
      66
      54
      59
      60
      34
      45
      44
      56
      48
      45
      45
      48
      54
      37
      37
      57
      51
      35
      54
      42
      51
      48
      53
      49
      53
      49
      45
      61
      52
      45
      47
      57
      45
      60
      47
      50
      42
      39
      50
      55
      48
      42
      42
      52
      49
      47
      49
      54
      49
      41
      54
      56
      60
      50
      54
      45
      46
      35
      49
      43
      42
      41
      55
      53
      42
      43
      47
      47
      42
      47
      42
      43
      44
      48
      55
      41
      46
      44
      51
      48
      43
      47
      50
      56
      54
      68
      54
      60
      40
      68
      51
      55
      51
      54
      59
      50
      47
      50
      46
      43
      54
      49
      56
      57
      56
      48
      56
      62
      43
      47
      47
      45
      50
      57
      62
      44
      59
      56
      50
      52
      52
      61
      51
      48
      69
      58
      46
      54
      58
      40
      58
      50
      49
      38
      39
      44
      49
      43
      51
      49
      43
      61
      42
      59
      54
      44
      53
      58
      44
      51
      55
      44
      56
      47
      46
      47
      47
      61
      48
      50
      53
      38
      46
      45
      42
      46
      40
      46
      46
      32
      38
      49
      43
      55
      50
      28
      46
      41
      43
      42
      45
      40
      53
      29
      48
      55
      73
      83
     164
     218
     284
     348
     370
     360
     308
     236
     169
     117
      79
      65
      40
      59
      45
      54
      44
      42
      49
      53
      57
      67
      58
      58
      59
      60
      49
      40
      43
      37
      32
      34
      38
      46
      38
      53
      29
      32
      33
      49
      50
      43
      46
      45
      47
      48
      41
      43
      40
      28
      33
      43
      51
      52
      44
      49
      47
      51
      45
      44
      44
      42
      34
      41
      44
      38
      53
      44
      45
      40
      50
      56
      43
      41
      37
      39
      43
      45
      45
      39
      42
      32
      42
      43
      38
      42
      41
      36
      43
      38
      41
      37
      40
      56
      44
      43
      41
      40
      45
      37
      45
      37
      40
      46
      38
      38
      45
      37
      40
      43
      44
      34
      49
      36
      46
      35
      41
      39
      42
      51
      48
      41
      49
      47
      45
      42
      46
      54
      44
      36
      35
      42
      47
      42
      41
      49
      37
      30
      36
      25
      37
      33
      40
      54
      39
      33
      38
      34
      34
      40
      35
      33
      42
      44
      42
      43
      38
      65
      50
      66
      56
      62
      67
      50
      52
      50
      44
      47
      50
      38
      36
      42
      49
      43
      50
      41
      36
      41
      38
      43
      37
      41
      60
      50
      39
      46
      41
      39
      47
      33
      48
      37
      48
      49
      39
      30
      41
      38
      37
      37
      26
      38
      43
      33
      49
      39
      34
      47
      44
      30
      31
      52
      38
      40
      47
      45
      34
      44
      45
      32
      29
      47
      51
      44
      47
      40
      47
      39
      40
      39
      45
      43
      30
      41
      33
      31
      37
      35
      31
      46
      41
      30
      38
      40
      48
      27
      35
      31
      43
      32
      45
      26
      42
      33
      45
      42
      38
      47
      40
      46
      45
      35
      44
      39
      53
      37
      44
      37
      37
      33
      37
      30
      42
      46
      43
      33
      34
      46
      39
      36
      45
      48
      37
      34
      35
      36
      36
      36
      51
      44
      35
      43
      47
      50
      47
      41
      45
      35
      43
      44
      37
      41
      49
      29
      36
      37
      36
      30
      35
      34
      38
      41
      43
      42
      40
      34
      46
      33
      43
      42
      38
      44
      38
      39
      41
      34
      46
      34
      41
      36
      40
      35
      26
      37
      25
      33
      38
      48
      35
      29
      42
      41
      26
      33
      42
      32
      32
      34
      30
      40
      38
      31
      48
      34
      30
      35
      38
      31
      31
      34
      35
      47
      36
      34
      34
      30
      26
      34
      38
      45
      38
      46
      41
      22
      37
      42
      37
      36
      25
      27
      36
      34
      43
      39
      26
      20
      39
      30
      47
      48
      36
      41
      37
      32
      43
      37
      29
      44
      54
      39
      40
      44
      50
      36
      43
      37
      46
      44
      39
      33
      47
      37
      30
      49
      31
      38
      34
      38
      31
      39
      30
      46
      38
      44
      47
      31
      46
      55
      35
      34
      33
      36
      40
      35
      49
      38
      51
      43
      41
      38
      38
      38
      28
      41
      29
      27
      45
      47
      49
      52
      26
      36
      34
      35
      39
      30
      42
      34
      46
      34
      32
      32
      39
      32
      32
      48
      42
      51
      41
      35
      34
      40
      29
      48
      41
      43
      39
      27
      42
      41
      35
      38
      27
      44
      36
      34
      36
      29
      33
      33
      28
      30
      34
      33
      47
      32
      50
      39
      38
      43
      31
      32
      28
      44
      39
      29
      35
      35
      28
      31
      43
      31
      30
      28
      26
      32
      38
      35
      48
      29
      31
      38
      34
      37
      35
      44
      40
      22
      30
      35
      39
      40
      30
      29
      33
      28
      30
      32
      36
      33
      32
      28
      23
      25
      33
      26
      22
      34
      34
      35
      43
      36
      37
      33
      43
      37
      34
      24
      33
      31
      28
      39
      23
      33
      34
      36
      31
      29
      33
      30
      32
      30
      38
      42
      32
      36
      36
      47
      40
      28
      34
      44
      32
      32
      29
      26
      34
      44
      39
      35
      30
      46
      30
      39
      32
      39
      28
      43
      36
      29
      32
      32
      36
      27
      22
      31
      23
      35
      30
      32
      23
      35
      37
      33
      31
      44
      39
      34
      32
      34
      29
      35
      32
      35
      36
      31
      28
      28
      29
      32
      33
      37
      37
      36
      45
      31
      33
      46
      24
      36
      44
      32
      34
      28
      35
      36
      28
      32
      34
      32
      22
      33
      24
      25
      36
      38
      41
      34
      26
      35
      31
      39
      33
      32
      29
      37
      39
      30
      30
      33
      26
      39
      33
      47
      48
      53
      64
      66
      78
      74
      72
      75
      52
      48
      43
      40
      25
      31
      28
      35
      29
      30
      28
      30
      24
      27
      24
      36
      37
      35
      28
      36
      37
      25
      36
      34
      20
      25
      26
      26
      34
      26
      24
      39
      26
      29
      41
      28
      27
      41
      41
      36
      34
      39
      31
      29
      30
      37
      28
      27
      39
      45
      32
      31
      31
      31
      45
      33
      31
      37
      32
      27
      12
      29
      19
      35
      31
      28
      32
      28
      30
      30
      19
      36
      37
      24
      40
      24
      32
      23
      21
      26
      33
      36
      24
      26
      25
      29
      37
      26
      26
      31
      31
      38
      20
      32
      30
      22
      30
      35
      27
      30
      32
      33
      21
      24
      39
      35
      22
      36
      42
      35
      30
      22
      23
      33
      37
      24
      22
      25
      39
      29
      46
      27
      32
      36
      33
      25
      37
      29
      28
      32
      27
      35
      25
      33
      35
      29
      23
      24
      31
      23
      31
      28
      37
      40
      34
      22
      20
      24
      36
      29
      26
      26
      33
      27
      26
      27
      34
      25
      32
      33
      20
      27
      39
      41
      27
      29
      33
      30
      27
      23
      24
      33
      32
      31
      28
      33
      32
      32
      36
      34
      36
      32
      43
      37
      35
      39
      40
      42
      45
      36
      42
      37
      39
      32
      36
      25
      23
      37
      31
      38
      46
      42
      66
      48
      45
      51
      55
      46
      36
      40
      35
      28
      37
      31
      34
      34
      27
      23
      28
      28
      31
      32
      33
      23
      27
      21
      30
      31
      35
      25
      28
      22
      23
      22
      35
      26
      34
      28
      33
      26
      26
      21
      32
      30
      23
      32
      26
      22
      32
      32
      22
      34
      21
      27
      30
      27
      31
      22
      22
      29
      14
      36
      31
      22
      22
      26
      25
      19
      29
      29
      33
      28
      29
      25
      40
      22
      26
      19
      24
      21
      31
      40
      23
      21
      28
      24
      31
      28
      31
      23
      43
      33
      29
      42
      30
      21
      30
      27
      30
      33
      21
      28
      26
      27
      38
      26
      24
      33
      22
      32
      34
      33
      26
      35
      48
      47
      61
      61
      66
      82
      78
      67
      61
      30
      30
      35
      22
      29
      24
      22
      19
      16
      19
      20
      17
      36
      22
      26
      28
      13
      17
      23
      25
      22
      25
      29
      28
      27
      33
      26
      29
      25
      22
      37
      28
      27
      30
      26
      25
      35
      27
      28
      34
      30
      37
      43
      33
      35
      24
      47
      29
      36
      30
      27
      27
      24
      28
      26
      29
      28
      26
      28
      24
      17
      22
      23
      23
      36
      23
      27
      24
      25
      30
      37
      37
      24
      23
      17
      32
      26
      24
      29
      45
      19
      26
      31
      18
      29
      28
      30
      27
      23
      24
      14
      21
      26
      35
      34
      31
      24
      21
      24
      23
      26
      27
      24
      28
      26
      25
      30
      29
      33
      31
      17
      21
      38
      27
      16
      35
      24
      29
      26
      30
      17
      31
      24
      19
      27
      26
      28
      33
      28
      25
      28
      21
      21
      30
      26
      28
      25
      24
      26
      31
      24
      19
      30
      26
      22
      23
      22
      28
      34
      26
      28
      23
      30
      29
      28
      18
      31
      28
      29
      16
      33
      30
      29
      30
      29
      28
      21
      23
      24
      26
      21
      29
      38
      20
      26
      31
      25
      29
      20
      26
      30
      17
      33
      28
      24
      28
      28
      26
      32
      23
      22
      24
      40
      30
      27
      23
      29
      32
      26
      24
      26
      27
      26
      19
      21
      27
      22
      24
      26
      28
      32
      31
      23
      30
      33
      36
      41
      46
      40
      45
      43
      53
      36
      25
      32
      34
      29
      29
      26
      30
      27
      24
      18
      30
      25
      24
      20
      33
      29
      28
      26
      23
      31
      24
      27
      18
      21
      21
      24
      28
      21
      18
      24
      22
      18
      20
      29
      25
      26
      31
      28
      27
      23
      24
      31
      15
      33
      23
      22
      29
      24
      15
      22
      21
      22
      24
      25
      32
      26
      28
      21
      27
      25
      27
      30
      25
      26
      39
      23
      20
      20
      26
      29
      17
      25
      23
      23
      18
      19
      16
      23
      25
      31
      17
      25
      19
      21
      32
      18
      37
      29
      28
      16
      18
      22
      19
      33
      34
      28
      29
      25
      31
      26
      33
      17
      28
      21
      20
      23
      28
      31
      29
      18
      31
      23
      27
      31
      22
      21
      31
      26
      31
      30
      19
      26
      26
      20
      18
      19
      20
      20
      27
      29
      23
      33
      16
      17
      26
      28
      30
      22
      19
      29
      34
      23
      24
      15
      20
      33
      19
      15
      21
      20
      21
      21
      17
      32
      23
      21
      19
      25
      24
      22
      22
      17
      22
      31
      15
      27
      24
      16
      18
      23
      25
      27
      25
      28
      16
      26
      23
      27
      29
      16
      24
      24
      24
      29
      22
      23
      28
      34
      25
      24
      24
      23
      23
      25
      35
      29
      37
      26
      46
      41
      30
      30
      30
      27
      29
      27
      31
      22
      23
      18
      13
      24
      20
      22
      19
      17
      13
      26
      27
      25
      21
      18
      22
      28
      31
      24
      24
      24
      25
      25
      27
      35
      23
      14
      13
      27
      24
      20
      23
      24
      19
      24
      22
      17
      19
      19
      15
      18
      20
      18
      27
      28
      26
      21
      24
      21
      23
      28
      31
      19
      32
      22
      24
      26
      24
      20
      25
      23
      21
      19
      27
      31
      17
      27
      18
      23
      29
      21
      19
      23
      28
      29
      34
      18
      23
      26
      23
      22
      18
      22
      29
      18
      19
      15
      25
      28
      21
      19
      26
      21
      25
      28
      29
      25
      24
      23
      24
      18
      26
      22
      21
      22
      25
      19
      28
      30
      16
      23
      25
      26
      25
      20
      29
      27
      23
      20
      25
      30
      32
      23
      22
      22
      17
      28
      24
      29
      20
      29
      21
      18
      12
      27
      24
      24
      17
      23
      26
      23
      25
      25
      26
      24
      32
      31
      18
      28
      24
      20
      23
      20
      16
      24
      12
      23
      23
      17
      23
      20
      19
      28
      22
      25
      19
      20
      22
      29
      28
      26
      26
      26
      20
      32
      19
      29
      30
      16
      23
      17
      18
      23
      25
      18
      28
      18
      27
      26
      21
      23
      19
      22
      23
      19
      23
      25
      18
      32
      21
      24
      25
      13
      23
      23
      28
      32
      22
      17
      20
      35
      21
      16
      22
      13
      29
      26
      25
      34
      18
      28
      29
      21
      20
      20
      13
      18
      16
      23
      17
      22
      20
      19
      26
      19
      25
      27
      18
      27
      15
      16
      20
      33
      23
      17
      22
      26
      23
      25
      23
      31
      18
      18
      18
      15
      32
      27
      30
      23
      21
      25
      29
      28
      20
      21
      24
      24
      27
      19
      22
      20
      25
      20
      16
      20
      28
      22
      26
      19
      26
      28
      20
      26
      21
      16
      21
      16
      30
      32
      19
      23
      25
      23
      19
      16
      17
      21
      21
      20
      31
      19
      21
      19
      25
      34
      20
      18
      13
      21
      27
      23
      22
      17
      14
      23
      22
      20
      22
      17
      21
      21
      22
      23
      19
      24
      23
      30
      20
      15
      28
      14
      24
      18
      33
      15
      15
      19
      25
      17
      18
      26
      20
      14
      20
      28
      29
       9
      18
      21
      31
      19
      23
      22
      28
      23
      22
      23
      23
      18
      17
      20
      16
      31
      16
      23
      23
      27
      18
      32
      16
      25
      19
      27
      21
      27
      11
      18
      20
      17
      19
      22
      23
      25
      21
      23
      25
      21
      25
      18
      19
      23
      23
      20
      15
      22
      15
      25
      14
      24
      25
      13
      19
      27
      25
      20
      18
      24
      22
      12
      21
      32
      28
      31
      33
      32
      21
      37
      23
      29
      26
      26
      25
      16
      21
      19
      22
      20
      17
      19
      23
      24
      21
      13
      26
      20
      15
      16
      18
      27
      29
      24
      28
      16
      23
      27
      27
      19
      23
      13
      27
      17
      19
      15
      23
      18
      18
      21
      20
      11
      18
      27
      25
      19
      17
      14
      23
      14
      18
      17
      22
      15
      12
      24
      26
      19
      21
      32
      16
      26
      23
      16
      20
      22
      24
      25
      19
      27
      20
      18
      14
      19
      11
      17
      15
      27
      16
      22
      21
      28
      21
      22
      12
      18
      15
      17
      17
      16
      15
      24
      22
      12
      18
      14
      21
       8
      17
      23
      23
      15
      13
      22
      14
      24
      27
      18
      17
      24
      25
      23
      13
      17
      19
      17
      15
      25
      17
      14
      18
      17
      17
      15
      22
      18
      18
      22
      26
      21
      27
      22
      17
      17
      18
      17
      14
      19
      15
      14
      19
      17
      19
      14
      13
      15
      18
      24
      25
      25
      24
      18
      24
      19
      19
      17
      20
      21
      23
      16
      20
      23
      25
      20
      17
      20
      21
      26
      15
      12
      13
      12
      23
      15
      20
      16
      19
      22
      22
      25
      23
      16
      22
      18
      25
      18
      23
      21
      13
      18
      16
      24
      19
      16
      23
      26
      16
      18
      19
      18
      24
      20
      12
      11
      23
      23
      18
      20
      18
      22
      24
      20
      12
      22
      19
      21
      19
      18
      16
      18
      21
      19
      21
      24
      11
      18
      17
      14
      20
      26
      21
      20
      29
       8
      14
      19
      19
      17
      20
      19
      12
      18
      10
      10
      18
      20
      17
      17
      23
      13
      15
      24
      19
      19
      13
      15
      18
      20
      21
      16
      20
      18
      16
      14
      17
      17
      15
      13
      18
      18
      16
      17
      14
      17
      18
      16
      21
      12
      19
      14
      25
      24
      24
      17
      13
      15
      17
       8
      17
      16
      16
      16
      14
      18
      20
      14
      19
      25
      15
      12
      17
      20
      11
      16
      13
      19
      18
      18
      19
      20
      19
      13
      18
      21
      21
      17
      25
      19
      20
      19
      11
      18
      22
      18
      15
      20
      12
      20
      16
      16
      22
      16
      14
      18
      21
      15
      11
      21
      10
      21
      13
      16
       7
      16
      29
      13
      19
      17
      27
      26
      18
      13
      18
      28
      19
      22
      21
      27
      20
      15
      14
      17
      16
      12
      18
      19
      12
      18
      15
      22
      17
      23
      21
       4
      14
      22
      12
      15
      19
      24
      16
      19
       8
      14
      21
      16
      18
      12
      21
      21
      11
      21
      12
      17
      17
       7
      11
      16
      20
      13
      16
      19
      13
      21
      10
      23
      11
      14
      12
      13
       9
      13
      15
      17
      13
      25
      15
      12
      15
      13
      22
      18
      18
       9
      14
      11
      16
       8
      14
      13
      13
      16
      18
      12
      19
      14
      17
      19
      11
      16
      18
      17
      11
      16
      20
       9
      10
      13
      23
      16
      17
      14
      11
      19
      14
      16
      17
      13
      14
      17
      17
      18
      16
      12
      14
       8
      16
      15
      14
      15
      16
      19
      18
      17
      15
      16
      23
      14
      18
      15
      20
      17
      18
      18
      14
      20
       7
      15
       8
      17
      20
      18
      24
      22
      16
      12
      20
      21
      22
      16
      22
      20
      14
      17
      15
      19
      12
      13
      15
      15
      14
      20
      14
      11
      17
      13
      17
      19
      14
      16
      12
      18
      13
      26
      17
      13
      16
      15
      16
      23
      18
      16
      23
      20
      14
      19
      10
      17
      11
      12
      17
      12
       9
      14
       9
      11
      24
      14
      13
      14
      27
      13
      16
      16
      16
      15
      12
      15
      24
      19
      14
      20
      21
      19
      14
      12
      16
      18
      10
      15
      26
      17
      16
      15
      15
      20
      18
      19
      14
      18
      26
      18
      21
      18
      21
      12
      10
      18
      20
      18
      18
       9
      13
      13
      10
      11
      12
      18
      16
       8
      16
      25
      18
      23
      19
      18
      25
      20
      12
      17
      20
      10
      19
      14
      18
      15
      17
      19
      19
      20
      13
      15
      17
      17
      21
      22
       8
      16
      19
      16
      12
      10
      11
      12
      21
      25
      21
      16
      14
      17
      12
      20
      19
      11
      13
      18
      11
      13
      15
      12
      17
      13
      13
      11
      11
      21
      16
      20
      19
      19
      23
      12
      17
      12
      13
      14
      11
      17
      14
      14
      14
      18
      17
      17
      14
      15
      24
      11
      14
      21
      17
      25
      13
      13
      18
      19
      15
      15
      15
      12
      13
      21
      16
      10
      14
      17
       9
      19
      11
      15
      13
      20
      20
      13
      12
      13
      19
      19
      16
      18
      14
      15
      15
      19
      15
      12
      16
      12
      17
      15
      13
      15
      11
      18
      12
      11
      11
      14
      21
      14
      10
      16
      12
      12
      17
      12
      21
      18
      20
      11
      14
      11
      17
      19
      11
      17
      18
      20
      17
      14
      12
      17
      16
      13
      17
      11
      23
      14
      17
      15
      19
      23
      12
      13
      10
      16
      16
      15
      21
      11
      13
      16
      18
      14
      26
      19
      18
      12
      17
      20
      16
      13
      14
      16
      21
      29
      24
      30
      42
      44
      57
      58
      93
     101
     100
      89
      97
      90
      92
      60
      69
      49
      32
      35
      25
      18
      21
      13
      13
      17
      18
      13
      15
      16
      17
      10
      10
      13
      11
      13
       8
      17
       9
      17
      16
      17
      22
      11
       9
      12
      17
      27
      10
      15
      21
       8
      17
      14
      18
      15
      13
      13
      21
      16
      14
      10
      17
      21
      13
      13
       9
       9
      13
      15
      16
      13
      13
      16
      14
      15
       8
      15
      16
      11
      19
      14
      10
      14
      10
      15
      16
      17
      13
      13
      12
      16
      14
      14
      18
      16
      11
      15
      10
      10
      10
      19
      17
      15
      18
      21
       8
      16
       7
      13
      17
      15
      14
       7
       9
      15
      17
      12
      13
      14
       9
      17
      12
      14
      11
      22
       9
      10
      19
      12
      14
       8
      11
      14
      15
      18
      12
      12
      12
      14
      20
       6
      10
      12
      11
      16
       9
      13
      16
       6
      15
      18
      19
      17
      15
      14
      13
      12
      10
      13
      14
      16
      15
      17
      14
      13
      18
      11
       9
       9
      12
      16
      12
      16
      12
       8
      11
      17
      15
      11
      11
      14
      13
      16
      10
      19
       9
      19
      13
      11
      12
      12
      15
      12
      11
      14
      12
      16
      18
      17
      14
      18
      11
      15
       9
      13
      14
      10
      12
      15
      13
      14
      12
      20
      11
      17
      10
      17
       5
      16
      18
      14
      19
      15
       9
      15
      13
      17
      11
      13
      10
      17
      17
      10
      12
      16
      12
      18
      10
      11
      17
       9
      17
      10
      16
      12
      10
      14
      14
       8
      16
      12
      12
      10
      11
       8
      10
      13
      12
      11
      11
       8
      15
      16
      18
      17
      19
      11
      11
       8
      15
      13
      11
       9
      13
      13
      11
      13
       9
      12
      11
      12
      17
      15
      10
      10
      14
      13
      19
      15
      14
      10
      11
      22
      11
       9
      23
      18
       9
      11
       6
       9
      12
      10
      12
       9
       7
      16
      11
      10
      15
       6
      10
       6
      14
      10
      14
      13
       7
      13
      11
      11
       8
      17
       9
      10
      13
       9
      12
      10
      12
      15
      12
       8
       9
      12
      16
      15
      13
      15
       7
      15
       5
      16
      13
      14
      11
      10
      13
       6
      13
      13
       7
      12
      13
       7
      16
       7
      15
       9
      12
       5
      13
       8
       7
      10
      13
      14
      13
      12
      11
      15
      14
      14
       8
       9
      13
      15
      17
      13
      10
      10
       7
      14
       6
       6
      12
       8
      15
      10
      15
      15
       8
      16
       8
      10
      14
      13
      16
       7
       7
      10
      11
      14
      13
      10
      12
      11
       9
      11
      11
      15
      15
      12
      15
       9
      10
      10
      11
       9
      10
      13
       9
      13
      13
      12
       9
      14
      11
      14
       6
      14
       9
      13
      13
      17
      16
      10
       8
      13
      12
      10
      10
      13
      10
      11
      12
       7
      11
      12
      10
      11
      13
      21
      13
       7
       9
       5
      12
      10
      10
       8
      21
      18
      13
      22
      18
      18
      23
      17
      13
      15
      15
       7
       6
      13
      22
      12
      13
      17
      10
      15
      23
      15
      16
      13
      14
      15
      20
       8
      12
      12
      14
       8
      11
      18
      14
      10
      10
      16
      15
      16
      15
       5
      11
      13
      13
      14
       7
      11
      15
      11
      14
       6
      13
      12
       5
      12
       8
      12
      12
       8
       7
       4
      13
       4
      11
      11
      12
      14
      12
      12
       6
       7
      14
      14
      10
      11
       9
      12
       5
       9
      12
      11
      16
      13
      10
       8
      12
      13
      13
       7
      12
       8
       9
      15
      15
      12
      11
      12
      12
      14
       7
      15
      10
      12
      11
      13
       9
       8
      14
      11
      12
      12
      14
      11
      11
      21
      17
      11
      10
      15
      11
       7
       9
      13
      10
      10
       9
      11
       7
       9
       7
       7
      12
      12
       9
       8
      12
       6
      14
      15
       8
       5
      20
      16
      13
       8
       7
       4
      10
      14
      11
       8
      12
      10
      13
      12
       8
      15
      13
      12
      16
      11
      16
      14
      17
       9
      16
      13
       9
       7
       8
      12
      16
       8
      16
       7
       9
       8
       9
      10
      14
      10
       7
      10
      11
      13
      11
      15
      11
      16
       7
      10
      11
      14
       7
       5
       8
       8
      10
       9
      18
       3
       9
       9
      14
       9
      12
      15
      15
       9
       9
       6
      10
       9
       7
       7
       9
       8
       8
       9
      12
      15
       6
      11
       9
      10
       8
      10
       7
       7
      11
      12
      11
       5
       7
      11
       6
      13
      14
       5
       7
      11
      10
      10
       8
       4
       9
       7
       9
       5
       5
       9
      10
      13
       5
      12
       9
      14
       8
      17
      10
      14
       6
      12
      10
      16
       8
       8
      15
      13
       7
       7
       7
      11
      10
      14
      11
      14
       5
      12
      12
       7
      13
      12
      12
       9
      14
       6
      12
      16
      10
      10
       9
       4
      15
       4
      12
       7
      11
      12
      19
       7
      10
       7
      10
       7
      11
      10
       9
      11
      10
       9
      12
      18
      13
       9
      10
       8
       6
       7
      14
       8
       8
      15
      16
      11
       4
      13
       3
       9
       8
       8
       6
      10
       3
       6
      10
      10
       4
      10
       7
      12
       7
       9
      10
      11
      14
       7
      10
      10
      13
       7
       6
       9
      13
       9
      12
      14
       8
      11
       9
      21
      15
       8
       7
      11
      11
       8
      13
       9
       2
      10
       6
       8
      10
      10
       7
      10
      12
      14
       8
       6
      14
      10
       9
      16
      12
       6
      11
       8
       7
      10
      11
      12
      11
       7
      13
       5
       6
      10
       8
       8
      15
      14
      12
       9
      15
      13
      11
      10
       7
      10
      12
      10
      13
       8
       5
      14
      10
       8
       7
      14
       7
       6
      13
      11
       9
      12
       5
      12
      10
       8
       9
      13
       6
      12
       7
       8
      10
      12
       7
      15
       9
       8
       6
      13
       9
      14
      12
       8
      13
       6
       9
      12
       8
       9
       9
      11
       9
      15
      10
      10
       4
       7
       9
       8
       7
       6
      15
      11
       3
       4
       6
       6
      10
       8
       9
      12
       9
      12
      17
       8
       5
      12
      13
       9
      11
      19
      13
      12
       9
      17
       3
      13
      10
       8
      11
      12
       8
      13
      11
       8
      13
       7
      11
      10
      13
      12
       9
       9
      11
      19
      17
      16
      15
       9
      15
      13
      19
       9
       6
      11
       8
       8
       7
       7
       7
      12
      16
      19
       5
      13
      11
      17
       8
      10
       3
      10
      11
      12
       7
       7
       7
      13
      10
      11
       8
      10
      13
       1
       9
       6
       6
       3
      10
      10
      13
      10
      15
       3
      14
       5
      11
       9
       5
      12
      15
       9
      11
      10
       6
       8
       4
       9
       8
       9
      11
      10
       8
       8
      16
       9
       8
       3
       6
       7
       6
      11
       9
      12
       9
      12
      10
      17
       4
       5
      13
       6
       8
       8
       8
      13
       5
      10
       8
      12
       8
       9
      11
       8
       7
      12
       6
       4
       9
       6
      13
       7
       9
       9
      14
       9
       9
      18
      10
      12
      14
      10
      17
       9
      21
      15
      26
      30
      43
      34
      27
      39
      31
      39
      30
      28
      26
      30
      26
      11
       3
       7
      12
       5
       9
       7
      10
       9
      11
       8
      11
       9
      10
       9
       9
      11
       7
      15
      11
       9
       6
       8
       8
       6
       8
      15
       5
       8
      16
      10
      10
       8
       4
       8
       9
       9
       6
       8
       7
       7
       3
       9
       3
       6
      10
      11
      11
      11
       9
      10
      10
       8
      10
       7
       6
      10
       5
      10
      14
       5
      12
      12
      14
      10
       9
      10
       7
       7
      10
      12
       4
      12
       9
       7
       8
       3
       6
      11
       5
      11
       2
       8
       2
       9
      10
       6
       9
       9
       9
       6
       7
       6
       9
      14
       7
      14
       6
       6
       3
      13
       9
      14
       8
       8
      11
       8
      11
       5
      10
      12
       6
       8
      12
      10
       8
       8
       7
      10
       6
      10
       6
       5
       6
       7
      12
       5
       5
       9
       5
       8
       7
       8
      14
       4
      11
       8
      10
      13
       9
       8
      11
      13
      10
      12
       8
       8
       5
       6
       5
      11
       7
       7
      13
      11
      11
       7
       8
       6
      10
      10
       5
       6
       9
      14
       9
       8
       1
       6
       9
       9
      14
       5
       8
      15
       9
       8
      12
       6
       8
       8
       8
       9
       4
       3
       7
       6
      11
      11
       8
       7
       6
       7
       9
       4
       7
       7
       8
      13
       2
      10
       6
       9
       8
       3
       7
       7
       5
      14
      13
       8
       7
       9
      11
       9
       6
       6
       9
       6
      12
       7
       7
      11
       4
      11
      10
       4
       7
      11
       8
       5
       9
       7
       7
       6
       7
      13
       7
       8
       6
       8
      12
      21
       6
       9
       8
      10
      12
       9
      16
       6
       7
      10
      10
       9
       5
       6
       8
      13
       4
      10
       7
       5
      12
       7
       5
       5
       9
       5
       6
      11
       8
       7
       6
       4
       5
       9
      10
      14
       7
      11
      10
      10
      12
       8
       8
      12
      13
       6
       9
       7
      13
      15
      15
      17
       8
      11
      13
       6
       9
       9
       8
       9
      10
       9
       3
       4
       5
       9
       8
       8
      14
       7
       8
       9
       8
       7
       8
      11
       6
       8
      12
       8
      12
       7
      12
       4
       7
       7
      14
       5
       8
       6
       9
       8
       7
       5
      17
       7
      15
      16
      12
      12
       6
       7
       9
       7
       7
       9
       9
      10
       7
       9
       4
       7
      10
       3
       5
       5
       6
      13
       9
      11
       7
      10
       5
       5
       4
      12
       6
      12
      14
      10
       7
       8
       7
       5
       4
      11
       8
       7
       7
       6
      10
       6
      12
       4
       8
       4
       6
       8
       3
      13
      10
       9
       9
       6
       5
       6
       8
       7
       9
      10
       3
       5
      13
       5
       7
      12
       6
       9
      12
       8
      10
       7
       6
       8
      14
       6
       7
       9
       7
       5
       7
       4
       7
       7
       5
      10
       8
      10
       4
      10
      10
       6
       8
       8
       9
       6
       4
      13
       7
       9
       6
       6
      14
       8
       6
      11
       5
       5
       5
      10
       7
       6
       9
       5
       8
      10
       7
       7
       4
      12
      11
       4
       7
      11
      14
      13
       8
       5
       8
       8
       6
      13
      10
       8
      10
       6
       9
       5
       9
       9
      10
       9
      12
      11
       6
       7
       9
       8
       6
       7
      13
       9
       7
      10
       2
      11
       5
       7
       5
      12
       5
       6
       9
      12
       9
       9
       9
       8
      11
       8
       4
       5
       5
       9
      11
       9
       8
       3
      12
       7
       5
       5
      10
       6
      13
       9
       7
      11
       6
       9
       8
      12
       9
      14
      14
       6
       6
      10
      13
       9
      10
       4
      10
       7
       6
       6
       8
       5
       7
       9
       9
       7
      12
       4
       7
       7
      11
      13
       3
       5
       7
       2
      13
       8
       7
       7
      12
       6
      10
       8
       5
      11
       4
       7
       6
       7
      11
       8
       5
       9
       5
       6
       7
      15
       9
       9
       4
       3
       8
       1
       5
       8
       6
       9
       9
       4
      13
       9
      10
       8
      10
       9
       6
       7
       3
      13
       6
       5
       7
       9
       0
      12
       9
       8
       5
       9
       9
       8
       9
       7
       8
       4
       3
       9
       9
       8
       6
       7
      11
       4
       8
       9
       5
       8
       8
       6
       9
       6
       7
       8
       8
       2
       7
       4
       6
       7
      10
       4
       7
      10
      10
       7
       3
      10
       5
       8
       7
       9
       9
       5
       7
       5
      10
      10
      10
       8
       6
       7
       7
       3
       6
       8
       4
       6
       8
       7
       4
       8
      10
       8
       8
       8
       6
       2
       7
      11
      11
       6
       9
       9
       8
       6
       9
       1
       6
      11
       3
      13
       5
       9
       5
       7
       9
      10
       7
       8
       7
       7
      10
       3
      10
       5
       8
       8
       9
       6
      12
       7
       5
       6
       4
       7
      11
       6
       5
       4
       5
      10
       5
       9
      10
      10
       6
       7
       6
       8
      12
       8
       7
       8
       7
       8
       4
       5
       5
       9
       6
       7
       6
       9
       5
       9
       2
       5
       6
       8
       7
       8
       7
       7
      11
       7
       7
       7
       7
       8
      11
      10
       5
       7
       7
       6
       9
      18
       6
       7
       8
       7
       5
       3
       9
       8
       4
       0
       8
       6
       8
       3
      10
      13
       5
       4
       6
       3
       7
       8
       3
       8
       6
       8
       5
      14
       7
       5
       7
      13
       5
       4
       9
      13
       8
       8
       8
       5
       6
       8
       8
       8
      13
      10
       5
       8
       2
       8
       3
      11
       1
       6
       5
       6
       6
       6
       4
       4
       6
       4
       7
      10
       6
       3
       8
       6
       7
       5
      12
       5
       7
       8
      11
       8
       8
       6
       9
       6
       6
       8
       8
       5
       8
       9
      10
       5
       8
       9
       3
       5
       6
       5
       5
       3
       3
       5
       3
      10
       5
       9
       4
       6
      10
       8
       6
       8
       9
       8
       7
       7
       8
       9
       3
       8
       6
       3
       6
      10
       7
       8
       5
       8
       3
       6
      10
       5
      10
       7
       8
      11
       7
       8
       6
       5
       8
      12
       8
       8
       7
       8
       8
      10
       8
      10
       9
       9
      12
       3
       5
       4
       3
       9
       3
       3
       4
       4
       8
       4
       7
       7
       8
       0
       4
       7
       3
      10
      10
       5
      10
      10
       9
      13
       6
       5
       7
       7
       5
       7
       7
      10
       7
      10
      12
       7
       8
      10
       4
       7
       6
       5
       7
       7
      10
      10
       6
       7
      11
      13
       5
       5
       7
       4
       8
      10
       6
      11
       6
       3
       6
       6
       7
       5
       8
       5
      13
      14
      10
       3
       9
       4
       7
       5
      10
       6
       9
       6
      10
       4
      11
       7
       9
      10
       6
       9
       9
       7
       8
       9
       6
       3
       7
      10
       8
       7
      13
      11
       4
       7
      12
      10
      12
       4
       5
       6
      10
       5
       7
       6
       6
       7
       4
       7
       9
       6
       6
      10
       7
       4
       5
      12
       5
      10
       7
       5
       4
       7
       4
       2
       7
       7
       7
       4
       6
       9
       8
      13
       6
       8
       8
       3
       7
       7
       5
       7
      10
       6
       9
       8
       8
       9
       7
      10
      10
       3
       7
       3
       6
       9
       5
       9
       5
       4
       5
       8
       4
      10
       4
       8
       6
       4
       4
       8
       4
       6
       3
       7
       5
       6
      10
       6
       5
       3
       7
      11
       6
       9
      10
       7
       7
      10
       6
       5
       3
       7
       7
       3
       3
       8
       7
       9
      10
       4
       5
       4
       9
       6
       5
       9
       4
       6
       7
       7
       7
      10
       9
       6
       7
       6
       2
      11
       1
       8
      12
       9
       6
       6
       7
       4
      10
      10
       8
       6
       9
      10
       6
      15
       6
       3
       6
       7
       4
       3
       3
       9
       8
       5
       6
       9
       7
       7
       7
       7
       5
       9
       5
       6
       9
       5
       5
       8
       7
       9
       1
      10
       9
       6
      12
      10
      15
      10
      11
      18
      10
       9
      10
       9
      11
       7
       7
      14
      15
      10
      13
      12
      12
       4
       7
       4
       6
       2
       4
       8
       5
      17
       5
       6
       8
       9
      12
      13
       6
       8
      10
       3
       4
      12
       9
       5
       6
       4
       4
      10
       7
       6
       7
       5
       7
       4
      12
       9
       9
       9
       8
       6
       8
      15
       7
       8
       7
       5
       7
       7
       4
      10
      12
       7
      15
      11
       8
       5
       9
      10
       7
       8
      10
       5
       9
       7
       8
      10
      10
       6
       6
       5
      12
       5
      11
       7
       8
       7
       7
       5
       7
       5
       3
       5
       3
       6
       7
       3
       3
       9
       8
       8
       5
       6
       9
       9
       9
      10
       8
       3
       6
       7
       7
       5
       6
       7
       5
       3
       4
      10
       7
       8
       5
       6
       6
       5
       3
       8
       6
       6
       5
       6
       8
       2
       4
       4
       4
       6
      12
       4
      11
       5
       4
      10
       5
      13
       7
       8
       7
      10
       4
       2
       7
       5
       3
       9
       3
       2
       6
       8
       8
       8
      12
       9
       7
       8
       2
       3
       2
       8
       8
       9
      18
       8
       6
       6
       3
       8
       3
       7
       7
       6
       5
       6
       7
       9
      10
       6
       6
       6
       5
      10
       9
       5
      10
       6
       7
       3
       7
       6
      12
      10
       6
       4
       5
       7
      10
       3
       9
       8
       6
       6
       6
       8
       5
       9
       7
       5
       9
       5
       7
      12
       8
       5
       7
      10
       3
       7
       7
       3
       6
       7
       7
       3
       6
       9
      10
      10
      11
       6
       8
       4
       5
       8
       8
       5
       9
       5
       4
       6
       9
       7
       6
      10
       8
       3
       6
       5
       4
      10
      10
      12
       9
       8
       6
      10
       6
       7
       4
       6
       5
       1
       5
       4
       7
      10
       3
       7
       7
       6
       8
       6
       5
       5
       6
       1
       6
       9
       7
       8
       4
       6
       4
       7
       1
       3
      10
       8
       5
       5
       6
       8
       4
       6
      10
       6
      10
       4
       5
       7
       6
       6
       5
       6
       9
       3
       9
       7
       7
       2
       7
       9
       9
      10
       7
       5
       5
       7
       2
       3
       6
      14
       9
       6
       6
       5
       3
       7
       5
       5
       7
       8
       5
       2
       4
       7
      13
       4
       5
      10
       5
       9
       7
       7
      10
      10
       8
      12
      14
      10
      16
      18
      11
      12
      17
      13
      14
      10
      18
      12
      11
      16
      14
      13
       7
       7
       7
       8
       5
       6
       9
       6
       5
       9
       6
       6
       7
       6
       4
       5
       5
       3
       6
       8
       5
       8
       7
       2
       5
       8
       5
      10
       9
       9
       4
       6
       5
       7
       7
       9
       8
       6
       8
       4
       8
       7
       5
       6
       9
       6
       3
       8
       3
       3
       7
       8
      10
       9
       6
       4
       7
       4
       4
       6
       4
       7
       7
       8
       6
       5
       6
       4
       4
       3
       6
       5
       4
       6
       5
       7
       8
       5
       6
       8
       6
       6
       3
       1
       8
       9
       7
       8
       6
       7
       2
      13
       1
       7
       5
       6
       8
       4
       9
      10
       4
       3
       4
       5
       8
      10
      14
       4
       5
       6
       8
       7
       6
      10
       5
       5
       7
       4
      12
       5
      10
       9
       4
       9
       8
       5
       7
       6
       8
       8
       9
       6
       9
       6
       8
       6
       3
       3
      10
       9
       5
       8
       6
       6
       4
       7
       8
       9
       5
       9
       7
       4
       6
       7
       0
       0
       0
       0
       0
       0
       0
       0
       0
       0
       0
       0
       0
       0
       0
       0
       0
       0
       0
       0
       0
       0
       0
       0
       0
       0
       0
       0
       0
       0
       0
       0
       0
       0
       0
       0
       0
       0
       0
       0
       0
       0
       0
       0
       0
       0
       0
       0
       0
       0
       0
       0
       0
       0
       0
       0
       0
       0
       0
       0
       0
       0
       0
       0
       0
       0
       0
       0
       0
       0
       0
       0
       0
       0
       0
       0
       0
       0
       0
       0
       0
       0
       0
       0
       0
       0
       0
       0
       0
       0
       0
       0
       0
       0
       0
       0
       0
       0
       0
       0
       0
       0
       0
       0
       0
       0
       0
       0
       0
       0
       0
       0
       0
       0
       0
       0
       0
       0
       0
       0
       0
       0
       0
       0
       0
       0
       0
       0
$ROI:
0
$PRESETS:
None
0
0
$ENER_FIT:
-2.173939 0.279251
$MCA_CAL:
3
-2.173939E+000 2.792507E-001 0.000000E+000 keV
$SHAPE_CAL:
3
1.571259E+001 -1.155430E-003 0.000000E+000
