$SPEC_ID:
226Ra
$SPEC_REM:
DET# 1
DETDESC# MCB 132 Input 1
AP# Maestro Version 6.06
$DATE_MEA:
02/03/2022 10:54:56
$MEAS_TIM:
292931 292957
$DATA:
0 8191
       0
       0
       0
       0
       0
       0
       0
       0
       0
       0
       0
       0
       0
       0
       0
       0
       0
       0
       0
       0
       0
       0
       0
       0
       1
       8
    5219
   21475
    1644
     867
     812
     829
     860
     914
     984
     984
    1012
    1015
     927
     974
     989
    1045
    1054
    1051
     917
     869
     817
     797
     705
     720
     727
     738
     766
     831
     735
     642
     735
     649
     662
     627
     624
     588
     609
     572
     620
     572
     613
     615
     576
     552
     522
     588
     596
     559
     503
     523
     530
     518
     468
     519
     496
     465
     473
     459
     427
     447
     502
     472
     465
     430
     451
     450
     427
     428
     455
     427
     446
     429
     403
     412
     441
     416
     440
     434
     373
     403
     413
     391
     378
     384
     411
     375
     399
     420
     375
     387
     369
     388
     359
     386
     353
     379
     390
     358
     350
     354
     359
     407
     356
     364
     320
     384
     368
     334
     338
     376
     351
     390
     343
     356
     341
     351
     355
     372
     361
     384
     366
     353
     358
     374
     347
     351
     345
     358
     342
     339
     348
     346
     372
     325
     363
     322
     353
     361
     320
     350
     326
     381
     353
     369
     390
     535
     698
     751
     639
     495
     342
     360
     292
     343
     359
     338
     334
     371
     373
     408
     385
     391
     342
     340
     325
     344
     330
     375
     345
     418
     453
     494
     467
     409
     362
     375
     370
     349
     368
     361
     361
     364
     342
     370
     340
     324
     364
     373
     347
     337
     387
     378
     462
     463
     433
     443
     407
     404
     383
     412
     412
     428
     433
     428
     534
     710
     918
    1121
     997
     699
     469
     425
     416
     428
     432
     372
     407
     434
     416
     425
     445
     497
     459
     448
     465
     467
     460
     375
     404
     390
     443
     450
     452
     453
     445
     463
     426
     435
     465
     474
     509
     510
     536
     511
     475
     554
     778
    1206
    1574
    1492
    1138
     746
     555
     565
     862
    1444
    2082
    2051
    1534
     853
     525
     414
     483
     576
     590
     641
     509
     464
     421
     538
     631
     641
     574
     481
     405
     398
     406
     438
     525
     665
     908
     969
     850
     715
     582
     543
     497
     432
     400
     432
     566
     702
     919
     937
     927
     623
     525
     468
     460
     443
     549
     609
     652
     628
     537
     448
     410
     411
     479
     685
    1144
    1531
    1841
    1599
    1106
     770
     568
     471
     523
     507
     511
     507
     420
     421
     364
     381
     334
     327
     354
     425
     440
     403
     469
     503
     459
     391
     381
     372
     361
     339
     369
     369
     348
     352
     343
     337
     336
     376
     393
     366
     382
     372
     389
     391
     365
     419
     353
     368
     395
     448
     393
     374
     387
     380
     367
     376
     373
     371
     365
     379
     414
     384
     423
     391
     427
     400
     401
     413
     424
     434
     423
     400
     410
     428
     521
     483
     444
     404
     379
     384
     399
     379
     432
     398
     368
     409
     389
     384
     380
     386
     402
     418
     385
     378
     419
     423
     426
     396
     417
     407
     408
     407
     404
     422
     411
     431
     421
     432
     445
     395
     417
     390
     398
     421
     388
     416
     436
     371
     381
     408
     391
     437
     383
     402
     392
     418
     415
     421
     414
     411
     411
     383
     418
     420
     403
     444
     416
     394
     405
     411
     434
     388
     434
     408
     402
     423
     423
     407
     417
     418
     412
     388
     419
     391
     391
     393
     433
     427
     372
     384
     428
     427
     435
     425
     414
     412
     431
     402
     396
     408
     444
     440
     456
     429
     418
     441
     430
     418
     440
     419
     438
     419
     434
     478
     580
     675
     730
     657
     532
     470
     446
     428
     423
     387
     434
     360
     413
     425
     421
     436
     440
     412
     430
     427
     408
     447
     385
     424
     421
     489
     454
     440
     429
     442
     428
     460
     453
     424
     420
     430
     449
     479
     531
     586
     536
     430
     521
     418
     384
     403
     400
     465
     389
     407
     420
     410
     400
     403
     432
     425
     393
     393
     435
     425
     426
     382
     377
     387
     392
     434
     420
     416
     403
     421
     452
     474
     495
     429
     448
     422
     400
     351
     397
     380
     394
     402
     414
     390
     332
     421
     389
     412
     382
     363
     393
     418
     397
     395
     393
     382
     379
     369
     375
     382
     402
     368
     398
     395
     395
     385
     385
     407
     379
     376
     406
     356
     396
     412
     386
     378
     370
     373
     331
     374
     358
     381
     346
     381
     393
     377
     343
     328
     392
     382
     366
     345
     394
     377
     427
     349
     399
     369
     411
     404
     403
     396
     374
     363
     390
     379
     357
     382
     429
     635
     987
    1523
    1822
    1896
    1471
    1071
     637
     460
     401
     365
     360
     307
     358
     368
     338
     351
     372
     342
     296
     358
     351
     358
     337
     337
     328
     350
     318
     382
     359
     319
     345
     303
     360
     387
     365
     380
     367
     362
     334
     360
     361
     333
     335
     340
     356
     340
     362
     367
     366
     317
     345
     320
     344
     349
     351
     312
     346
     313
     327
     335
     327
     385
     362
     356
     321
     335
     326
     325
     315
     328
     314
     380
     363
     388
     357
     316
     337
     304
     318
     313
     293
     319
     326
     334
     327
     313
     308
     312
     306
     313
     301
     311
     285
     317
     314
     306
     294
     308
     295
     299
     321
     290
     287
     281
     318
     270
     271
     327
     271
     269
     295
     302
     254
     302
     290
     330
     290
     295
     276
     274
     281
     272
     273
     294
     305
     282
     314
     303
     292
     290
     300
     294
     288
     253
     259
     262
     264
     304
     256
     272
     249
     281
     288
     284
     281
     270
     263
     279
     285
     284
     268
     260
     267
     278
     263
     268
     276
     300
     245
     295
     274
     285
     264
     273
     274
     272
     270
     264
     256
     235
     266
     276
     261
     277
     254
     251
     257
     276
     283
     316
     354
     419
     427
     377
     314
     274
     256
     267
     314
     360
     458
     520
     521
     439
     322
     259
     274
     226
     265
     302
     350
     675
     944
    1110
    1172
     856
     545
     333
     273
     257
     222
     257
     220
     231
     266
     236
     253
     253
     229
     242
     249
     248
     230
     210
     201
     219
     214
     221
     240
     230
     245
     247
     242
     244
     268
     222
     251
     227
     227
     242
     227
     216
     257
     204
     226
     248
     249
     228
     235
     243
     219
     258
     276
     290
     314
     328
     252
     240
     262
     202
     222
     234
     283
     278
     294
     268
     240
     225
     224
     231
     237
     224
     225
     206
     206
     200
     192
     244
     234
     232
     229
     201
     195
     191
     219
     222
     205
     228
     199
     219
     225
     203
     204
     223
     217
     218
     224
     219
     227
     244
     263
     350
     363
     329
     296
     274
     292
     362
     309
     333
     292
     239
     248
     208
     200
     228
     226
     207
     231
     224
     239
     259
     221
     220
     190
     212
     217
     189
     186
     210
     225
     212
     208
     222
     203
     178
     203
     189
     201
     209
     200
     212
     209
     202
     210
     199
     185
     192
     212
     199
     186
     203
     216
     205
     217
     221
     204
     181
     216
     209
     231
     200
     217
     202
     200
     196
     190
     168
     193
     204
     211
     178
     179
     197
     197
     190
     195
     177
     179
     192
     198
     181
     184
     186
     189
     182
     175
     191
     210
     232
     354
     705
    1272
    1839
    2048
    1842
    1222
     695
     359
     260
     186
     199
     176
     163
     183
     155
     162
     177
     171
     195
     209
     255
     237
     216
     175
     168
     181
     168
     172
     172
     201
     205
     219
     204
     177
     151
     173
     159
     164
     190
     177
     185
     163
     180
     167
     174
     157
     176
     177
     169
     151
     166
     195
     164
     188
     174
     170
     171
     198
     177
     156
     172
     158
     155
     154
     170
     201
     172
     185
     185
     170
     163
     174
     191
     184
     171
     172
     170
     167
     170
     152
     159
     160
     153
     154
     160
     145
     157
     166
     155
     184
     169
     170
     174
     159
     146
     145
     155
     148
     173
     163
     163
     148
     162
     181
     147
     183
     193
     155
     165
     172
     167
     159
     163
     163
     147
     178
     151
     154
     165
     169
     167
     176
     162
     161
     146
     187
     198
     199
     194
     187
     166
     156
     159
     151
     187
     151
     171
     173
     154
     143
     186
     160
     163
     138
     172
     175
     160
     165
     166
     135
     163
     158
     129
     153
     159
     209
     193
     228
     207
     208
     182
     168
     173
     153
     129
     146
     134
     146
     137
     172
     138
     110
     149
     180
     153
     150
     141
     144
     146
     158
     144
     147
     137
     176
     139
     156
     162
     137
     161
     152
     153
     147
     132
     160
     137
     147
     151
     145
     156
     180
     194
     302
     614
    1080
    1871
    2697
    3103
    2816
    1929
    1006
     517
     237
     178
     145
     151
     117
     133
     139
     134
     159
     139
     134
     145
     127
     132
     113
     135
     121
     138
     122
     126
     141
     144
     154
     128
     151
     121
     114
     125
     139
     120
     149
     153
     125
     125
     140
     139
     121
     134
     123
     133
     120
     127
     144
     129
     140
     141
     147
     138
     129
     130
     130
     143
     133
     148
     128
     138
     132
     127
     136
     126
     123
     118
     144
     108
     108
     137
     130
     141
     152
     116
     127
     136
     139
     138
     119
     121
     124
     140
     105
     137
     130
     136
     135
     112
     114
     125
     127
     117
     118
     127
     138
     157
     147
     135
     142
     132
     123
     134
     125
     133
     127
     122
     123
     165
     136
     127
     131
     143
     132
     133
     137
     116
     129
     116
     120
     114
     121
     134
     137
     135
     169
     132
     141
     154
     145
     139
     138
     166
     148
     153
     130
     146
     144
     111
     108
     121
     110
     137
     120
     114
     125
     114
     127
     100
     126
     147
      81
     125
     110
     140
     115
     132
     143
     119
     111
     136
     126
     118
     121
     131
     129
     115
     125
     140
     135
     131
     116
     134
     123
     129
     147
     133
     169
     153
     183
     159
     157
     141
     137
     128
     152
     125
     123
     136
     146
     158
     163
     178
     144
     126
     114
     123
     135
     117
     129
     116
     121
     123
     123
     131
     144
     120
     124
     113
     124
     122
     119
     127
     131
     132
     136
     126
     143
     137
     121
     139
     127
     116
     118
     106
     131
     137
     134
     124
     126
     122
     126
     117
     112
     104
     107
     108
     108
     112
     124
     138
     118
     125
     114
     136
     110
     108
     130
     114
     117
     139
     137
     130
     118
     124
     118
     143
     110
     124
     116
     110
     125
     121
     144
     133
     120
     122
     139
     144
     126
     109
     116
     110
     116
     107
     123
     121
     106
     112
     125
     119
     106
     122
     136
     101
     121
     110
     109
     139
     157
     208
     334
     470
     554
     578
     466
     350
     241
     155
     132
     109
     118
     117
      90
      89
      97
      97
     123
     100
      95
      98
     123
     104
     104
      97
      93
      93
      90
      99
     110
     108
     100
     115
      94
      94
     111
     103
      87
      94
     101
      89
     114
     106
     131
     108
     101
      86
     123
      95
     104
      93
     100
     110
     111
     104
     105
     109
     106
      88
      97
     106
      97
      89
     107
      94
     102
      96
      99
      99
      89
      91
     106
      97
      96
      87
     107
     103
     124
     114
     112
      97
     109
      96
     106
     111
      85
     108
     121
      93
     107
     100
     105
     102
     113
      96
      89
      98
      85
     100
     106
      89
      96
      97
      99
     117
     115
     122
      92
     114
     106
      98
     113
      89
      95
      96
     109
     105
     105
      73
      84
      95
      97
      88
      87
      82
      99
      76
      95
      97
      88
     108
     118
     116
     103
      95
     103
      95
      98
     112
      85
      85
      89
      86
     101
      90
      94
      99
     102
      84
     108
     101
      96
     108
      91
      82
      83
      90
      90
      94
      85
      86
      80
      80
      90
     100
      90
      62
      78
      85
     112
     132
     111
      91
      92
      89
      89
      94
      80
      90
     105
      98
      90
      96
      79
      76
      77
      91
      81
      94
     101
      99
     101
     128
      98
     113
     109
      84
      75
     111
      65
      77
      83
      89
      70
      93
      80
      67
      86
      81
      79
      91
      80
      84
      80
      78
      80
      87
     110
      82
      85
      88
      77
      92
      90
      75
     101
      93
     101
      80
      81
      79
      93
      92
      84
      90
      89
      81
      73
      87
      90
      81
      73
      74
      81
      76
      85
      81
      72
      95
      92
      83
      79
      69
      78
      71
      89
      72
      63
      83
      80
      64
      83
      83
      70
      85
      97
     104
     103
     118
     110
     139
     160
     188
     212
     281
     344
     418
     475
     536
     538
     511
     499
     450
     384
     361
     268
     218
     187
     157
     121
     103
      84
      83
      74
      63
      83
      76
      88
      77
      83
      78
      75
      94
      76
      73
      65
      83
      74
      66
      73
      72
      81
      76
      78
      85
      81
      84
      70
      81
      64
      84
      72
      77
      71
      68
      62
      74
      70
      72
      77
      74
      63
      61
      77
      65
      81
      67
      80
      73
      68
      62
      83
      68
      84
      74
      78
      77
      75
      63
      80
      81
      74
      77
      83
      63
      99
      70
      64
      73
      72
      81
      92
      80
      72
      79
      73
      72
      67
      86
      55
      76
      73
      69
      72
      80
      73
      73
      62
      58
      72
      66
      66
      65
      70
      67
      52
      66
      68
      71
      68
      67
      67
      68
      54
      78
      65
      69
      81
      82
      83
      68
      68
      77
      73
      65
      75
      59
      61
      68
      56
      63
      67
      71
      83
      65
      81
      67
      65
      56
      68
      74
      70
      71
      67
      72
      59
      63
      74
      53
      66
      61
      71
      73
      76
      73
      61
      66
      64
      55
      62
      62
      68
      63
      63
      64
      67
      73
      63
      66
      73
      67
      71
      64
      59
      73
      59
      75
      68
      72
      72
      68
      75
      77
      70
      55
      66
      69
      59
      77
      69
      59
      64
      69
      56
      69
      71
      65
      64
      58
      64
      87
      68
      64
      77
      66
      89
      92
      86
     106
     136
     101
     113
      93
      80
      69
      76
      72
      72
      47
      75
      71
      61
      68
      68
      50
      77
      69
      67
      69
      57
      69
      74
      50
      66
      61
      69
      53
      55
      63
      83
      49
      65
      74
      64
      73
      78
      79
      68
      74
      70
      71
      55
      70
      59
      98
      95
     105
     118
     140
     127
     108
     112
      89
      54
      65
      54
      46
      72
      59
      67
      58
      60
      65
      68
      57
      61
      73
      66
      57
      57
      67
      71
      59
      55
      62
      63
      74
      60
      62
      63
      58
      61
      56
      57
      52
      68
      57
      60
      59
      60
      76
      64
      70
      71
      75
      69
      67
      73
      86
      63
      69
      59
      53
      70
      84
      74
      59
      66
      53
      70
      69
      63
      65
      77
      67
      54
      79
      64
      59
      68
      65
      83
      74
      58
      68
      62
      59
      68
      77
      64
      61
      54
      75
      76
      87
     136
     235
     433
     757
    1172
    1518
    1856
    1889
    1588
    1163
     729
     421
     232
     115
      90
      57
      63
      63
      70
      82
     135
     206
     301
     350
     380
     343
     288
     218
     154
      99
      77
      54
      61
      69
      62
      63
      58
      57
      43
      68
      65
      46
      56
      53
      69
      63
      86
      43
      52
      49
      46
      48
      59
      45
      77
      59
      55
      49
      48
      57
      65
      64
      68
      56
      52
      56
      60
      70
      50
      59
      52
      57
      43
      57
      61
      29
      40
      43
      52
      67
      48
      53
      59
      48
      65
      48
      42
      58
      68
      59
      57
      51
      61
      70
      52
      61
      55
      49
      44
      38
      43
      54
      46
      58
      59
      56
      68
      55
      48
      48
      49
      59
      50
      47
      53
      51
      60
      56
      56
      49
      67
      60
      55
      54
      55
      49
      61
      42
      53
      53
      45
      50
      44
      52
      41
      63
      58
      48
      52
      62
      42
      59
      52
      54
      37
      52
      43
      56
      51
      48
      56
      54
      53
      45
      49
      51
      50
      40
      54
      55
      43
      48
      60
      51
      42
      41
      57
      64
      51
      53
      53
      52
      57
      56
      44
      44
      43
      45
      44
      37
      63
      65
      36
      60
      44
      49
      63
      87
      68
     133
     204
     290
     391
     507
     515
     449
     365
     251
     171
     108
      92
      64
      61
      60
      71
      96
     107
     113
     116
      90
      90
      57
      48
      60
      46
      52
      47
      45
      52
      53
      58
      50
      48
      56
      53
      47
      54
      47
      49
      56
      53
      59
      51
      45
      49
      42
      49
      46
      46
      50
      52
      61
      42
      67
      47
      42
      43
      45
      33
      37
      51
      54
      56
      43
      50
      45
      46
      38
      48
      38
      44
      70
      52
      46
      51
      48
      45
      57
      58
      46
      47
      45
      43
      55
      47
      48
      48
      54
      45
      56
      58
      45
      60
      59
      51
      32
      33
      39
      54
      56
      47
      49
      42
      46
      49
      49
      47
      57
      53
      63
      45
      44
      49
      50
      53
      52
      42
      62
      58
      57
      66
      50
      53
      63
      48
      53
      52
      50
      52
      49
      53
      55
      69
      59
      51
      51
      53
      44
      45
      61
      47
      55
      53
      54
      56
      62
      52
      44
      69
      58
      60
      63
      73
      70
      66
      63
      54
      62
      52
      50
      59
      64
      45
      51
      48
      53
      43
      47
      50
      56
      56
      51
      60
      52
      57
      43
      44
      54
      44
      48
      62
      63
      55
      50
      56
      58
      50
      46
      35
      49
      38
      48
      42
      54
      41
      49
      63
      60
      50
      64
      38
      61
      55
      46
      33
      38
      53
      47
      60
      46
      57
      71
      56
      77
      48
      45
      54
      76
      86
     127
     195
     239
     283
     347
     306
     250
     211
     160
      97
      57
      58
      44
      64
      53
      45
      55
      54
      58
      65
      73
      59
      61
      47
      51
      33
      34
      43
      43
      39
      37
      50
      42
      45
      55
      51
      48
      47
      57
      38
      57
      40
      49
      58
      40
      49
      46
      41
      51
      49
      49
      55
      58
      48
      48
      44
      37
      35
      51
      44
      46
      44
      37
      50
      50
      37
      50
      48
      47
      36
      41
      54
      57
      62
      48
      53
      51
      50
      47
      42
      44
      49
      36
      52
      50
      45
      42
      35
      21
      41
      41
      44
      38
      55
      36
      48
      49
      46
      37
      43
      43
      41
      44
      39
      34
      49
      37
      50
      49
      50
      39
      44
      48
      61
      47
      46
      45
      46
      45
      51
      56
      52
      49
      46
      35
      37
      40
      47
      47
      45
      41
      43
      49
      45
      43
      38
      39
      45
      42
      50
      46
      46
      44
      39
      43
      53
      42
      48
      47
      45
      48
      51
      41
      41
      36
      61
      57
      65
      70
      78
      80
      69
     104
     106
     129
     169
     189
     180
     179
     140
     144
      84
      72
      52
      60
      43
      36
      48
      49
      49
      55
      52
      37
      41
      44
      42
      42
      38
      39
      47
      39
      41
      53
      41
      52
      53
      40
      38
      45
      39
      39
      39
      41
      38
      39
      43
      37
      48
      49
      46
      39
      37
      39
      53
      31
      31
      45
      44
      41
      45
      36
      43
      45
      43
      54
      46
      46
      61
      60
      81
      99
      69
      66
      57
      50
      43
      41
      54
      48
      43
      40
      29
      33
      30
      35
      46
      45
      40
      38
      50
      39
      40
      42
      36
      47
      37
      37
      55
      46
      38
      51
      47
      50
      47
      45
      37
      34
      39
      38
      47
      42
      43
      41
      42
      37
      39
      38
      39
      26
      39
      33
      40
      37
      45
      40
      30
      41
      55
      37
      48
      53
      45
      46
      45
      50
      44
      36
      59
      46
      56
      70
      61
      71
      70
      90
      63
      42
      50
      49
      46
      35
      33
      39
      31
      35
      36
      42
      39
      42
      36
      36
      41
      46
      45
      20
      37
      32
      50
      38
      35
      44
      47
      47
      35
      37
      32
      46
      32
      41
      43
      38
      22
      31
      36
      43
      41
      35
      34
      44
      44
      46
      53
      51
      42
      45
      54
      36
      32
      39
      53
      45
      45
      32
      34
      42
      34
      40
      34
      38
      36
      39
      43
      52
      32
      40
      52
      43
      41
      47
      28
      29
      38
      49
      46
      39
      42
      40
      35
      33
      40
      48
      42
      43
      54
      47
      49
      46
      58
      46
      54
      41
      43
      52
      35
      32
      43
      42
      36
      46
      58
      44
      47
      36
      50
      34
      45
      43
      48
      56
      53
      68
      51
      48
      58
      49
      43
      45
      41
      33
      36
      33
      53
      38
      38
      39
      44
      27
      39
      39
      43
      41
      49
      36
      42
      46
      41
      56
      46
      45
      49
      39
      43
      35
      42
      50
      39
      45
      39
      44
      43
      41
      35
      47
      40
      51
      31
      52
      43
      43
      38
      35
      42
      43
      49
      42
      35
      49
      44
      47
      40
      37
      26
      33
      36
      33
      50
      29
      35
      35
      35
      42
      42
      33
      37
      52
      51
      40
      36
      35
      41
      38
      43
      49
      47
      45
      38
      32
      43
      33
      46
      32
      36
      41
      38
      40
      43
      34
      25
      37
      50
      40
      44
      36
      37
      34
      37
      35
      34
      32
      45
      37
      46
      35
      34
      41
      30
      29
      21
      47
      35
      47
      38
      46
      53
      47
      52
      41
      40
      42
      46
      41
      38
      30
      36
      37
      38
      38
      44
      40
      33
      35
      55
      41
      47
      39
      42
      41
      32
      46
      37
      47
      46
      28
      36
      37
      43
      38
      36
      34
      43
      47
      43
      39
      30
      39
      38
      32
      42
      30
      43
      25
      36
      40
      48
      30
      36
      30
      43
      42
      33
      34
      35
      32
      38
      47
      42
      32
      40
      31
      32
      22
      27
      40
      29
      44
      31
      37
      36
      26
      41
      44
      37
      38
      34
      39
      39
      42
      31
      44
      40
      36
      43
      33
      41
      32
      33
      38
      40
      38
      32
      46
      33
      43
      34
      32
      17
      41
      36
      34
      36
      36
      32
      25
      35
      44
      43
      42
      33
      42
      42
      44
      35
      36
      46
      37
      42
      34
      31
      44
      26
      35
      32
      43
      61
      57
      54
      63
      74
      81
      75
      65
      63
      42
      47
      40
      41
      36
      32
      42
      39
      33
      34
      37
      37
      22
      30
      44
      26
      33
      41
      32
      32
      32
      31
      40
      43
      30
      38
      31
      34
      29
      41
      33
      28
      43
      39
      28
      38
      24
      34
      33
      35
      44
      33
      39
      44
      33
      42
      27
      37
      38
      33
      36
      42
      32
      38
      30
      28
      46
      34
      41
      27
      38
      42
      30
      37
      41
      48
      24
      31
      32
      44
      50
      37
      45
      59
      77
      81
      78
      94
     108
      98
      91
      99
      73
      66
      38
      39
      22
      41
      38
      37
      27
      44
      24
      26
      30
      29
      41
      33
      42
      30
      35
      42
      33
      36
      36
      35
      27
      33
      29
      36
      27
      26
      38
      30
      35
      32
      36
      33
      34
      26
      25
      41
      28
      30
      38
      31
      18
      33
      30
      27
      36
      37
      22
      31
      39
      33
      29
      29
      32
      41
      31
      35
      34
      29
      32
      39
      27
      27
      33
      25
      27
      33
      33
      31
      41
      43
      21
      26
      32
      36
      28
      38
      41
      28
      36
      39
      33
      30
      37
      36
      27
      29
      38
      43
      31
      24
      32
      40
      31
      36
      33
      33
      39
      51
      58
      54
      41
      56
      44
      47
      38
      35
      32
      23
      33
      32
      34
      34
      31
      42
      47
      56
      55
      62
      58
      59
      45
      31
      29
      24
      30
      31
      28
      30
      29
      21
      41
      34
      24
      32
      24
      31
      31
      31
      23
      33
      31
      28
      33
      29
      28
      33
      26
      34
      40
      37
      32
      28
      28
      36
      21
      29
      34
      30
      33
      33
      30
      33
      43
      27
      38
      38
      32
      31
      30
      30
      20
      18
      24
      34
      24
      35
      26
      34
      40
      28
      28
      23
      29
      37
      30
      20
      32
      22
      33
      30
      26
      35
      31
      30
      27
      28
      32
      36
      33
      21
      32
      34
      37
      32
      25
      33
      29
      29
      30
      31
      31
      35
      32
      33
      36
      33
      30
      21
      29
      29
      32
      27
      34
      32
      30
      34
      39
      48
      46
      48
      67
      75
      75
      93
      72
      55
      62
      34
      41
      34
      34
      26
      28
      26
      25
      28
      24
      27
      25
      24
      34
      36
      25
      32
      36
      31
      25
      31
      39
      27
      32
      30
      37
      31
      35
      33
      26
      37
      38
      26
      34
      26
      36
      28
      24
      29
      37
      30
      38
      33
      35
      30
      37
      23
      37
      35
      28
      27
      21
      23
      31
      27
      36
      27
      30
      33
      32
      26
      29
      30
      35
      41
      18
      25
      42
      32
      33
      31
      30
      29
      36
      28
      26
      28
      27
      17
      34
      20
      27
      28
      40
      28
      24
      24
      20
      35
      28
      34
      21
      32
      33
      36
      16
      25
      31
      26
      18
      36
      26
      19
      42
      28
      26
      25
      36
      38
      29
      29
      35
      30
      31
      17
      23
      31
      20
      21
      26
      31
      19
      25
      25
      31
      34
      30
      30
      25
      34
      28
      25
      40
      28
      21
      29
      34
      28
       9
      31
      28
      26
      24
      23
      20
      32
      35
      26
      26
      25
      29
      29
      34
      35
      20
      28
      34
      28
      28
      26
      31
      18
      29
      32
      31
      21
      29
      35
      37
      26
      31
      34
      32
      36
      24
      26
      36
      39
      31
      46
      30
      36
      30
      32
      30
      22
      19
      31
      22
      30
      18
      28
      27
      31
      30
      28
      26
      34
      21
      26
      28
      33
      29
      26
      26
      20
      25
      32
      17
      26
      22
      28
      39
      31
      34
      29
      30
      35
      43
      49
      45
      42
      35
      32
      32
      19
      28
      22
      32
      28
      32
      27
      31
      20
      41
      35
      44
      36
      21
      31
      31
      29
      36
      32
      29
      33
      26
      29
      31
      37
      32
      29
      29
      26
      40
      17
      16
      23
      27
      26
      28
      21
      24
      33
      26
      22
      19
      33
      29
      25
      27
      31
      30
      27
      15
      28
      25
      23
      31
      26
      18
      33
      24
      27
      20
      37
      25
      22
      22
      28
      26
      17
      31
      23
      31
      20
      33
      24
      25
      14
      22
      23
      21
      29
      17
      26
      29
      24
      31
      25
      29
      30
      23
      28
      26
      27
      29
      25
      15
      19
      28
      26
      19
      18
      28
      28
      28
      22
      38
      14
      28
      34
      33
      28
      24
      35
      20
      22
      28
      28
      28
      30
      22
      22
      19
      21
      22
      35
      17
      22
      22
      23
      25
      23
      28
      26
      31
      28
      30
      23
      25
      15
      28
      32
      25
      26
      27
      25
      21
      16
      33
      27
      23
      19
      32
      21
      25
      28
      28
      22
      23
      27
      27
      27
      18
      23
      26
      31
      22
      35
      27
      36
      26
      29
      28
      29
      20
      24
      37
      41
      31
      33
      28
      13
      32
      28
      24
      26
      23
      26
      35
      32
      30
      49
      50
      65
      90
     141
     162
     222
     264
     283
     274
     251
     243
     221
     156
     128
      63
      37
      37
      27
      32
      20
      21
      27
      26
      23
      29
      26
      28
      17
      26
      35
      31
      32
      21
      26
      37
      19
      25
      26
      32
      22
      19
      27
      22
      23
      26
      26
      29
      33
      24
      23
      23
      33
      22
      42
      31
      31
      38
      30
      33
      33
      35
      28
      23
      22
      22
      29
      26
      20
      24
      20
      25
      30
      22
      27
      19
      23
      24
      24
      22
      13
      27
      22
      22
      19
      23
      25
      24
      22
      26
      26
      23
      27
      22
      33
      17
      24
      26
      16
      27
      30
      18
      25
      27
      24
      18
      22
      26
      18
      18
      25
      23
      28
      26
      16
      21
      22
      14
      29
      23
      31
      33
      28
      31
      28
      32
      24
      35
      34
      41
      47
      47
      53
      56
      54
      49
      32
      44
      38
      35
      28
      21
      30
      20
      24
      16
      30
      27
      18
      22
      24
      19
      31
      33
      18
      12
      17
      24
      29
      23
      21
      25
      21
      24
      23
      33
      29
      17
      20
      21
      21
      23
      18
      30
      20
      21
      29
      28
      25
      16
      27
      23
      29
      29
      28
      20
      27
      19
      20
      29
      17
      13
      20
      24
      24
      26
      23
      16
      26
      22
      22
      36
      26
      24
      24
      20
      22
      33
      13
      29
      30
      21
      16
      24
      21
      15
      21
      23
      30
      17
      14
      23
      24
      24
      23
      24
      23
      23
      32
      19
      32
      21
      35
      23
      32
      21
      25
      31
      15
      29
      29
      24
      20
      23
      19
      20
      18
      19
      24
      25
      29
      25
      20
      19
      17
      25
      22
      22
      30
      24
      26
      18
      26
      24
      23
      23
      26
      33
      21
      21
      29
      20
      33
      29
      19
      26
      24
      21
      18
      26
      23
      29
      25
      22
      27
      20
      21
      22
      26
      28
      20
      23
      24
      22
      17
      25
      24
      21
      27
      21
      14
      22
      30
      28
      20
      22
      26
      21
      27
      26
      18
      24
      17
      27
      30
      32
      19
      22
      27
      30
      23
      29
      21
      23
      26
      16
      18
      23
      20
      27
      16
      20
      27
      25
      13
      17
      25
      30
      21
      18
      18
      19
      24
      23
      15
      24
      21
      27
      22
      23
      25
      24
      26
      23
      29
      21
      14
      28
      28
      16
      17
      20
      28
      27
      18
      28
      23
      35
      27
      23
      20
      19
      25
      20
      19
      25
      15
      21
      26
      25
      26
      26
      17
      25
      20
      18
      18
      26
      14
      29
      26
      21
      21
      15
      35
      25
      23
      26
      24
      21
      22
      20
      21
      22
      24
      16
      20
      19
      27
      16
      19
      21
      31
      34
      30
      19
      20
      22
      23
      24
      26
      26
      35
      50
      37
      48
      71
      84
      86
     106
     105
     106
     109
      97
      77
      61
      57
      43
      43
      33
      22
      26
      32
      25
      25
      19
      24
      16
      20
      26
      22
      24
      19
      20
      17
      19
      16
      14
      18
      18
      24
      19
      17
      27
      24
      20
      21
      20
      17
      28
      24
      16
       8
      17
      25
      30
      21
      21
      18
      16
      16
      20
      19
      33
      22
      31
      24
      21
      25
      15
      20
      17
      27
      13
      18
      21
      20
      22
      26
      29
      23
      14
      24
      19
      26
      23
      23
      16
      13
      16
      22
      18
      20
      31
      18
      14
      22
      22
      15
      15
      22
      26
      20
      20
      28
      20
      20
      18
      12
      19
      12
      18
      20
      29
      16
      19
      17
      15
      14
      26
      26
      13
      21
      19
      15
      15
      21
      21
      22
      18
      12
      19
      14
      21
      13
      17
      22
      18
      20
      22
      25
      23
      29
      21
      19
      20
      23
      18
      24
      23
      15
      23
      24
      22
      17
      22
      28
      20
      24
      29
      32
      33
      31
      50
      30
      46
      31
      36
      48
      29
      24
      24
      24
      18
      18
      18
      20
      21
      21
      21
      16
      26
      17
      18
      26
      16
      31
      25
      14
      13
      12
      18
      17
      18
      26
      14
      14
      24
      22
      21
      17
      11
      25
      17
      20
      15
      23
      16
      14
      23
      17
      17
      19
      24
      22
      20
      13
      24
      14
      21
      23
      18
      19
      18
      17
      18
      19
      17
       7
      20
      10
      16
      19
      15
      16
      14
      25
      16
      11
      15
      23
      12
      19
      20
      14
      14
      28
      19
      13
      17
      21
      16
      17
      15
      22
      21
      19
      20
       9
      25
      18
      16
      16
      17
      22
       6
      16
      14
      13
      18
      17
      17
      15
      16
      22
      19
      22
      17
      21
      12
      27
      26
      21
      21
      18
      20
      16
      17
      22
      18
      17
      24
      20
      12
      17
      29
      17
      16
      23
      17
      16
      19
      21
      20
      20
      15
      20
      16
      21
      13
      23
      18
      21
      18
      13
      19
      20
      14
      15
      15
      11
      24
      21
      14
      17
      23
      20
      16
      25
      27
      22
      17
      11
      17
      19
      19
      19
      26
      18
      15
      17
      20
      17
      17
      15
      19
      19
      19
      19
      19
      15
      11
      18
      17
      21
      19
      15
      21
      20
      18
      18
      26
      25
      14
      19
      15
      32
      12
      26
      23
      17
      17
      13
      21
      20
      22
      23
      14
      17
      22
      12
      18
      28
      20
      23
      19
      15
      21
      27
      13
      12
      22
      18
      23
      26
      25
      21
      18
      14
      11
      23
      24
      13
      20
      23
      18
      22
      10
      29
      21
      19
       7
      11
      29
      11
      20
      15
      25
      12
      18
      12
      18
      12
      22
      24
      15
      16
      22
      19
      19
      24
      16
      17
       9
      22
      14
      18
      23
      13
       7
      12
      18
      16
      13
      23
      21
      18
      20
      22
      18
      20
      21
      19
      16
      19
      15
      17
      16
      23
      16
       6
      23
      23
      17
      19
      21
      18
      21
      18
      21
      17
      20
      25
      17
      21
      16
      23
      14
       8
      23
      20
      25
      14
      20
      15
      21
      17
      20
      17
      14
      11
      19
      18
      15
      16
      12
      14
      13
      20
      22
      19
      30
      20
      31
      43
      43
      38
      55
      77
      72
      71
      63
      59
      63
      62
      50
      26
      25
      25
      25
      20
      20
      18
      10
      18
      20
      20
      19
      21
      13
      21
      14
      19
      25
      31
      29
      23
      25
      43
      24
      27
      22
      31
      14
      22
      30
       9
      19
      13
      21
      20
      20
      19
      16
      16
      18
      15
      13
      12
      17
      24
      18
      18
      13
      19
      13
      17
      15
      20
      22
       9
      19
      19
      15
      12
      16
      14
      23
      15
      14
      16
      19
      17
      17
      15
      19
      18
      19
      20
      25
      23
      28
      31
      27
      26
      28
      32
      21
      28
      29
      25
      25
      29
      25
      16
      17
      21
      18
      20
      18
      27
      19
      27
      36
      25
      31
      61
      70
      51
      44
      32
      44
      42
      29
      27
      24
      26
      24
      13
      12
      17
      17
      18
      17
      18
      18
      10
      15
      14
      16
      21
      15
      17
      28
      14
      15
      15
      14
      15
      11
      16
      17
      19
      19
      15
      19
      20
      20
      13
      19
      10
      15
      22
      18
      21
      15
      12
      22
      16
       8
      19
      17
      11
      18
      15
      11
      12
      14
      21
      20
      14
      19
      20
      17
      15
      25
      15
      15
      17
      20
      13
      13
      21
      19
      22
      12
      10
      16
      14
      19
      19
      17
      15
      15
      23
       8
      18
      16
      14
      24
      29
      16
      16
      15
      18
      18
      14
      16
      18
      19
      16
      12
      14
      13
      15
      13
      13
      18
      15
      12
      22
      15
      25
      18
      20
      18
      13
      22
      14
      21
      18
      16
      18
      21
      17
      22
      17
      18
      11
      18
      18
      16
      10
      13
      13
      20
      18
      17
      17
      26
      17
      23
      14
      13
      17
      20
      14
      22
      18
      27
      10
      16
      13
      14
      21
      16
      17
      19
      23
      19
      17
      20
      14
      11
      10
       9
      13
      18
      15
       9
      21
      24
      21
      16
      13
      22
      14
      20
      18
      29
      33
      27
      41
      66
      64
      85
      87
      82
      84
      84
      68
      69
      59
      50
      53
      20
      24
      28
      16
      19
      16
      18
      12
      17
      18
      17
      17
      13
      10
      16
      18
      14
      10
      15
      15
      15
      15
      15
      17
      10
      18
      15
      12
      14
      16
      18
      14
      14
      18
      16
      22
      12
      26
      13
      15
       7
      13
      12
      11
      18
      16
      17
      18
      10
      15
      15
      21
      12
      12
      16
      14
      24
      16
      17
      14
      12
      18
      12
      18
      20
      18
      17
      23
      14
      22
      19
      25
      11
      18
      19
      13
      12
      11
      19
       5
      15
      21
      26
      19
      15
      12
      16
      15
      27
      15
      18
      12
      20
      13
      18
      20
      17
      15
      12
      19
      15
      14
      21
      13
      21
      11
      13
      15
      14
      14
      16
      17
      16
      17
      10
      18
      17
      24
      20
      21
      15
      22
       9
      11
      13
      21
      13
      13
      10
      10
      13
      10
      25
      19
      11
      17
      19
      18
      14
      23
      20
      15
      19
      18
      18
      10
      17
      14
      11
      22
      15
      19
      12
      14
      20
      20
      25
       9
      20
      21
      25
      29
      30
      49
      38
      46
      47
      49
      43
      42
      34
      25
      23
      31
      20
      19
      15
      21
      20
      22
      11
      17
      17
      21
      17
      13
       8
      15
      14
      13
      20
      10
      19
      11
       6
      21
      17
      18
       8
      22
      11
      13
      12
      19
      13
      15
      10
      18
       9
      16
      12
      13
      17
      18
      18
      23
      19
      20
      15
      18
      12
      14
      16
      14
      19
      16
      20
      13
      18
      13
       9
       8
      15
      20
      22
      13
      15
       9
      15
      17
      19
      13
      22
      24
      20
      14
      18
      11
      19
      15
      18
      13
      17
      18
      14
      20
      12
      22
      13
      12
      16
      12
      11
      16
      18
      19
      20
      15
      19
      21
      20
      19
      27
      27
      25
      18
      11
      19
      13
      26
      11
      20
      14
      18
      17
      20
      13
      24
      11
      17
      22
      26
      13
       8
      10
      15
      18
      18
      17
      13
      16
      21
      22
      13
      14
      11
       7
       8
      14
      15
      14
      13
      17
      16
      15
      17
      14
      15
      18
      21
      12
      14
      11
       6
      15
      11
      12
      23
      15
      16
       8
       8
      10
      13
      13
      13
       8
      18
      12
      12
       9
       9
       7
      11
      17
      20
      15
      10
       8
      16
      13
      18
      14
       9
      11
      11
      14
      21
       6
      15
      13
      14
       9
      11
      16
      12
      15
      10
      15
      15
      13
      13
      14
      11
       6
      12
      15
      11
      20
      16
       9
      14
      15
      15
      17
      10
      13
      16
      18
      11
       9
      14
      21
       8
       8
       8
      11
      28
      17
      10
      10
       7
      13
      15
       8
      12
       9
      16
      10
      22
       9
      15
      15
      18
      10
      14
      13
      13
       7
      19
      13
      12
      19
      14
      13
      17
      20
      20
      23
      18
      20
      17
      18
      20
      17
      25
      21
      16
      15
      15
      20
      14
      16
      11
      13
      17
      15
      14
      14
      14
      14
      15
      15
      16
      17
      13
       8
      16
      10
      16
      18
      19
      22
      15
      21
      16
      11
      19
      15
      22
      18
      15
      19
      17
      19
      11
      12
      19
      20
      13
      12
      13
      14
      16
      20
      15
      20
      10
      16
      17
      14
      17
      14
      17
      22
       6
      14
       9
      18
      16
      13
      11
      12
      11
      18
      13
      11
      15
       6
      13
      18
      16
      16
      17
      12
      13
       9
      17
      15
       9
       9
      12
       7
      11
       7
      10
      15
      13
       9
      13
      14
      13
       7
      20
       5
      14
       8
       8
      15
       5
      10
       8
      15
      12
       5
       7
       5
      10
      11
      18
       9
      17
      12
      11
      18
      11
      10
      10
      11
      13
       8
      11
      10
      18
      13
      10
      13
      11
      14
      12
      12
      12
       7
      10
      10
      18
       6
      17
      11
      11
      11
      14
       9
       9
      15
      21
      10
      11
      18
      10
      10
      13
      14
      16
       5
      11
       6
       9
      11
      13
      15
      14
      12
      15
      17
      12
       9
      10
      16
      11
      13
      12
      10
       9
      12
       5
      10
       9
      12
       9
      13
      15
       5
      13
      10
      13
      10
      14
      11
      14
      11
      13
      13
      17
       4
       9
      16
      11
       9
      15
      21
       6
      13
      14
       8
       4
       5
       9
       4
      11
      10
       8
       9
       9
      10
      12
       8
      12
      14
      11
      10
       6
      10
       8
      11
      11
      10
      14
       6
      12
      15
      10
      11
      11
       6
       2
       9
       4
      14
       9
      11
      10
       7
      12
      11
       7
      11
       7
       8
      11
      13
      10
       8
      14
       9
       9
      18
      13
       8
       8
      10
      15
      12
      11
      14
      18
      18
      13
      14
      19
      25
      26
      26
      13
      26
      19
      19
      14
      10
      14
      12
       9
      17
       9
       9
       5
       9
      11
      11
       6
      12
      12
      14
       9
      17
      12
       5
       9
       9
      10
      12
       5
       5
      11
       9
      14
      11
       6
      11
       9
       8
       8
       8
       9
       8
       8
       7
      15
       8
       9
      10
      10
      14
      11
      11
       4
      10
       5
      14
      10
       7
      11
       7
       6
       8
       9
      11
      11
       8
       7
       5
       8
      13
       8
      15
      17
      10
       7
      16
      15
      17
      11
       8
      12
       8
      10
       4
      13
      13
      11
      10
       3
      11
      12
      14
       8
      10
      14
      11
       6
       7
      10
      13
      14
      10
       8
       7
       9
       7
      10
       7
      14
      14
       9
      10
      12
      15
      15
       8
       9
       9
      18
      10
      13
      10
       6
      11
      10
       8
      12
       7
      15
       8
      11
       9
       6
      10
       9
       5
      10
       8
      10
      10
       5
       5
      13
      12
       5
       7
       8
       6
      10
      10
      14
       8
      13
       8
      13
       8
       6
      12
      11
      10
       6
       8
      10
       5
      13
      11
       7
      14
      12
       9
      14
      13
      10
       6
       9
       4
      14
       6
       7
      11
      12
      10
       9
       6
      17
       9
       7
      13
      16
       8
      11
       4
      10
      13
      12
       9
      10
      15
       6
      11
      10
       8
       6
       9
      11
       9
       7
      13
       8
       9
       7
      11
      10
       5
       4
      11
       9
       9
       9
       8
       7
       7
      11
      12
       7
      10
       7
       7
      13
      13
       8
       4
      14
      23
      12
      23
      17
      15
      23
      37
      34
      34
      47
      43
      40
      31
      16
      15
      27
      22
      15
      18
       7
      12
      11
      10
       8
       5
       5
      17
       9
       7
       7
       6
       7
      13
       8
      11
      10
       6
       9
       7
      10
       7
      10
       7
       9
      13
      12
      13
      11
       9
       7
      10
       7
       6
       7
       7
       9
       9
       7
      10
       6
      12
       9
       8
       6
       8
       8
      12
       9
       5
       7
       6
      14
       6
       3
       8
      11
       7
       7
       9
       7
      10
       6
       7
       7
      13
      11
       7
       9
       7
       6
      11
       6
       3
       8
      10
       9
       8
      10
       8
      13
       7
       5
      12
      10
       9
      10
      12
       9
      10
       9
      10
       7
      13
      15
      10
      11
      11
      16
       6
       6
      15
      14
      28
      32
      30
      44
      61
      56
      89
     116
     130
     146
     175
     171
     173
     162
     164
     138
     139
      93
      84
      52
      41
      40
      15
      15
      14
      17
       4
       8
      11
      11
       6
       8
       7
       7
      11
       7
      13
       7
       7
       7
      11
       3
       7
      15
       3
       7
       8
       7
      11
       7
       8
       3
      11
       6
       8
       8
      12
      11
      10
       2
       8
       7
      10
       5
       9
       6
      10
       6
      11
       9
      16
       9
       7
       8
       8
       9
       9
       7
      14
       6
      11
      12
       6
       6
      12
      10
      11
      11
       5
      12
       5
       7
       8
      10
       5
       8
      13
       9
       7
       6
      15
      12
       9
       5
       4
       8
       3
       8
       8
      10
      10
       6
      13
       8
       7
       8
       6
       7
      11
       7
       9
      10
      12
      10
       9
       6
       7
      12
      10
       9
      14
       6
       7
       6
      10
       7
      11
       7
      14
       7
      11
      11
       5
      11
       7
       8
       9
       7
       7
      12
       4
      10
       7
       8
       9
       7
      11
      11
       7
      10
       6
      10
      11
       7
       9
      14
       6
       9
       9
       7
       9
      10
       8
       7
       9
       9
      11
       2
       8
      11
      10
       5
       9
      12
      10
      11
       8
      11
       7
       6
      12
       8
       3
       3
       6
       9
      10
       9
      11
       5
       4
       4
       9
       7
      10
       9
       5
       5
       7
       9
      11
      11
       5
       5
       3
      10
       6
      12
       8
       4
      11
       6
       7
       7
       9
       8
       9
       3
       7
      11
       9
       8
       7
       9
       8
       9
       7
      10
       7
       7
       5
      11
       6
       9
       8
      10
      12
      10
       7
       8
       6
       9
       7
      11
      10
       9
       6
       8
       8
       9
       8
       2
       8
       7
      13
       7
       7
      10
       5
       6
       7
      10
      10
      12
       9
      14
       7
      13
       8
       5
       7
       7
      11
       8
       8
       9
       5
       7
      10
       2
       6
       5
       8
       9
       7
       9
       6
       8
      13
       5
      15
      14
      25
      22
      16
      26
      23
      21
      26
      31
      27
      22
      21
      21
      25
      19
      11
      12
       4
       8
       6
       7
       7
       9
      12
       6
       7
       6
       7
       4
      17
       7
      10
       6
       8
       8
       7
       8
       8
       9
       5
      10
      10
       9
      12
      12
      14
       4
      10
       6
       6
       2
       4
       4
      15
       7
       4
       5
       7
       4
      12
       5
      11
      10
       9
      10
       7
      11
       8
       6
       6
       5
       7
      11
       7
      12
      13
      10
      13
       8
       6
       7
       6
      10
       6
       9
       4
      10
       6
      12
       6
       7
      12
       8
       2
       9
       8
      12
       9
       7
       7
      10
       8
      11
       7
       6
       9
      10
      12
      10
       4
       8
       5
       3
       8
       8
       9
      10
       7
      10
       5
      10
      10
      11
       6
       9
       7
       7
       5
       8
       8
       4
      11
      11
       9
      12
      16
       9
      10
       6
       8
      10
      11
       7
       8
      11
       9
      10
      13
      11
       5
       7
       6
       7
      12
      15
       7
       9
      13
       3
       3
       8
       7
       3
       9
       6
      10
      11
       9
       9
       6
      11
       4
       7
       4
       9
       8
      13
      10
      12
       7
       9
       6
       8
      11
       9
      12
       9
       8
       7
      14
      10
      11
      11
       4
       7
       6
       4
       6
      10
       5
       8
       3
      11
      11
       8
      10
       6
       6
       6
       5
       6
       6
       5
       8
       9
      10
       9
       8
       7
      11
       6
      13
       6
      12
       2
       4
       7
      12
       6
       1
       1
       7
       9
       7
       6
       5
       6
       7
       8
       6
       6
       8
       4
       4
       5
       5
       4
       3
       9
       9
       3
       8
       3
       8
       8
      10
       5
       4
       6
       4
      13
       9
       4
       5
       4
      10
       7
       7
      10
       4
       6
      12
       8
       2
      10
      14
       5
      10
      10
      12
       6
      13
       6
      10
       7
       8
       7
       4
       7
      12
       5
       6
       7
       7
      10
       5
       7
       9
       7
      10
      11
       6
      10
       9
       8
       8
      13
       6
       8
      11
       6
       6
       7
       7
       7
       7
       8
       6
       7
       8
       9
      10
       4
       6
       6
       8
       9
      11
       8
       7
       8
      15
       5
       5
       7
       9
       6
      11
      11
       6
       5
       8
       5
       3
       5
       4
       8
       9
       4
       9
       6
       8
       9
       9
       9
       3
      11
       9
      11
       9
       5
       5
       5
       9
       5
       3
       7
       4
      11
       4
       8
       9
       9
       6
       5
      10
      12
       9
       4
       9
       6
       6
       8
      10
       7
      15
       4
       8
       5
      10
       6
       6
       7
       7
      11
      16
       6
       5
       7
       4
       6
       7
      11
       9
       8
      10
       2
       5
      10
       8
       7
       7
      16
      10
       6
       8
       7
       7
       8
       6
       8
       5
       7
       5
       2
      10
       5
       3
       7
       4
       6
      10
       7
       7
      10
       8
      13
      10
       6
       8
       5
      12
       8
      10
      12
       6
      11
       9
       8
      10
       2
       5
       8
       8
       2
       7
       6
       9
       8
       9
       9
      13
       9
       5
       9
       7
       6
       7
       6
      14
       7
       6
       9
       5
       6
       9
       7
       5
       8
       7
       6
       6
       8
       8
       8
      10
      11
       7
       6
       5
       6
       2
       4
       5
       9
       2
       9
       6
       4
       7
       7
      11
       5
       7
       6
      10
       5
       8
       7
       2
       8
       3
       7
       4
       9
      13
       8
       5
       5
       9
       5
       5
       6
       7
       8
       9
      10
       4
       5
      12
       4
       8
       7
       5
       4
       9
       7
       8
       2
       8
       7
       8
       9
       6
       9
       6
      11
      12
       8
       9
       6
       5
       6
       7
       3
       6
       7
       9
       8
      12
       9
      13
       6
       5
       5
       3
       3
       3
       3
       2
      10
       6
       4
       8
       3
       5
      11
       3
       8
       8
       3
       6
       8
       3
       9
       7
       5
       4
       6
       8
       7
      13
       5
       8
       7
      10
       5
       5
       5
       8
       2
       1
       2
       1
       7
       6
       3
       3
       5
      10
       6
      10
       5
       8
      12
       2
       4
       8
       8
       7
       3
       8
       4
       6
       6
       9
       4
       9
       3
       9
      10
       5
       6
       6
       5
      13
       6
       9
       5
       5
       8
       5
      11
       5
       3
      11
       9
       4
       3
       4
       5
       6
       4
       6
       4
       5
       5
       7
       5
       7
       3
       8
       6
       5
       7
       8
       3
       8
       9
       6
       6
       5
       6
       5
       2
      10
       9
       9
       8
       9
       2
       3
       6
       6
       5
      10
       8
       8
       9
       5
       9
       9
       7
       5
       5
       4
       6
       7
       5
       8
       5
       4
       6
       2
       6
       3
       7
       5
       8
       3
       8
       9
       5
       3
       7
      10
       4
       2
       3
       8
       3
       9
       2
       4
       6
       3
       6
       6
       2
       3
      11
      10
      11
       4
       5
       7
       5
       5
       5
      10
       1
       6
      11
       6
       6
      10
       5
       1
       9
      11
       5
       5
       4
       8
       4
       3
       2
       4
       6
       7
       2
       6
       4
       7
      10
       7
       9
       6
       7
       5
      10
       5
       3
       4
       7
       8
       8
       2
       4
       7
      10
      11
       7
       6
       2
       4
       7
       5
       5
       5
       8
       4
       3
       6
       4
       4
       4
       8
       5
       7
      10
       4
       5
       6
      13
       6
       5
       3
       7
       6
       4
       6
       4
       6
       0
       6
      10
       6
       5
       5
       6
       8
      10
       6
       7
       4
       9
       5
       5
       3
       6
       2
       5
       2
       0
       8
       7
       8
      11
       6
       4
       3
       6
       8
       5
       9
       6
       8
       4
       9
       7
       6
       5
       9
       4
       8
       3
       4
       9
       8
       3
       7
       7
       5
       4
       3
       7
       7
       4
       8
       9
       6
       7
       7
       5
      11
       5
       6
       9
       5
       6
       5
       7
       3
       9
       6
       3
       3
       5
       5
       7
       5
       4
      11
       5
       6
       8
       9
       4
       5
       3
       7
       6
       3
      10
       6
       5
      12
       9
       5
       6
       6
       9
       6
       7
      10
      10
       7
      14
      18
      10
      12
      10
      12
      12
      11
       9
      10
       7
      15
       8
       7
       5
       5
       2
      10
       6
       7
       4
       5
       3
       9
       5
       2
       4
       8
       5
       4
      10
       9
       4
       6
       0
       6
      11
       4
       5
       7
       5
       5
       7
      10
       7
       1
       7
      12
       6
       5
       6
       3
       8
       9
      12
       9
      10
      10
      13
      17
      11
      15
      18
      15
      14
      12
       9
      15
       6
       8
       9
       5
       6
       2
       7
       5
       6
       6
       8
       6
       6
       2
       6
       5
       7
       2
       8
       6
       4
       8
       7
       4
       4
       5
       5
       5
       4
       5
       6
       5
       3
      10
       4
       5
       6
       3
       8
       6
       5
       6
       7
       4
       7
       4
       0
       6
       8
       7
       5
       7
       4
       6
       9
       1
       5
       7
       5
       5
       8
       6
       2
       7
       2
       5
       4
       7
       6
       6
      14
       5
       7
       5
       8
       5
       5
       2
       5
       6
       8
       5
       5
       6
       5
       6
       5
       6
       2
       7
      10
       6
       6
       7
       2
       8
       5
       7
       4
       7
       9
       6
       8
       7
      10
       4
       5
       7
      10
       8
       3
       4
       1
       4
       3
      10
       6
       6
       6
       7
       8
       6
       1
       7
       5
       3
       7
      10
       8
       5
       7
       4
       3
       6
       6
       3
       7
       6
       9
       4
       6
       8
       4
       4
      11
       4
       7
       7
       4
       2
       4
       5
       0
       3
       6
       3
       4
       6
       3
       7
       7
       8
      12
       6
       8
       5
       4
       6
       6
       6
       6
       3
       8
       7
       6
       8
       9
       8
       4
       9
       4
       6
       6
      12
      10
       4
       4
       5
       5
       8
       4
       4
       8
       5
       8
       7
       3
       6
       9
       7
       5
       6
       7
       3
       3
       2
       8
       5
       7
       2
       3
       4
       7
       8
       3
       3
       6
       6
       4
       5
       5
       7
       6
       4
       6
       8
       5
       4
       6
       5
       8
       4
       8
       6
       8
       6
      10
       6
       2
       2
       7
       8
       5
       3
       5
       8
       4
       6
       7
      10
       3
       9
      10
       1
       4
       9
       8
       6
       6
       2
       8
       6
       9
       5
       8
       2
       7
      10
       9
       1
       6
       2
       4
       2
       6
       4
       9
       7
       6
       2
       6
       5
      10
       2
       6
      15
      14
      14
      13
      18
      20
      22
      22
      37
      35
      52
      36
      42
      32
      30
      56
      46
      29
      28
      32
      31
      19
      23
      14
      10
       9
       9
       7
       5
       5
       9
       6
       6
       3
       5
      11
       6
       9
       6
       1
       8
      10
       3
       4
       4
      10
       4
       8
       8
       4
       9
       5
       7
       6
       7
       5
       3
       2
      11
       4
       5
       6
       2
      10
       3
       1
       8
       4
       4
       2
       9
       7
       6
       7
       7
       3
       6
       4
       6
       4
       4
       6
       4
       3
       6
       7
       4
       2
       6
       3
      11
       6
       7
       4
       5
       4
       7
       8
       8
       4
       2
       6
       6
       6
       5
       5
       6
       3
       5
       7
       5
       5
       5
       3
       2
       8
       2
       5
       4
       8
       6
       8
      10
       5
       4
       8
       3
       4
       4
       5
       4
       6
       7
       5
       3
       7
       4
       5
       3
       6
       2
       4
       2
       6
       1
       4
       8
       4
       4
       7
       5
       9
       2
       3
       8
       6
       5
       5
       7
       4
       4
       3
       9
       4
       6
       3
       6
       4
       3
       7
       6
       3
       7
       7
       6
       3
       7
       6
       4
       3
       0
       0
       0
       0
       0
       0
       0
       0
       0
       0
       0
       0
       0
       0
       0
       0
       0
       0
       0
       0
       0
       0
       0
       0
       0
       0
       0
       0
       0
       0
       0
       0
       0
       0
       0
       0
       0
       0
       0
       0
       0
       0
       0
       0
       0
       0
       0
       0
       0
       0
       0
       0
       0
       0
       0
       0
       0
       0
       0
       0
       0
       0
       0
       0
       0
       0
       0
       0
       0
       0
       0
       0
       0
       0
       0
       0
       0
       0
       0
       0
       0
       0
       0
       0
       0
       0
       0
       0
       0
       0
       0
       0
       0
       0
       0
       0
       0
       0
       0
       0
       0
       0
       0
       0
       0
       0
       0
       0
       0
       0
       0
       0
       0
       0
       0
       0
       0
       0
       0
       0
       0
       0
       0
       0
       0
       0
       0
       0
$ROI:
0
$PRESETS:
None
0
0
$ENER_FIT:
-2.173939 0.279251
$MCA_CAL:
3
-2.173939E+000 2.792507E-001 0.000000E+000 keV
$SHAPE_CAL:
3
1.571259E+001 -1.155430E-003 0.000000E+000
