$SPEC_ID:
226Ra
$SPEC_REM:
DET# 1
DETDESC# MCB 132 Input 1
AP# Maestro Version 6.06
$DATE_MEA:
11/24/2021 16:36:42
$MEAS_TIM:
158639 158652
$DATA:
0 8191
       0
       0
       0
       0
       0
       0
       0
       0
       0
       0
       0
       0
       0
       0
       0
       0
       0
       0
       0
       0
       0
       0
       0
       0
       0
       0
    1414
   11577
    1097
     373
     322
     353
     334
     363
     367
     352
     399
     357
     359
     378
     423
     409
     442
     410
     347
     292
     315
     252
     251
     221
     269
     283
     264
     278
     242
     259
     235
     225
     242
     230
     212
     200
     188
     189
     209
     209
     178
     190
     171
     187
     181
     180
     179
     177
     193
     174
     168
     161
     143
     154
     139
     153
     138
     169
     154
     155
     148
     162
     146
     140
     149
     145
     146
     142
     151
     136
     144
     146
     132
     129
     139
     121
     126
     129
     114
     134
     122
     128
     140
     132
     119
     137
     125
     128
     131
     114
     125
     128
     113
     131
     105
     103
     105
     102
     107
     119
     119
     121
     112
     114
     111
      92
     117
     125
     120
      93
     100
     103
      91
      85
     103
     104
     113
     128
     106
     105
     111
     100
      83
      95
     115
      97
     107
      99
      88
     124
     100
     101
      89
     108
     107
      98
      86
      90
      95
     101
      94
      98
     102
     104
     121
     164
     203
     219
     165
     110
     120
      97
     111
     103
      96
      94
      87
      88
      87
     104
      96
      94
      96
      85
      94
      83
     105
     103
      84
     116
     112
     140
     132
     115
     112
     102
     113
     104
      83
     102
     106
      97
      88
      94
     105
     104
      99
     101
     106
     102
     102
     111
     120
     131
     117
      99
      96
      93
     108
      89
      99
     108
     103
     136
     147
     215
     314
     271
     201
     141
     104
     111
      79
      99
      89
      90
     102
     112
     121
     133
     105
     113
      94
     112
     108
     101
     111
     116
     116
     126
     124
     125
     118
     125
     123
     103
     122
     156
     132
     117
     144
     149
     121
     125
     135
     120
     168
     175
     224
     230
     144
     117
     116
     117
     151
     163
     172
     145
     121
     120
     118
     120
     121
     102
     118
      96
     114
     118
     115
     101
     129
     117
     111
     112
     105
     103
     122
     123
     143
     158
     151
     196
     197
     175
     166
     135
     134
      99
     136
     135
     128
     147
     157
     145
     161
     125
     111
     117
     104
     137
     128
     134
     128
     136
     124
     121
     122
     140
     189
     339
     466
     575
     513
     394
     253
     181
     154
     109
     141
     121
     140
     132
     147
     119
     111
      96
     132
     116
     123
     115
     136
     129
     152
     131
     107
     116
     139
      91
     124
     125
     126
     113
     121
     113
     102
     124
     108
     130
     113
     129
     120
     125
     102
     113
     116
     112
     124
     144
     117
     137
     119
     107
     114
     115
     103
     121
     116
     110
     126
     111
     135
     141
     126
     127
     118
     108
     118
     120
     131
     132
     117
     155
     145
     149
     164
     153
     122
     123
     127
     145
     115
     132
     142
     135
     114
     114
     117
      99
     118
     115
     119
     103
     111
     116
     101
     116
     138
     121
     109
      98
     133
     139
     101
     140
     115
     131
     129
     110
     131
     120
     122
     120
     142
     122
     142
     122
     124
     120
     115
     115
     116
     109
     112
     144
     121
     114
     116
     115
     111
     137
     130
     117
     161
     122
     119
     125
     115
     131
     122
     131
     137
     122
     130
     114
     107
     124
     128
     130
     138
     111
     102
     116
     149
     135
     130
     116
     111
     124
     108
     115
     116
     108
     134
     104
     130
     123
     114
     121
     156
     108
     128
     127
     123
     107
     131
     120
     105
     136
     123
     129
     137
     132
     141
     187
     189
     186
     177
     153
     118
     141
     134
     105
     142
     120
     133
     116
     115
     108
     126
     120
     121
     119
     117
     132
     114
     127
     127
     145
     116
     126
     130
     124
     104
     124
     133
     116
     127
     137
     113
     120
     127
     121
     121
     109
     109
     131
     122
     107
     112
     130
     113
     126
     120
     118
     121
     122
     117
     126
     107
     110
     122
     125
     117
      99
     112
     114
     103
      95
     125
     105
     124
     121
     127
     143
     144
     149
     128
     153
     123
     126
      99
     132
     117
     117
     123
     131
     121
      96
     114
      99
      99
     104
     121
     115
     106
     108
      99
     103
     122
     118
      81
     100
     123
     104
     107
     119
     128
     118
     101
     124
     116
     117
     121
      92
     117
     121
     120
     100
     118
     112
     115
      96
     115
     122
     130
     121
     108
     110
     136
     119
     122
     125
     113
      96
     106
      95
     109
      97
     115
     107
     128
     124
     115
     116
     132
     119
     116
     104
     115
     116
     133
     196
     291
     435
     450
     433
     282
     170
     139
     106
     127
     108
     110
     114
      97
     107
      96
     108
      97
     109
     101
      99
     118
     123
      96
     106
     109
     108
     101
     108
     115
     117
     113
     119
     100
     112
     113
     101
     103
     120
     115
     105
     124
      99
     116
     103
     110
     120
     121
     108
     105
     105
     114
     116
     119
     109
      95
     101
     106
     113
      89
     114
      98
     120
     113
     101
      92
     103
      99
     105
     100
     122
     119
     131
     155
     137
     111
     115
     108
     103
     112
      84
      84
     119
     107
     131
     101
     105
     116
     118
     120
      93
     104
     107
      98
     122
      96
     101
     103
      86
      82
      96
     107
      93
     113
      80
     108
      89
     114
     120
     105
     111
      98
     101
      97
      93
      94
      90
     108
     111
      89
      94
      91
     108
      78
      95
      98
     101
     106
     102
      80
     115
      96
     107
     100
     107
      99
      89
      94
      93
      94
      81
     103
      85
      86
      97
      93
     111
     106
      86
      84
      92
     107
      85
      86
      80
      95
      90
      83
      94
      99
      83
      85
     103
      90
      84
      97
     113
      93
      98
      89
      89
      97
      91
     101
      94
      89
      84
      84
      83
      99
      92
      80
      80
      89
      91
      91
      96
      89
      92
     115
     160
     215
     243
     234
     182
     122
     128
      73
      86
     107
      96
     101
     113
      79
      89
      96
      93
      82
     103
      98
      92
      77
      98
      76
      84
      91
      77
      97
      90
      88
      68
      81
      85
      84
      84
      84
      97
      87
      82
      87
      85
      83
      87
      82
      76
      96
      74
      93
      74
      81
      81
      85
      86
      84
      89
      74
      65
      73
      79
      80
      87
      77
      74
      82
      85
      76
      84
      74
      97
      89
      78
      93
      98
      97
      85
      89
      87
      58
      80
      90
      75
      83
      79
      93
      75
      78
      83
      74
      77
      71
      98
      87
      67
      74
      76
      81
      62
      91
     107
      73
      70
      76
      75
      78
      72
      83
      80
      80
      81
      69
      75
      72
     106
      89
      79
      83
      66
      91
      90
      71
      73
      82
      66
      63
      80
      61
      70
      76
      82
      72
      70
      90
      84
      77
      71
      65
      63
      72
      69
      78
      89
      84
      85
      80
      69
      69
      78
      93
      70
      70
      73
      87
      64
      73
      70
      80
      68
      85
      69
      77
      67
      57
      89
      62
      73
      74
      66
      80
      67
      78
      69
      69
      68
      83
      63
      79
      60
      65
      85
      73
      76
      77
      63
      68
      78
      78
      73
      70
      77
      74
      71
      60
      72
      60
      63
      76
      68
      67
      73
      56
      79
      66
      68
      77
      84
      94
      71
      74
      79
      61
      82
      60
      76
      62
      74
      76
      66
      64
      61
      77
      86
      86
      78
      61
      57
      68
      78
      69
      70
      61
      56
      60
      76
      78
      56
      60
      65
      57
      65
      66
      53
      63
      68
      51
      59
      58
      66
      70
      75
      71
      65
      81
      60
      68
      67
      64
      65
      78
      66
      81
      69
      64
      65
      59
      55
      59
      62
      76
      78
      70
      72
      65
      66
      70
      78
      76
      71
      67
      60
      68
      62
      81
      57
      68
      71
      67
      62
      62
      64
      58
      59
      65
      60
      67
      77
      53
      67
      66
      54
      67
      61
      87
      61
      51
      56
      68
      67
      66
      62
      57
      68
      67
      67
      66
      55
      61
      63
      57
      62
      70
      68
      59
      71
      66
      78
      69
      80
      65
      58
      80
      63
      63
      73
      65
      67
      52
      62
      72
      61
      52
      71
      65
      75
      60
      61
      58
      62
      68
      55
      60
      61
      59
      55
      72
      55
      69
      61
      71
      75
      81
      71
      62
      64
      56
      58
      53
      47
      57
      47
      68
      64
      68
      57
      60
      61
      48
      55
      55
      64
      61
      63
      51
      55
      54
      51
      54
      66
      54
      49
      60
      52
      49
      53
      48
      60
      61
      53
      61
      50
      42
      49
      51
      61
      64
      75
      77
      84
      90
      72
      58
      59
      57
      54
      57
      41
      56
      57
      47
      68
      37
      57
      67
      55
      41
      72
      56
      74
      48
      49
      61
      61
      60
      67
      53
      60
      61
      72
      54
      54
      54
      65
      69
      56
      46
      47
      60
      58
      58
      50
      57
      58
      52
      53
      67
      56
      54
      53
      39
      52
      62
      41
      55
      51
      49
      42
      59
      57
      63
      63
      51
      48
      51
      65
      56
      45
      49
      48
      55
      48
      65
      46
      46
      61
      58
      58
      57
      54
      51
      58
      59
      71
      38
      40
      58
      33
      46
      49
      43
      46
      62
      53
      48
      50
      64
      62
      58
      51
      64
      64
      55
      62
      45
      49
      52
      57
      47
      47
      44
      32
      50
      65
      50
      55
      46
      59
      54
      53
      48
      44
      62
      61
      51
      60
      58
      51
      47
      51
      46
      45
      45
      55
      57
      63
      58
      54
      47
      52
      47
      58
      56
      52
      63
      51
      54
      48
      36
      42
      40
      48
      46
      52
      41
      60
      48
      42
      31
      33
      39
      42
      51
      54
      36
      52
      38
      51
      54
      53
      52
      40
      43
      29
      47
      48
      44
      53
      46
      58
      55
      49
      53
      59
      41
      49
      46
      54
      50
      45
      50
      51
      47
      50
      37
      50
      57
      41
      43
      54
      38
      44
      43
      55
      43
      47
      43
      56
      36
      45
      44
      41
      45
      46
      47
      50
      45
      56
      53
      44
      49
      43
      45
      55
      47
      44
      50
      55
      55
      40
      61
      40
      40
      49
      50
      43
      38
      49
      60
      35
      46
      49
      35
      49
      35
      52
      44
      46
      55
      51
      44
      42
      41
      48
      54
      45
      42
      43
      44
      41
      32
      41
      43
      44
      44
      36
      48
      42
      49
      49
      48
      48
      44
      50
      49
      31
      48
      36
      42
      62
      33
      47
      54
      48
      35
      50
      43
      55
      63
     109
     174
     238
     281
     314
     264
     193
     110
      83
      47
      48
      51
      43
      41
      46
      41
      41
      52
      40
      39
      60
      48
      52
      41
      36
      49
      45
      44
      40
      50
      38
      45
      46
      40
      41
      40
      40
      39
      38
      44
      50
      38
      40
      37
      39
      31
      37
      36
      37
      48
      44
      36
      48
      47
      40
      37
      35
      38
      45
      52
      30
      35
      41
      49
      50
      39
      38
      31
      53
      35
      37
      40
      41
      41
      41
      29
      52
      42
      38
      52
      41
      60
      39
      40
      39
      39
      48
      43
      43
      26
      36
      41
      40
      41
      32
      49
      51
      41
      38
      45
      28
      37
      43
      41
      46
      52
      44
      48
      49
      37
      49
      43
      47
      43
      40
      51
      34
      39
      46
      44
      39
      46
      39
      39
      42
      37
      39
      43
      44
      34
      34
      46
      43
      38
      40
      40
      50
      34
      33
      48
      27
      32
      42
      38
      34
      40
      38
      29
      48
      41
      32
      37
      36
      36
      40
      38
      46
      35
      40
      42
      47
      46
      36
      41
      57
      33
      31
      43
      36
      39
      37
      50
      41
      31
      41
      45
      49
      38
      40
      39
      31
      38
      43
      36
      37
      34
      38
      32
      31
      32
      35
      37
      41
      38
      37
      41
      41
      46
      40
      34
      34
      38
      38
      37
      37
      37
      33
      41
      39
      39
      41
      48
      42
      25
      43
      43
      30
      40
      49
      34
      44
      39
      37
      38
      34
      50
      50
      38
      35
      42
      39
      33
      39
      37
      41
      29
      40
      38
      49
      42
      35
      39
      27
      29
      40
      33
      36
      43
      39
      41
      39
      35
      31
      40
      38
      36
      38
      41
      37
      31
      35
      37
      33
      25
      42
      46
      41
      45
      52
      48
      72
      73
      94
     120
     179
     178
     240
     284
     275
     266
     243
     235
     229
     189
     129
     108
      94
      80
      56
      47
      45
      49
      40
      35
      38
      32
      39
      39
      37
      38
      24
      29
      28
      31
      30
      23
      29
      39
      36
      35
      25
      36
      29
      37
      41
      39
      38
      30
      37
      31
      31
      38
      30
      23
      23
      37
      22
      35
      36
      20
      43
      30
      36
      33
      25
      30
      28
      27
      35
      38
      31
      27
      26
      31
      27
      25
      33
      22
      31
      38
      34
      35
      28
      38
      33
      32
      32
      31
      37
      32
      32
      32
      39
      33
      32
      38
      29
      40
      37
      25
      28
      22
      31
      34
      23
      30
      35
      33
      29
      31
      21
      26
      30
      33
      35
      46
      27
      26
      34
      35
      28
      29
      37
      37
      33
      31
      23
      29
      17
      39
      27
      24
      24
      29
      25
      29
      25
      28
      27
      23
      24
      32
      31
      18
      30
      26
      25
      30
      27
      27
      27
      37
      23
      28
      29
      32
      29
      28
      25
      28
      33
      22
      33
      32
      24
      29
      36
      25
      31
      25
      26
      33
      31
      29
      32
      31
      34
      27
      32
      19
      24
      28
      31
      20
      13
      33
      25
      33
      40
      31
      22
      30
      22
      29
      27
      27
      40
      28
      34
      40
      17
      20
      31
      27
      37
      28
      30
      30
      30
      17
      28
      30
      25
      21
      33
      43
      40
      50
      46
      50
      47
      40
      41
      28
      26
      30
      38
      22
      41
      27
      24
      28
      24
      19
      41
      25
      29
      30
      24
      34
      20
      26
      31
      33
      31
      28
      29
      32
      33
      29
      26
      27
      19
      21
      33
      26
      20
      28
      33
      26
      28
      27
      32
      45
      53
      71
      51
      53
      53
      51
      35
      41
      32
      27
      26
      32
      27
      22
      25
      34
      24
      20
      21
      28
      18
      30
      26
      30
      27
      20
      24
      30
      27
      23
      22
      27
      19
      27
      29
      25
      26
      34
      30
      18
      33
      23
      22
      25
      27
      34
      35
      36
      27
      28
      19
      27
      29
      29
      37
      29
      21
      33
      35
      28
      35
      30
      31
      26
      41
      26
      36
      32
      26
      29
      21
      37
      32
      27
      21
      45
      34
      32
      23
      19
      28
      22
      23
      28
      24
      26
      30
      27
      28
      40
      38
      36
      32
      28
      55
      53
      47
      47
      34
      26
      25
      43
      25
      28
      26
      29
      26
      33
      39
      65
      83
     120
     165
     197
     202
     183
     146
      95
      64
      45
      38
      31
      21
      36
      32
      24
      29
      24
      25
      23
      30
      23
      34
      19
      24
      19
      24
      21
      22
      27
      23
      23
      22
      16
      27
      27
      25
      25
      24
      21
      18
      23
      22
      36
      25
      25
      24
      23
      29
      24
      28
      34
      14
      31
      21
      25
      27
      18
      25
      27
      20
      30
      32
      37
      21
      25
      23
      19
      27
      22
      29
      22
      21
      25
      35
      32
      21
      26
      28
      19
      22
      20
      28
      31
      24
      27
      37
      26
      26
      26
      21
      28
      29
      28
      29
      25
      24
      24
      21
      31
      24
      25
      25
      25
      35
      21
      21
      17
      22
      29
      18
      18
      24
      25
      34
      25
      30
      21
      21
      19
      21
      23
      21
      36
      26
      19
      23
      22
      23
      20
      23
      19
      25
      23
      32
      16
      27
      24
      24
      18
      26
      17
      28
      31
      24
      21
      16
      23
      27
      22
      17
      31
      22
      16
      21
      24
      21
      32
      23
      20
      21
      21
      29
      24
      31
      19
      38
      40
      74
      92
     170
     221
     260
     235
     255
     197
     172
      86
      60
      34
      23
      31
      25
      21
      24
      17
      26
      23
      32
      14
      15
      27
      27
      25
      13
      22
      15
      27
      25
      18
      26
      25
      17
      27
      18
      24
      18
      23
      26
      15
      19
      20
      25
      26
      22
      21
      24
      23
      24
      22
      24
      19
      29
      20
      17
      18
      23
      23
      26
      19
      24
      16
      27
      16
      22
      22
      16
      29
      22
      14
      22
      22
      22
      20
      16
      21
      23
      18
      22
      20
      14
      20
      18
      14
      18
      20
      23
      25
      22
      27
      20
      22
      24
      20
      20
      25
       9
      25
      17
      23
      21
      22
      25
      17
      30
      21
      24
      30
      26
      23
      19
      27
      22
      18
      23
      23
      26
      20
      21
      26
      27
      26
      29
      23
      24
      25
      33
      33
      17
      16
      18
      16
      30
      26
      27
      33
      28
      14
      20
      22
      30
      18
      26
      28
      25
      24
      14
      24
      26
      21
      29
      23
      22
      24
      20
      25
      15
      16
      23
      23
      25
      28
      18
      26
      18
      27
      26
      27
      24
      16
      17
      21
      17
      23
      24
      20
      28
      34
      18
      25
      16
      17
      20
      24
      22
      15
      22
      19
      26
      11
      23
      21
      22
      30
      18
      22
      18
      21
      20
      21
      23
      25
      14
      19
      18
      26
      14
      23
      21
      24
      14
      18
      19
      19
      21
      33
      36
      69
      92
     139
     149
     162
     169
     134
     107
      79
      59
      37
      27
      16
      19
      18
      21
      25
      26
      31
      22
      25
      35
      21
      16
      19
      22
      16
      26
      20
      15
      19
      20
      21
      22
      21
      16
      22
      24
      14
      15
      23
      14
      17
      12
      16
      28
      15
      21
      23
      15
      23
      27
      20
      15
      22
      19
      18
      13
      15
      19
      17
      24
      13
      19
      13
      17
      21
      17
      13
      31
      16
      19
      16
      23
      24
      18
      17
      24
      23
      25
      16
      14
      21
      19
      15
      21
      29
      21
      26
      25
      19
      18
      20
      21
      18
      16
      18
      17
      24
      19
      19
      11
      16
      23
      18
      23
      18
      16
      17
      19
      19
      16
      14
      23
      18
      20
      19
      17
      25
      25
      18
      15
      19
      17
      16
      23
      23
       9
      16
      11
      19
      13
      21
      19
      16
      20
      19
      13
      16
      19
      15
      17
      14
      22
      13
      20
      19
      17
      14
      19
      26
      17
      18
      18
      21
      31
      23
      26
      24
      41
      38
      19
      28
      28
      20
      20
      26
      17
      24
      23
      13
      13
      25
      19
      22
      16
      18
      16
      19
      19
      25
      14
      18
      14
      24
      23
      24
      16
      21
      17
      20
      18
      15
      18
      18
      24
      15
      20
      16
      11
      25
      22
      13
      18
      27
      23
      14
      20
      18
      15
      20
      23
      20
      18
      17
      13
      27
      15
      12
      13
      17
      20
      15
      11
      19
      22
      19
      18
      23
      26
      21
      28
      10
      12
      18
      31
      18
      22
      13
      15
      15
      19
      20
      19
      21
      10
      26
      26
      17
      17
      13
      24
       9
      16
      17
      17
      22
      21
      24
      24
      16
      20
      24
      16
      22
      21
      14
      11
      19
      16
      20
      12
      12
      14
      16
      18
      20
      15
      18
      22
      14
      16
      19
      15
      20
      12
      24
      19
      21
      19
      31
      15
      24
      12
      19
      29
       8
      24
      23
      10
      10
      22
      20
      16
      16
      27
      23
      24
      16
      20
      21
      13
      23
      15
      18
      12
      12
      17
      17
      16
      13
      16
      16
      19
      17
      13
      15
      14
      22
      21
      13
      25
      20
      19
      15
      13
      21
      22
      15
      17
      16
      16
      23
      17
      15
      17
       8
      20
      17
      18
      20
      16
      20
      16
      18
      19
      13
      17
      15
      15
      18
      18
      15
      16
      18
      11
      18
      14
      15
      16
       8
      11
      20
      16
      18
      19
      12
      22
      17
      14
      16
      18
      19
      18
      16
      20
      10
      15
      27
      18
      32
      17
      15
      24
      15
      17
      11
      18
      15
      20
      19
      14
      20
      15
      15
      13
      22
       8
      23
      18
      15
      16
      12
      13
      14
      16
      22
      19
      16
      17
      16
      17
      12
      20
      15
      18
      18
      22
      12
      19
      26
      16
      22
      20
      14
      22
      14
      11
      15
      17
      19
      19
      18
      14
      18
      12
      21
      18
      15
      21
      18
      21
      15
      21
      15
      20
      26
      21
      10
      12
      14
      17
      20
      11
      16
      20
       9
      12
      12
      14
      13
      11
      16
      12
       9
       9
      14
      26
      15
       7
      15
      11
       5
      22
      22
      13
      19
       9
      17
      14
      12
      18
      14
      19
      20
      12
      21
      24
      25
      19
      23
      14
       9
      16
      15
      13
      17
      19
      20
      22
      21
      13
      20
      15
      12
      12
      18
      18
      14
      14
      14
      13
      11
      16
      11
      15
      16
      16
      17
      17
      13
      12
      22
      21
      12
      11
      22
      18
       9
      16
      12
      20
      18
      13
      17
      12
      14
       8
      17
      16
      14
       8
      15
      18
      14
      13
      12
      17
      13
      16
      20
      19
      17
      12
      12
      14
       9
      21
      14
      19
      19
      17
       9
      20
      12
      15
      15
      25
      12
      12
      13
      14
      17
      14
      10
      13
      18
      12
       9
      12
       7
       5
      14
      18
      20
      12
      13
      17
      14
      10
      12
       9
      17
      14
      13
      13
      15
      20
      12
      14
      19
      16
      16
      12
      16
       9
       9
      13
       7
      10
      14
      12
      19
      25
      18
      16
      15
      15
      14
       7
      12
      18
      13
      24
      15
      11
      21
      28
      11
      15
      11
      12
      18
      18
      17
      15
      11
      12
      11
      10
      13
      22
      17
      11
       9
      11
      12
      17
      16
       9
      15
      19
      17
      13
      15
      13
      11
       7
      16
      14
       8
      16
      21
      29
      33
      41
      32
      42
      41
      26
      33
      19
      24
      18
      18
      13
      18
       9
       7
      16
       8
      11
      15
      17
      16
      17
      20
      15
      16
      13
      19
      17
      16
      15
      15
      12
      12
      14
      16
      14
      15
      12
      14
      17
      16
      17
      11
      12
      15
      13
      14
      11
       7
      11
      19
      11
      18
      10
      16
      17
      11
      16
       8
      14
      12
      13
      15
      12
      18
       9
      18
      12
      17
      17
      16
      16
      13
      19
      19
      11
      11
      13
       5
      19
      16
      19
       8
      15
      11
      21
      13
      13
      15
      17
      17
      12
      17
      12
      14
      10
      11
      16
      11
      14
      14
      10
      12
      11
      10
      14
      18
      14
      11
      14
      10
      16
      14
      13
      16
      12
      15
      14
      17
      10
      14
       7
       9
      19
      12
      22
       8
      20
      10
      13
      18
      16
      17
      11
      19
      16
      15
      12
      18
       8
      13
      20
      14
      17
      13
       7
      16
       9
      13
      10
      12
       9
       9
      10
      18
      12
      10
      15
       7
       9
      14
      14
      16
      17
       9
      14
      14
      23
      16
       9
      14
      10
      14
      16
       8
      13
      11
      13
      13
      12
      13
       9
      18
      11
      19
       9
      20
      27
      20
      22
      22
      13
      15
      16
      19
      17
      15
      22
      10
      14
      17
       6
      20
       7
      26
      22
      17
      22
      25
      21
      27
      19
      24
      21
      18
      10
      19
      19
      13
      14
      21
      22
      13
      12
      11
       8
      11
      12
      12
      10
      10
      14
       8
      13
       9
      13
      19
      13
      16
      13
      16
      14
      15
      10
       6
      14
       9
      17
       9
      15
       8
      14
      12
      13
      16
      17
      11
      14
      13
      19
      10
      13
      14
      15
      12
      11
      16
      12
      18
       2
       7
      10
      12
       9
      12
      12
      11
       9
      10
       8
      16
      12
      17
      13
      15
       6
      10
      16
       7
       8
      15
      11
      11
      17
      12
      10
      10
      10
       8
      15
      20
      15
      14
       7
      17
       4
       8
      13
      17
      15
      20
      16
      15
      11
      16
      18
      13
      14
      14
      15
      14
      28
      26
      35
      40
      27
      19
      25
      32
      19
      15
      10
      16
       9
       8
      13
      11
       7
      15
      18
      21
       7
      14
      17
      19
      11
       6
       8
      11
       8
      12
       8
      15
      15
      16
      11
       7
      16
      10
      15
       9
      13
      11
      12
      13
      12
       8
      10
      11
      16
      18
      13
      10
      20
      16
      15
      11
      14
      10
      15
       9
      19
      15
      11
      13
      11
      13
      14
      10
      13
      16
       7
      14
       7
      19
      14
       8
       8
      10
       8
      15
      15
      10
      12
      14
       8
      10
      12
       8
       9
       7
      17
      10
      14
       8
       8
      12
      10
       8
      10
      18
      10
      12
      20
      14
      19
      12
      12
      20
      11
      11
      11
       6
       4
       9
      16
      12
      18
      11
      13
      14
      12
      11
      13
      10
      11
      13
      14
      11
      10
      15
      11
       5
      13
      12
      12
      14
       8
      10
      12
      13
      18
      15
      12
       9
      18
       8
      19
      12
      17
       9
       6
       7
      12
       9
       9
      17
      11
      13
      16
      12
       9
      10
       8
       6
      12
      12
      15
      10
      12
      16
      10
      12
      13
       8
       5
      10
      10
      12
       9
      13
      10
       9
      11
      14
       7
      14
       9
      19
       9
      10
      20
       7
      15
      12
      11
      14
       8
       8
      15
      12
      19
      19
      17
      13
      10
       7
      11
       8
      25
      14
      16
       8
       9
       6
      12
      12
      13
      15
       7
      20
      12
      13
       9
      16
      20
      22
      16
      21
      32
      21
      14
       9
      12
      20
       9
       6
      12
       8
      12
      10
      13
      15
      12
      14
       5
      14
      11
      12
      12
      14
       9
      14
      12
      11
      11
      11
      10
      10
       5
      12
      13
       9
      18
       9
       5
      11
      10
       9
      12
      17
      11
      13
      10
       8
       4
      11
       8
      10
      13
      13
      16
      16
      13
      16
       8
       5
       6
      10
       9
      14
       5
      11
       7
       8
      14
      15
      16
       7
       8
       7
      18
      14
       8
      13
       9
      14
      14
      14
      14
      11
      10
      13
      14
       6
      12
       7
      17
      12
      13
       1
       9
       7
      14
      17
      13
       9
      12
       9
      14
      13
       8
       9
       8
       8
      13
      13
       8
      11
      15
      14
      17
       9
      10
      18
      13
      13
      14
      14
      14
      13
      13
      15
       9
      15
      12
       8
       7
      12
      16
      14
       7
      11
       8
       5
      14
       9
       7
      12
       8
      10
      12
      11
      10
      11
      12
      10
      17
      13
      16
       8
      13
       6
       7
       8
       8
       8
       5
       8
      10
      19
      12
      14
       4
      13
      10
      11
      11
      11
      10
      12
      11
      12
       6
       8
      12
       6
       7
      16
      12
       8
       7
      12
      10
      13
      23
      12
      16
       8
      16
      12
       8
       8
       9
      11
      18
      20
      16
      25
      19
      15
      18
      19
      12
      13
      11
      20
       9
       9
       8
      11
       5
       9
       5
       9
      12
       9
      10
      13
       9
       9
       8
      14
       9
      14
      10
       6
       6
      10
       5
      16
      15
       7
      12
      17
       7
      11
      10
      10
       9
       9
       9
      12
       9
       8
      11
      10
       8
       8
       5
       6
      12
       7
       9
      10
      11
      15
       7
      11
      12
       4
       9
       8
       5
       8
      14
       9
      11
       7
       8
       8
      11
      13
      11
       9
      12
       6
       5
      15
      15
      15
      10
       6
      10
      11
      10
      11
      11
       9
       7
      11
       6
       9
       6
       6
       8
      10
       8
      12
       5
      10
       7
       8
      11
      13
      10
       8
      13
       8
      14
      13
      11
      12
       6
      11
      10
       6
      12
      16
       9
      11
       9
       8
       8
       8
      12
       6
      13
      14
      15
       9
       9
      13
      14
      10
       9
      11
       7
      12
       8
      12
      10
       6
       6
      11
       6
      10
      10
       6
      14
      12
      11
       8
      10
       9
      15
       6
      10
      15
       7
       8
       8
       9
       9
      12
       9
       9
       9
      12
      10
       8
       9
       6
      15
      12
       7
       8
      11
      12
      12
      10
      16
      19
       7
      12
       8
      11
       7
      16
      10
      10
      11
       8
       7
       8
      12
      12
      14
       8
      10
      11
      15
       6
      14
       7
      14
       9
       7
       7
       9
      10
      10
       4
      16
      11
       9
       8
       9
       7
      12
       8
       9
      11
       9
       5
       9
      10
       9
      12
      11
       7
       5
       9
      10
       7
      10
       8
       8
      13
      13
      11
       9
      11
       8
       9
      10
       9
      12
       6
      11
      14
      20
       7
       5
       9
       6
      10
      11
      13
      11
      11
       8
       5
       9
      11
      12
      12
       5
      10
      11
       6
       7
       3
       9
       9
       7
       7
      13
      11
      18
       5
       8
       4
      17
      10
       3
      11
       8
      10
      11
       9
       8
      15
      11
       7
       9
       6
      14
      14
       7
      11
      12
      10
       8
      12
      10
      18
      15
      12
       7
      11
      13
       4
      14
      11
      14
       9
      11
      10
      14
       7
       3
       5
       8
      14
      11
      12
      10
       7
       7
      13
      10
      12
       9
      11
      13
       7
       7
      12
       5
      15
      13
      13
       9
       4
      12
      14
      13
      14
      10
       9
       8
       8
      14
      16
       9
       4
       4
      10
       9
       7
      15
      11
      10
       7
       8
      13
      13
       9
      20
      13
       7
       8
       8
       6
       7
       6
      14
       9
       9
      13
      13
       9
      12
      11
      11
       9
       7
       7
      13
       8
       6
      11
      13
       9
       8
       7
       7
      13
      10
      13
      10
      11
       8
      14
       7
      11
      10
      15
       8
      11
       9
      10
      12
       8
       9
      15
      13
      14
      15
      14
      13
      13
      16
      11
      10
       5
      13
      10
      12
       5
       8
       8
      11
       9
       6
      13
       4
       7
      10
      13
       8
       6
       6
       9
      13
       9
      12
      10
      14
       9
      13
       6
      10
       8
       9
       7
      11
      10
       7
       8
      10
       7
      15
      14
      11
      10
       7
       7
       8
      10
       9
      13
       3
      12
       8
      11
       9
       7
       6
      16
       6
      10
      10
      13
       3
       6
       8
       6
       2
       7
      10
       9
      14
      15
      14
       5
      10
       7
      10
       4
      12
      12
       9
       6
      10
      14
       9
       9
      10
       8
       8
       7
      12
      11
       9
      11
      15
       9
       8
      12
       7
       8
      13
       5
      12
      13
      10
      14
       6
       9
      12
      12
       8
      12
       8
       7
       7
       9
      10
       6
       9
      10
       7
       8
       5
       6
       3
       6
       7
       3
       8
       8
      12
       4
       9
      11
      12
       5
      12
      15
       6
      11
       7
      14
      16
       8
      10
      18
      10
      14
       9
       8
      13
       8
       6
      10
       7
      11
       7
       7
      10
       5
       4
      12
       5
      12
       8
       5
      10
       4
       8
       8
       9
       9
       6
       4
       7
       8
      12
       8
       9
       7
       7
       9
      13
       7
       6
       8
       7
       7
       2
       8
       8
       5
       6
       7
       9
      10
       3
       4
      12
       6
       4
       5
       7
       4
       7
      11
       9
       4
       7
      12
       7
       9
       7
      13
      10
       8
       9
       6
       8
      11
       3
       8
       8
       8
       7
       9
       7
       5
       1
       8
       7
       9
       9
       8
       7
       8
       8
       5
       6
       8
       9
       6
       7
      11
       8
      10
       7
       6
       7
      13
       7
       8
       3
      13
       9
       3
      11
      12
       6
       8
       6
      10
       6
       8
       8
       4
       5
       7
       5
       5
       7
       7
       3
       7
       9
       6
       5
      10
       6
      11
       9
       6
       9
       8
      10
       6
       8
       5
       5
      12
      13
       9
       6
      10
       8
       7
       6
       6
       6
       5
       8
       7
       4
       8
       5
       6
      15
       6
       8
       8
       6
       4
       7
       9
      11
       8
      10
       5
       7
       3
       4
       7
       8
       9
      13
      10
      10
       5
       5
      17
       5
       4
       8
      11
      11
       4
       6
       6
      17
      10
       8
       7
      13
       9
      11
       8
       8
      14
       7
       8
      12
       6
       8
       6
       7
       8
       3
       7
       6
       5
       6
       9
       5
      12
       4
       6
      10
       9
      10
       3
       4
       9
       5
      12
       9
       4
       6
       6
       2
      11
       5
      16
       4
       9
       1
       5
       7
       6
       9
       6
       9
       7
       5
       4
       8
       5
       4
       6
      12
       6
       9
       8
       7
       5
      11
       7
      11
       8
      10
       3
       7
       5
      11
       8
       8
       9
       6
       6
       5
      13
       7
       6
      10
       9
       8
       6
       4
       8
       9
       4
       7
       7
       6
       4
       9
      11
      12
       5
       7
       9
       6
       7
       7
       7
      10
       7
       6
       5
       9
       3
       8
       4
       7
       7
      12
       6
       5
      10
       5
       3
       7
       6
      12
       8
       6
       5
       7
       8
       9
       9
       8
       3
      10
       5
       7
       6
       7
       6
       6
       9
       9
       9
       6
       6
      10
       9
      12
      12
      10
       5
      11
      11
      10
       7
      13
      17
       9
      10
       8
       4
      13
       8
       5
       7
       7
      10
      10
       7
       5
       7
       7
       4
       5
       8
       7
       9
       7
       4
       5
       6
       7
       5
       6
       8
       8
      10
       7
       6
      10
      12
       4
       7
       5
       6
       8
       4
      10
      13
       7
      11
       6
       7
       7
       2
      13
       4
      11
       6
       8
       7
      10
       9
       5
       3
       7
       7
       9
       4
       9
       7
       8
       9
       5
       5
       5
       6
       5
       6
       8
       9
       5
       6
       8
       4
       7
      11
      13
      10
       7
       4
       7
       5
       8
       4
       6
      10
      11
       8
       5
      10
       8
       7
       3
       9
       4
       5
      10
       3
       3
       8
      11
       5
       6
      11
       8
       8
      10
       9
      13
       8
       9
       6
       5
       5
       6
       4
       7
       4
       7
       5
       8
       5
       9
       6
       6
       9
       7
       5
       5
      10
       2
       8
       8
       8
       7
      12
       4
      11
       8
      10
       6
       7
       6
       5
      10
       3
       1
       7
       6
       8
       5
       6
      11
       9
       5
       4
       8
       5
       3
       7
       4
      12
       6
       9
       4
       9
       7
       7
       8
       5
       5
       5
       8
       8
      10
       4
      11
       7
       6
       4
      10
       5
       9
       6
       5
       6
       9
       9
       7
       9
       5
       4
       9
       1
       5
       5
       7
       9
       3
       4
       6
      11
       7
      12
       4
      11
       4
       3
       7
       1
      12
       7
       6
       5
       9
       5
       3
       3
       6
       3
       7
       6
       8
       7
       4
       7
       6
       5
       7
      10
       8
       4
       4
      11
      10
       8
       8
       6
       8
       6
      10
       7
       9
      10
       5
       2
       4
       5
      11
       4
       6
       9
       6
       8
       8
       8
       7
       4
       3
       3
       8
       6
       6
       7
       8
       5
       6
       7
       4
       9
      12
       6
       9
       6
      10
      12
       7
       7
      10
      11
       5
       8
      12
      11
      15
      15
      23
      30
      33
      38
      34
      41
      36
      51
      17
      38
      34
      21
      17
      19
      13
       9
       7
       8
       5
       7
       4
       7
       4
       2
       8
       3
       9
       4
       5
      10
       7
       7
       6
      14
       6
       6
       7
       4
       4
       6
      10
       3
      10
       4
      12
       6
       8
       3
       6
      12
       8
       5
      12
       8
       2
       6
       8
       9
       4
       5
       5
       7
       4
       6
       4
       4
       5
       4
       4
       9
       7
       2
       7
       7
       3
       4
       8
       7
       5
       6
       2
      12
       9
       8
       8
       7
       8
       5
       4
       3
       3
       9
       2
       8
      10
      13
       6
       7
       4
       5
      12
       3
       7
       7
       6
       7
       4
       4
       4
       4
       5
       5
       5
       5
       3
       6
       5
       7
       5
       2
      10
       8
       5
       5
       4
       3
       7
       4
       4
       4
       9
       5
       8
       8
       3
       6
       6
      10
       6
       5
       4
       6
       4
       5
       8
       3
       5
       3
       4
       4
       6
       5
       4
       5
       7
       4
       7
       6
       2
       9
       4
       6
       7
       7
       3
       2
       2
       9
       5
       6
       5
       2
       8
      11
      12
       7
       9
      10
       6
      10
       8
       7
       7
      13
       7
       7
       8
       2
       7
       6
      15
       2
       6
       4
       5
       7
       5
       5
       6
       1
       6
       6
       3
       5
       5
       5
       7
       4
       2
       6
       5
       4
       6
       6
       3
       7
       5
       8
       5
       9
       2
       5
       6
      10
      10
       5
       8
       3
       6
       5
       6
       3
       7
       5
       5
       8
       2
       5
       7
       9
       8
       6
       7
       3
       8
       8
       4
      10
       4
       6
       2
       6
       5
       4
      10
       5
       5
       4
       2
       6
       5
       4
       7
       7
       6
       4
       6
       3
      10
       5
       2
       3
       8
       2
       8
       3
       6
       7
      11
       4
       5
       5
       8
       3
       6
       6
       3
       4
       4
       5
       3
       6
       6
       4
       3
       9
      10
       9
       4
       8
       6
       3
       8
       2
       7
       4
       7
       5
       8
       6
       7
       7
       4
       3
       2
       2
       6
       6
      12
       6
       7
       5
       3
       3
       5
       5
       4
       1
       5
       4
       7
       6
      10
      10
       7
       9
       6
       7
       8
       9
       3
       5
       8
       4
       6
       2
       6
       6
       6
       4
       4
       7
       9
       3
       1
       1
       7
       5
       7
       5
       6
       4
       6
       5
      10
       7
       5
       9
       2
       3
       8
       7
       5
       5
       7
       3
       6
       7
       9
       4
       3
      14
       3
       6
       4
      10
       1
       3
       5
       4
       7
       5
       4
       8
       6
       8
       5
       9
       5
       9
       5
       4
       8
       3
       5
       5
       6
       7
       4
       4
       6
       5
       5
       4
       5
       2
       5
       7
       7
       3
       5
       7
       5
       4
       4
       6
       4
       3
       6
       6
      10
       7
       2
       3
       5
       9
       2
       6
       7
       6
       2
       4
       5
       2
       9
       8
       5
       4
       6
       5
       5
       5
       2
       5
      12
       5
       5
       8
      10
       9
       5
       5
       4
       4
       7
       5
       9
       2
       5
       7
       7
       5
       2
       7
       5
       5
       6
      10
       6
       6
       2
       6
       7
       4
      12
       8
       5
       6
       7
       6
       3
       5
       1
       6
      11
       6
       6
       9
       6
       1
       4
       6
       8
       5
       3
       3
       2
       9
       7
       6
       6
       6
       7
       2
       1
       6
       8
       5
       8
       4
       7
       8
       2
       8
       5
       6
      11
       7
       4
       7
       1
       3
       4
       5
       4
       7
       2
       4
       2
       2
       4
       7
       4
       5
       2
       4
       7
       6
       1
       4
       4
       7
       3
       6
       9
       3
       6
       8
       7
       4
       7
       7
       2
       2
       3
       5
       4
       4
       5
       6
       5
       9
       4
       1
       7
       4
       4
       4
       6
       4
       2
       3
       5
       8
       5
       5
       5
       6
       4
       3
       6
       5
       4
       4
       5
       5
       1
       6
       4
      10
       8
       7
       6
       4
       2
       9
       3
       5
       7
       3
       5
       6
       3
       4
       5
       9
       6
       8
       3
       6
       6
       4
       3
       6
       5
       5
       1
       7
       6
       2
       3
       3
       2
       3
       3
       6
       8
       5
       5
       3
       6
       8
       3
       5
       5
       6
       6
       6
       5
       8
       6
       4
       3
       6
       5
       1
       9
       3
       6
       3
       8
       2
       6
       4
       6
       6
       6
       4
       3
       1
       5
       5
       9
       4
       7
       5
       4
       5
       4
       7
       3
       6
       4
       2
       9
       5
       4
       1
       5
       5
       3
       4
       3
       5
       6
       8
      10
       4
       3
       5
      10
       4
       4
       6
       4
       5
       3
       7
       5
       3
       4
       8
       6
       5
       4
       2
       9
       5
       7
       3
       9
       1
       6
       3
       4
       8
       5
       8
       7
       3
       2
       6
       7
       5
       5
      10
       3
       4
       9
       1
       3
       5
       4
       5
       6
       4
       2
       5
      11
       4
       2
       5
       5
       3
       4
       4
       8
       2
       5
       3
       5
       1
       5
       7
      10
       1
       5
       7
       6
       3
       6
       5
       7
       1
       7
       3
       4
       3
       4
       7
       6
       4
       5
       8
       4
       5
       3
       5
       7
       7
       4
       4
       9
       4
       3
       8
       8
       3
       3
       4
       4
       4
       2
      10
       5
       3
       5
       4
       5
       6
       8
       6
       3
       6
       6
       6
       5
       8
       6
       6
       6
       3
       6
       7
       5
       6
       8
       6
       8
       7
       3
       3
       4
       7
       1
       3
       7
       7
       1
       1
       6
       5
       4
       5
       2
       4
       8
       4
       5
       3
       6
       4
       3
       7
       4
       5
       3
       3
       5
       6
       4
       3
       4
       5
       2
       2
       5
       4
       3
       3
       2
       2
       3
       4
       7
       6
       4
       4
       5
       8
       2
       6
       5
       6
       4
       3
       1
       3
       5
      10
       5
       7
       3
       2
       2
       7
       3
       4
       2
       5
       7
       5
       4
       2
       6
       5
       4
       4
       2
       4
       8
       2
       2
       6
       6
       2
       1
       1
       9
       2
       4
       4
       3
       5
      10
       3
       7
       8
       5
       7
       4
       4
       2
       8
       7
       7
       6
       5
       2
       4
       4
       4
       6
       3
       7
       2
       5
       2
       4
       4
       7
       7
       6
       5
       3
       4
       5
       5
      10
       8
       4
      11
       9
       8
       4
       5
       5
       7
      13
       3
       3
      10
       4
       3
       4
       2
       3
       2
       6
       4
       3
       9
       6
       3
       6
       9
       3
       2
       5
       5
       5
       2
       3
       4
       3
       4
       5
       3
       3
       6
       5
      10
       5
       3
       6
       5
       3
       4
       4
       1
       4
       5
       4
       9
       3
       2
       2
       4
       3
       3
       5
       2
       4
       7
       5
       2
       4
       6
       3
       0
       3
       6
       4
       4
       5
       4
       5
       2
       1
       5
       5
       6
       1
       2
       4
       1
       3
       2
       2
       9
       6
       9
       3
       2
       3
       4
       6
       6
       2
       5
       2
       3
       4
       3
       6
       9
       1
       5
       6
       3
       6
       1
       3
       2
       3
       5
       7
       7
       7
       5
       5
       9
      11
       8
      11
      15
      16
      18
      15
      13
      19
      18
      17
      12
      14
       9
      11
      14
       9
       9
       2
       9
       4
       3
       6
       1
       5
       6
       6
       7
       2
       3
       6
       4
       4
       4
       6
       2
       3
       1
       2
       3
       4
       2
       2
       6
       7
       3
       5
       5
       6
       3
       4
       5
       6
       6
       4
       6
       8
       3
       4
       7
       7
       9
       4
       3
       4
       8
       3
       6
       5
       0
       8
       5
       3
       5
       6
       2
       4
       2
       1
       6
       5
       3
       6
       4
       5
      10
       3
       1
       2
       3
       4
       7
       5
       4
       3
       5
       3
       4
       1
       0
       4
       3
       2
       5
       1
       2
       5
       3
       5
       4
       5
       3
       1
       4
       6
       4
       2
       5
       2
       6
       6
       3
       2
       1
       4
       2
       5
       3
       4
       4
       7
       8
       3
       2
       2
       0
       4
       1
       4
       5
       3
       3
       7
       9
       1
       6
       4
       3
       4
       3
       4
       7
       6
       3
       4
       4
       4
       8
      12
       2
       3
       3
       3
       4
       2
       4
       2
       4
       3
       5
       1
       3
       3
       4
       2
       7
       7
       3
       2
       3
       2
       6
       3
       5
       4
       8
       4
       5
       3
       2
       7
       1
       9
       2
       2
       3
       5
       5
       6
       4
       5
       5
       3
       9
       2
       3
       3
       4
       2
       3
       5
       6
       0
       2
       5
       4
       7
       3
       7
       3
       1
       4
       1
       3
       3
       2
       3
       5
       7
       5
       4
       5
       3
       7
       3
       6
       7
       2
       4
       3
       3
       2
       9
       4
       3
       1
       3
       3
       5
       3
       1
       2
       3
       5
       1
       2
       3
       5
       5
       1
       2
       7
       9
       2
       5
       3
       2
       2
       4
       1
       3
       5
       4
       5
       8
       6
       2
       2
       1
       4
       2
       4
       6
       2
       5
       4
       3
       3
       5
       3
       3
       2
       3
       6
       5
       8
       9
       4
       7
       1
       1
       7
       4
       8
       9
       5
       4
       9
       4
       3
       3
       3
       2
       3
       6
       2
       5
       4
       3
       4
       5
       2
       4
       3
       4
       4
       1
       5
       1
       2
       5
       2
       4
       3
       4
       2
       1
       7
       3
       2
       8
       2
       1
       4
       2
       4
       5
       1
       3
       3
       4
       2
       4
       4
       4
       4
       5
       4
       4
       4
       6
       3
       5
       1
       1
       2
       1
       7
       3
       3
       2
       1
       5
       2
       6
       1
       5
       3
       1
       5
       2
       7
       3
       2
       5
       2
       7
       3
       1
       4
       2
       5
       3
       3
       2
       2
       2
       1
       6
       4
       2
       4
       4
       6
       2
       1
       0
       2
       5
       2
       2
       1
       2
       2
       7
       3
       8
       5
       2
       3
       2
       9
       0
       5
       3
       2
       4
       2
       4
       3
       1
       3
       7
       5
       3
       3
       8
       4
       4
       2
       5
       4
       1
       2
       2
       4
       1
       4
       3
       5
       1
       2
       1
       4
       1
       2
       6
       2
       5
       6
       7
       2
       2
       2
       6
       4
       4
       4
       2
       2
       0
       5
       7
       3
       4
       3
       5
       6
       1
       3
       3
       1
       8
       4
       3
       2
       2
       1
       2
       3
       5
       2
       2
       2
       3
       6
       6
       3
       2
       4
       3
       3
       2
       2
       6
       3
       6
       2
       7
       3
       3
       4
       4
       5
       3
       7
       5
       6
       1
       5
       5
       7
       1
       1
       4
       2
       6
       0
       4
       3
       5
       3
       3
       2
       5
       2
       3
       5
       2
       1
       5
       1
       5
       4
       4
       2
       2
       5
       3
       2
       3
       5
       3
       2
       5
       3
       5
       3
       2
       1
       2
       6
       1
       3
       7
       4
       4
       4
       4
       5
       4
       3
       4
       5
       0
       4
       5
       4
       3
       5
       6
       3
       4
       4
       3
       2
       1
       4
       4
       4
       2
       3
       2
       4
       3
       4
       4
       2
       3
       5
       3
       3
       4
       4
       6
       2
       1
       2
       4
       2
       2
       4
       5
       4
       2
       4
       3
       2
       0
       3
       4
       3
       2
       2
       3
       2
       5
       2
       1
       5
       3
       3
       1
       6
       4
       6
       5
       1
       3
       5
       3
       3
       4
       6
       3
       5
       4
       3
       5
       1
       2
       2
       3
       3
       3
       6
       1
       4
       5
       3
       5
       6
       0
       5
       4
       3
       6
       4
       3
       8
       4
       3
       4
       1
       5
       1
       1
       3
       3
       2
       1
       7
       1
       2
       2
       4
       1
       2
       3
       2
       2
       5
       4
       1
       2
       2
       3
       3
       4
       5
       3
       1
       8
       4
       2
       2
       6
       1
       3
       3
       4
       1
       7
       6
       2
       4
       2
       5
       2
       5
       7
       5
       4
       2
       5
       5
       3
       5
       3
       6
       2
       2
       2
       4
       1
       1
       1
       2
       4
       1
       1
       2
       1
       4
       4
       4
       3
       3
       5
       1
       3
       2
       3
       2
       2
       1
       4
       0
       2
       0
       2
       3
       3
       3
       1
       3
       5
       3
       4
       2
       7
       5
       5
       5
       4
       4
       7
       1
       4
       3
       1
       5
       4
       2
       1
       3
       4
       3
       5
       0
       4
       4
       2
       5
       5
       4
       3
       1
       4
       2
       1
       3
       4
       2
       5
       4
       3
       5
       6
       3
       2
       3
       2
       4
       1
       3
       2
       2
       2
       6
       4
       2
       3
       2
       5
       3
       4
       6
       3
       3
       2
       2
       1
       5
       4
       7
       3
       4
       2
       2
       2
       5
       9
       4
       5
       1
       5
       0
       7
       3
       2
       5
       1
       4
       3
       6
       2
       4
       4
       3
       2
       2
       3
       1
       3
       2
       4
       5
       2
       4
       3
       4
       6
       6
       2
       8
       1
       4
       3
       5
       6
       6
       4
       6
       3
       3
       2
       2
       6
       3
       0
       1
       0
       1
       2
       3
       6
       1
       1
       3
       5
       0
       5
       4
       4
       2
       4
       4
       6
       4
       3
       1
       2
       2
       2
       3
       8
       2
       6
       2
       4
       2
       2
       0
       3
       1
       0
       3
       2
       4
       3
       2
       1
       0
       4
       2
       0
       1
       0
       4
       2
       3
       3
       3
       3
       6
       1
       5
       4
       3
       1
       1
       4
       1
       2
       3
       4
       7
       3
       2
       3
       2
       4
       1
       3
       7
       4
       3
       5
       1
       3
       2
       4
       2
       3
       1
       2
       6
       1
       2
       3
       4
       3
       5
       5
       2
       1
       5
       3
       3
       0
       6
       3
       2
       2
       6
       3
       5
       4
       5
       4
       4
       1
       2
       4
       4
       0
       3
       0
       1
       4
       0
       4
       4
       5
       0
       1
       2
       0
       1
       3
       4
       2
       2
       1
       1
       3
       4
       3
       4
       3
       4
       5
       4
       1
       3
       4
       6
       4
       5
       2
       3
       2
       3
       3
       3
       5
       6
       2
       2
       2
       1
       3
       2
       1
       2
       2
       4
       4
       2
       1
       3
       5
       3
       2
       3
       2
       4
       2
       1
       5
       3
       3
       3
       3
       2
       5
       3
       2
       3
       2
       4
       6
       4
       7
       0
       0
       2
       4
       1
       3
       2
       3
       2
       4
       3
       3
       3
       4
       2
       1
       1
       2
       4
       1
       7
       3
       5
       4
       0
       2
       4
       6
       2
       4
       3
       4
       1
       2
       5
       3
       5
       3
       1
       0
       4
       3
       4
       4
       5
       5
       3
       2
       7
       4
       1
       5
       0
       2
       1
       4
       1
       3
       2
       2
       1
       5
       2
       4
       5
       4
       3
       1
       2
       3
       0
       3
       2
       4
       1
       9
       2
       3
       6
       4
       1
       3
       2
       7
       4
       5
       2
       1
       3
       1
       1
       5
       3
       5
       4
       1
       3
       3
       9
       3
       1
       1
       6
       3
       1
       1
       2
       2
       4
       2
       2
       4
       1
       5
       3
       6
       4
       6
       5
       4
       3
       4
       2
       2
       5
       3
       5
       4
       4
       4
       5
       4
       6
       4
       7
       7
       8
       5
       5
       4
       5
       1
       5
       1
       2
       4
       2
       1
       1
       5
       2
       1
       2
       3
       5
       0
       4
       1
       2
       3
       4
       1
       4
       3
       3
       4
       5
       2
       6
       1
       4
       6
       2
       2
       4
       6
       3
       4
       5
       4
       3
       3
       5
       4
       7
       5
       3
       4
       5
       3
       9
       0
       3
       4
       7
       1
       2
       5
       4
       2
       5
       2
       2
       5
       2
       7
       5
       2
       3
       4
       2
       3
       1
       4
       0
       3
       3
       4
       1
       1
       3
       3
       1
       2
       1
       4
       0
       3
       4
       1
       3
       2
       0
       2
       1
       4
       2
       1
       3
       5
       1
       2
       2
       4
       0
       1
       4
       4
       4
       1
       5
       4
       4
       5
       2
       5
       2
       1
       7
       4
       2
       6
       4
       6
       1
       3
       4
       3
       1
       3
       4
       0
       4
       3
       4
       5
       2
       2
       2
       1
       3
       3
       2
       6
       3
       3
       6
       3
       3
       2
       2
       4
       2
       4
       2
       2
       1
       6
       2
       5
       4
       0
       2
       2
       3
       1
       3
       1
       3
       2
       2
       2
       3
       1
       0
       1
       2
       3
       3
       1
       3
       3
       6
       2
       3
       1
       5
       2
       2
       0
       2
       5
       2
       0
       1
       6
       0
       3
       3
       3
       0
       2
       2
       1
       2
       3
       3
       3
       3
       3
       2
       1
       1
       6
       4
       2
       3
       7
       1
       5
       2
       1
       3
       4
       7
       6
       1
       3
       2
       1
       5
       6
       4
       4
       3
       4
       3
       3
       3
       3
       1
       2
       6
       4
       1
       4
       3
       1
       2
       4
       3
       5
       2
       2
       4
       4
       1
       3
       4
       4
       3
       2
       2
       7
       1
       1
       2
       5
       5
       3
       3
       2
       2
       2
       6
       4
       1
       4
       3
       2
       1
       7
       6
       4
       5
       2
       2
       0
       3
       2
       2
       2
       6
       3
       1
       6
       2
       6
       2
       3
       3
       1
       3
       7
       1
       2
       3
       2
       3
       3
       5
       2
       2
       3
       2
       4
       3
       2
       3
       0
       1
       7
       0
       1
       1
       1
       5
       1
       2
       5
       4
       4
       3
       4
       5
       2
       0
       1
       4
       3
       4
       3
       5
       4
       7
       4
       3
       7
       6
       4
       1
       4
       3
       6
       8
       3
       5
       5
       5
       4
       8
       6
       4
       5
       6
       1
       2
       5
       3
       1
       2
       6
       4
       0
       7
       3
       0
       3
       5
       1
       0
       5
       3
       3
       4
       4
       7
       6
       3
       2
       2
       4
       3
       3
      10
       0
       2
       0
       1
       3
       4
       4
       2
       0
       4
       3
       0
       4
       3
       5
       2
       0
       7
       6
       1
       3
       4
       2
       2
       4
       3
       2
       4
       4
       4
       3
       5
       3
       7
       3
       2
       2
       0
       4
       0
       2
       2
       0
       3
       0
       5
       4
       1
       4
       1
       3
       5
       1
       2
       2
       3
       0
       3
       3
       2
       3
       3
       4
       1
       3
       4
       1
       0
       4
       4
       3
       3
       3
       2
       3
       3
       6
       5
       5
       2
       1
       3
       2
       1
       1
       4
       3
       3
       2
       3
       3
       3
       3
       0
       3
       2
       4
       3
       1
       2
       3
       1
       2
       1
       3
       0
       2
       2
       2
       3
       3
       3
       2
       2
       6
       3
       3
       2
       0
       4
       4
       4
       1
       5
       2
       3
       4
       2
       1
       3
       2
       3
       5
       3
       3
       3
       2
       2
       1
       1
       3
       2
       5
       5
       2
       0
       0
       0
       0
       0
       0
       0
       0
       0
       0
       0
       0
       0
       0
       0
       0
       0
       0
       0
       0
       0
       0
       0
       0
       0
       0
       0
       0
       0
       0
       0
       0
       0
       0
       0
       0
       0
       0
       0
       0
       0
       0
       0
       0
       0
       0
       0
       0
       0
       0
       0
       0
       0
       0
       0
       0
       0
       0
       0
       0
       0
       0
       0
       0
       0
       0
       0
       0
       0
       0
       0
       0
       0
       0
       0
       0
       0
       0
       0
       0
       0
       0
       0
       0
       0
       0
       0
       0
       0
       0
       0
       0
       0
       0
       0
       0
       0
       0
       0
       0
       0
       0
       0
       0
       0
       0
       0
       0
       0
       0
       0
       0
       0
       0
       0
       0
       0
       0
       0
       0
       0
       0
       0
       0
       0
       0
       0
       0
$ROI:
0
$PRESETS:
None
0
0
$ENER_FIT:
-2.173939 0.279251
$MCA_CAL:
3
-2.173939E+000 2.792507E-001 0.000000E+000 keV
$SHAPE_CAL:
3
1.571259E+001 -1.155430E-003 0.000000E+000
