$SPEC_ID:
226Ra
$SPEC_REM:
DET# 1
DETDESC# MCB 132 Input 1
AP# Maestro Version 6.06
$DATE_MEA:
01/14/2022 15:29:24
$MEAS_TIM:
246827 246847
$DATA:
0 8191
       0
       0
       0
       0
       0
       0
       0
       0
       0
       0
       0
       0
       0
       0
       0
       0
       0
       0
       0
       0
       0
       0
       0
       0
       0
       1
    2816
   16683
    1299
     509
     517
     493
     538
     577
     559
     561
     579
     617
     575
     555
     600
     651
     661
     644
     576
     457
     450
     428
     425
     371
     405
     407
     433
     451
     429
     372
     375
     342
     354
     345
     372
     365
     328
     330
     305
     315
     287
     299
     298
     284
     276
     303
     243
     271
     272
     246
     267
     257
     253
     231
     260
     230
     248
     240
     217
     221
     209
     221
     237
     219
     243
     232
     219
     189
     200
     203
     205
     214
     215
     210
     205
     195
     198
     204
     179
     178
     166
     220
     165
     192
     187
     183
     158
     188
     168
     178
     203
     186
     178
     155
     194
     183
     165
     193
     197
     174
     167
     173
     174
     168
     172
     143
     163
     157
     159
     163
     150
     161
     130
     150
     151
     171
     147
     168
     162
     144
     160
     165
     156
     153
     149
     157
     158
     140
     140
     147
     142
     160
     161
     147
     136
     152
     161
     148
     176
     160
     135
     159
     156
     166
     207
     295
     303
     333
     251
     164
     148
     168
     153
     153
     155
     165
     139
     144
     158
     143
     152
     148
     133
     160
     169
     153
     133
     166
     162
     193
     179
     198
     190
     180
     174
     164
     133
     172
     161
     169
     150
     143
     151
     142
     167
     137
     155
     166
     175
     141
     157
     184
     219
     216
     182
     182
     174
     137
     155
     179
     161
     157
     153
     197
     251
     384
     479
     433
     319
     201
     152
     154
     170
     190
     188
     190
     149
     161
     165
     154
     170
     153
     162
     169
     166
     140
     174
     167
     152
     169
     148
     187
     175
     159
     185
     180
     157
     208
     203
     219
     234
     227
     188
     188
     206
     216
     243
     348
     313
     280
     241
     186
     181
     190
     211
     263
     241
     228
     179
     181
     182
     156
     184
     196
     204
     216
     203
     181
     182
     190
     197
     202
     184
     180
     200
     192
     173
     191
     206
     212
     235
     288
     303
     316
     265
     229
     220
     198
     205
     187
     205
     247
     213
     223
     189
     176
     172
     179
     189
     187
     243
     248
     223
     216
     180
     192
     211
     245
     367
     592
     784
     918
     796
     557
     352
     246
     192
     174
     218
     206
     182
     162
     193
     188
     181
     157
     169
     163
     179
     172
     182
     201
     239
     187
     179
     188
     155
     189
     182
     183
     167
     170
     170
     159
     189
     181
     187
     186
     176
     195
     225
     174
     173
     187
     167
     220
     168
     202
     201
     183
     187
     187
     167
     199
     175
     189
     195
     196
     206
     187
     201
     209
     191
     197
     192
     174
     182
     233
     208
     205
     219
     203
     200
     225
     219
     197
     179
     180
     204
     180
     196
     201
     217
     215
     207
     186
     207
     194
     215
     197
     199
     195
     181
     156
     206
     170
     192
     217
     183
     190
     203
     199
     203
     197
     199
     214
     200
     190
     205
     192
     203
     195
     185
     189
     182
     184
     166
     194
     167
     161
     207
     177
     169
     192
     179
     220
     185
     191
     174
     196
     200
     206
     183
     177
     171
     194
     192
     186
     195
     204
     183
     171
     188
     183
     194
     170
     191
     228
     190
     184
     198
     215
     173
     177
     186
     182
     198
     169
     190
     216
     180
     182
     195
     181
     192
     166
     186
     210
     218
     201
     203
     211
     178
     191
     181
     180
     193
     170
     182
     181
     188
     191
     256
     278
     278
     290
     229
     167
     188
     182
     181
     188
     190
     186
     196
     185
     164
     200
     191
     170
     189
     201
     168
     170
     187
     185
     210
     195
     190
     174
     179
     176
     185
     186
     195
     180
     189
     206
     175
     199
     195
     187
     178
     192
     199
     200
     189
     189
     211
     166
     183
     164
     189
     173
     175
     181
     180
     179
     202
     207
     177
     175
     178
     179
     192
     170
     186
     167
     166
     161
     182
     167
     228
     219
     241
     235
     208
     172
     201
     160
     172
     166
     180
     188
     182
     176
     173
     168
     172
     175
     161
     202
     165
     183
     207
     200
     166
     170
     172
     199
     156
     197
     181
     163
     185
     197
     179
     173
     162
     158
     171
     192
     165
     181
     168
     170
     162
     168
     172
     177
     184
     168
     157
     193
     172
     176
     164
     169
     179
     173
     175
     140
     190
     155
     168
     183
     192
     163
     207
     158
     175
     171
     181
     197
     160
     194
     172
     168
     185
     180
     230
     352
     537
     699
     664
     539
     369
     220
     180
     160
     179
     180
     164
     162
     163
     169
     177
     183
     169
     162
     170
     168
     139
     173
     160
     176
     159
     152
     184
     179
     146
     198
     178
     194
     150
     172
     159
     141
     167
     166
     159
     157
     168
     168
     157
     169
     177
     182
     195
     188
     183
     168
     145
     177
     171
     176
     181
     153
     140
     143
     158
     170
     165
     183
     159
     184
     152
     188
     163
     147
     153
     189
     173
     199
     228
     204
     192
     164
     141
     170
     133
     149
     159
     167
     149
     157
     178
     175
     180
     153
     154
     159
     167
     161
     159
     135
     139
     172
     148
     166
     150
     148
     178
     146
     136
     151
     134
     152
     138
     150
     143
     178
     169
     138
     131
     141
     164
     130
     171
     174
     143
     147
     167
     161
     154
     143
     150
     166
     187
     141
     140
     167
     142
     148
     142
     132
     143
     139
     171
     146
     134
     154
     136
     138
     155
     147
     145
     144
     143
     125
     155
     160
     150
     136
     136
     145
     128
     144
     140
     138
     148
     112
     138
     146
     150
     139
     150
     114
     122
     143
     147
     140
     167
     138
     146
     131
     139
     143
     126
     144
     155
     155
     145
     140
     146
     139
     144
     120
     143
     160
     201
     290
     351
     357
     297
     224
     175
     160
     147
     142
     156
     154
     147
     155
     123
     147
     147
     144
     153
     124
     129
     136
     124
     121
     146
     126
     146
     137
     141
     153
     140
     124
     127
     131
     117
     107
     149
     127
     127
     125
     123
     125
     124
     136
     116
     121
     125
     112
     128
     136
     134
     118
     125
     126
     146
     125
     115
     146
     114
     123
     126
     134
     140
     136
     132
     131
     129
     146
     110
     128
     144
     118
     130
     132
     140
     151
     130
     116
     110
     135
     133
     131
     114
     116
     113
     140
     126
     117
     129
     114
     139
     119
     123
     127
     122
     115
     109
     119
     107
     122
     131
     113
     118
     119
     126
     120
     111
     118
     123
     126
     120
     119
     122
     139
     134
     130
     120
     150
     108
     130
     120
     115
     110
     111
     128
     119
     126
     114
     103
     120
     118
     123
     116
     122
     116
     139
     129
     140
     109
     119
     127
     113
     130
     108
     130
     121
     109
     122
     107
     126
     102
     119
     127
     115
     102
      95
     110
     118
     128
     104
     105
     103
      98
     102
     118
     118
     101
     112
     113
     102
     103
     119
     112
     107
     107
      98
     107
     100
     115
     109
     114
     120
     104
     116
     108
     115
     113
     119
     101
     115
     104
     105
     104
      98
     119
     125
     109
     132
     115
     102
     121
     139
     135
     128
     120
     126
     126
     127
     112
     106
     107
      91
     108
     107
      98
     134
     106
     125
     121
     124
     119
     115
     128
     117
     112
     116
     103
      91
     103
     105
     106
     114
     100
     110
     100
     110
     109
     114
      95
     105
     115
     143
     105
     101
      90
      92
     108
     101
     105
      91
     110
      91
     116
      91
      81
     101
      87
     110
     105
     111
      97
     100
      92
      84
     110
     101
      93
      94
      87
      94
      99
     109
     102
      97
      95
      95
     104
     107
     111
     103
      96
      93
     113
     107
     100
      90
     109
      96
     116
      98
      89
      96
     110
     107
     104
     101
     102
      98
     109
     102
     120
     109
     107
     101
      88
      91
     103
      95
     101
     102
      95
     103
      95
      76
      92
     101
      98
     103
      85
     116
      88
     108
      92
      75
      87
      79
     107
      92
      84
      99
      97
      96
     102
      87
      99
     109
     114
      98
     108
      96
      92
     102
      91
      87
     100
     119
      88
      91
     111
      90
      95
     113
      86
      93
      94
     105
     118
     133
     137
     145
     125
      98
      97
      83
      86
      93
      95
      69
      90
      88
      88
      96
      91
      79
      90
      84
      92
      91
      76
      80
      81
      76
      91
      88
      81
      94
      92
      86
      76
      87
      85
      77
      96
      98
      85
      82
      95
      87
      96
      90
      95
      85
      82
      75
      93
     107
     116
     113
      94
     120
      92
      96
      91
      88
      90
      94
      66
      75
      81
      80
      98
      88
      73
      78
      89
      84
      83
      81
      89
      80
      68
      66
      78
      74
      73
      87
      95
      75
      72
      77
      80
     107
      82
      90
      93
      88
      85
      61
      78
      78
      80
     101
      86
      82
      86
      76
      75
      91
      92
      80
      84
      88
      74
      94
      86
      86
      72
      81
     101
      93
      84
      74
      79
      91
      91
      79
      65
      73
      76
      86
      69
      92
      67
      73
      63
      72
      79
      69
      81
      75
      82
      90
      82
      82
      81
      84
      82
      85
      75
     108
      84
      93
      81
      84
      87
      78
      90
      86
      70
      75
      81
      82
      90
      83
      88
      78
      75
      76
      77
      74
      76
      75
      81
      84
      78
      82
      71
      84
      68
      70
      67
      64
      83
      78
      70
      79
      90
      88
      83
      89
      85
      78
      75
      80
      73
      82
      80
      73
     100
      86
      78
      69
      82
      69
      71
      78
      56
      69
      84
      74
      90
      85
      86
      65
      81
      86
      71
      75
      89
      52
      66
      64
      77
      73
      83
      90
      75
      78
      75
      75
      90
      87
      79
      81
      75
      79
      77
      61
      70
      62
      72
      77
      94
      86
      75
      74
      74
      73
      80
      82
      74
      80
      65
      71
      73
      82
      80
      61
      66
      91
      81
      68
      72
      69
      80
      73
      54
      70
      70
      77
      66
      79
      53
      73
      85
      89
      74
      77
      58
      72
      63
      73
      86
      72
      95
      73
      76
      67
      76
      80
      72
      68
      72
      70
      52
      74
      83
      61
      80
      68
      72
      57
      63
      75
      82
      89
      75
      65
      68
      65
      67
      77
      83
      76
      98
      80
      79
      59
      80
      69
      66
      74
      71
      81
      85
      59
      70
      78
      61
      64
      66
      64
      67
     100
      81
      73
      63
      57
      78
      71
      68
      82
      64
      72
      83
     130
     174
     295
     414
     490
     478
     366
     253
     155
     114
      85
      60
      76
      69
      69
      80
      62
      60
      72
      78
      64
      59
      64
      69
      75
      73
      56
      61
      62
      72
      74
      77
      77
      59
      72
      58
      70
      73
      73
      72
      68
      62
      68
      58
      61
      64
      65
      69
      76
      67
      59
      68
      62
      74
      62
      53
      57
      53
      67
      74
      70
      64
      59
      69
      76
      66
      49
      71
      78
      64
      68
      41
      63
      56
      74
      68
      63
      65
      47
      67
      65
      83
      75
      71
      62
      70
      66
      71
      73
      62
      62
      63
      61
      59
      60
      67
      76
      58
      50
      75
      82
      54
      73
      58
      62
      63
      57
      63
      77
      73
      82
      71
      52
      64
      53
      70
      61
      64
      59
      59
      73
      69
      64
      81
      75
      58
      64
      65
      66
      52
      62
      63
      70
      66
      50
      63
      64
      71
      70
      64
      63
      82
      54
      71
      56
      44
      62
      64
      66
      54
      55
      55
      69
      66
      64
      58
      70
      56
      66
      62
      62
      65
      60
      54
      67
      50
      54
      57
      64
      60
      63
      64
      64
      57
      52
      63
      61
      57
      53
      56
      57
      51
      52
      63
      66
      62
      57
      63
      54
      58
      64
      62
      49
      46
      64
      53
      57
      63
      58
      61
      53
      64
      49
      57
      60
      56
      49
      50
      56
      51
      62
      66
      56
      67
      79
      72
      61
      61
      65
      67
      58
      58
      54
      57
      53
      67
      61
      67
      47
      51
      52
      55
      73
      57
      68
      60
      57
      70
      61
      67
      50
      53
      68
      56
      45
      50
      57
      60
      57
      48
      54
      51
      48
      64
      65
      41
      70
      53
      52
      55
      60
      57
      66
      54
      60
      60
      66
      81
      76
      87
      98
     112
     157
     185
     232
     286
     300
     391
     419
     465
     472
     395
     315
     304
     263
     215
     166
     120
      96
      76
      75
      83
      55
      51
      62
      54
      66
      57
      46
      57
      53
      56
      60
      47
      41
      63
      48
      49
      43
      51
      54
      38
      48
      45
      53
      55
      59
      51
      49
      53
      56
      51
      45
      53
      44
      58
      51
      44
      55
      48
      40
      51
      47
      51
      56
      41
      71
      61
      44
      57
      53
      41
      60
      46
      46
      48
      43
      48
      48
      54
      66
      49
      54
      49
      52
      60
      53
      50
      56
      59
      44
      58
      60
      47
      58
      49
      42
      43
      51
      57
      43
      39
      38
      50
      49
      39
      48
      57
      42
      54
      50
      47
      44
      49
      48
      41
      45
      51
      46
      44
      58
      47
      58
      50
      48
      63
      44
      51
      53
      40
      52
      51
      41
      49
      49
      47
      42
      39
      44
      49
      48
      48
      46
      53
      49
      36
      43
      35
      43
      36
      39
      47
      43
      40
      34
      48
      48
      38
      27
      51
      43
      59
      43
      47
      39
      46
      42
      47
      57
      41
      41
      53
      37
      41
      53
      46
      37
      46
      33
      46
      36
      43
      42
      33
      42
      42
      50
      44
      57
      45
      50
      38
      48
      57
      42
      43
      52
      54
      42
      44
      43
      40
      51
      55
      36
      54
      47
      36
      49
      32
      39
      49
      43
      38
      57
      51
      69
      78
      84
      96
      82
      61
      60
      54
      57
      36
      50
      50
      34
      31
      33
      36
      40
      41
      47
      50
      53
      41
      46
      47
      43
      41
      36
      34
      39
      40
      44
      46
      44
      50
      48
      52
      49
      44
      54
      46
      40
      61
      41
      34
      33
      64
      66
      46
      59
      86
      85
     112
      92
      70
      66
      52
      41
      42
      48
      51
      37
      51
      47
      47
      42
      50
      37
      47
      30
      34
      39
      39
      33
      54
      47
      40
      36
      43
      30
      31
      38
      37
      40
      48
      35
      42
      37
      41
      27
      36
      34
      38
      39
      45
      50
      37
      56
      45
      57
      48
      49
      48
      46
      40
      48
      61
      46
      44
      49
      46
      44
      46
      49
      45
      45
      41
      57
      58
      39
      39
      48
      52
      41
      53
      40
      48
      46
      52
      48
      48
      40
      48
      35
      29
      46
      48
      50
      37
      53
      26
      49
      42
      67
      62
      74
      52
      53
      41
      45
      41
      44
      48
      35
      61
      33
      53
      63
      80
     110
     175
     228
     327
     340
     282
     244
     169
     106
      71
      56
      60
      41
      40
      51
      40
      33
      37
      36
      45
      42
      41
      40
      46
      30
      36
      41
      48
      36
      27
      35
      30
      41
      21
      31
      50
      32
      40
      30
      34
      43
      36
      32
      30
      38
      46
      35
      45
      45
      42
      53
      40
      33
      46
      37
      50
      36
      44
      32
      37
      41
      34
      41
      42
      26
      40
      35
      33
      37
      33
      42
      41
      41
      35
      37
      41
      37
      35
      31
      49
      43
      33
      37
      41
      43
      59
      27
      26
      43
      33
      29
      39
      42
      36
      28
      41
      40
      33
      36
      30
      46
      27
      31
      44
      44
      33
      33
      45
      36
      34
      48
      46
      40
      32
      39
      42
      37
      35
      33
      35
      44
      35
      31
      36
      32
      42
      38
      37
      42
      32
      35
      31
      48
      28
      36
      36
      32
      36
      34
      23
      39
      25
      38
      42
      38
      48
      38
      37
      38
      36
      38
      32
      40
      33
      20
      39
      23
      28
      33
      43
      35
      24
      35
      38
      33
      55
      40
      65
      93
     159
     223
     328
     387
     396
     400
     294
     241
     155
     105
      42
      42
      34
      34
      37
      34
      31
      35
      45
      34
      35
      34
      31
      34
      24
      35
      39
      38
      25
      36
      29
      29
      39
      32
      41
      27
      39
      34
      34
      30
      47
      38
      39
      31
      38
      30
      31
      37
      36
      37
      33
      35
      37
      33
      38
      32
      28
      30
      26
      42
      27
      33
      34
      37
      38
      30
      30
      36
      29
      39
      36
      36
      33
      30
      30
      38
      28
      36
      37
      31
      24
      40
      27
      27
      26
      42
      27
      28
      36
      33
      36
      39
      32
      38
      33
      39
      35
      51
      27
      42
      27
      38
      34
      41
      40
      25
      23
      24
      31
      32
      33
      41
      43
      34
      46
      39
      36
      52
      31
      37
      39
      43
      36
      47
      40
      38
      50
      37
      37
      43
      33
      47
      42
      33
      41
      48
      29
      29
      25
      40
      33
      42
      42
      42
      30
      38
      30
      30
      35
      39
      40
      34
      43
      36
      40
      36
      32
      25
      43
      30
      36
      45
      33
      37
      34
      46
      41
      29
      39
      30
      34
      34
      29
      41
      39
      50
      35
      32
      23
      30
      36
      37
      35
      33
      30
      49
      35
      30
      31
      27
      26
      33
      30
      36
      32
      34
      31
      35
      31
      36
      19
      25
      25
      38
      34
      32
      40
      26
      29
      39
      29
      34
      42
      31
      35
      32
      43
      53
      93
     114
     189
     223
     234
     260
     231
     190
     131
      88
      70
      46
      36
      30
      25
      41
      37
      35
      36
      44
      35
      42
      32
      41
      37
      23
      50
      30
      28
      24
      29
      33
      35
      39
      21
      31
      37
      35
      24
      37
      38
      41
      39
      32
      31
      30
      33
      28
      34
      34
      27
      17
      28
      31
      34
      26
      26
      28
      17
      27
      28
      21
      34
      36
      34
      34
      23
      35
      37
      18
      26
      33
      30
      42
      33
      27
      29
      28
      32
      23
      26
      42
      33
      23
      34
      25
      41
      24
      34
      34
      35
      31
      18
      30
      28
      28
      29
      31
      31
      36
      28
      34
      37
      27
      32
      23
      29
      32
      30
      29
      23
      34
      35
      23
      39
      34
      35
      29
      42
      29
      23
      28
      33
      30
      28
      21
      24
      25
      21
      22
      34
      27
      25
      27
      19
      28
      19
      33
      26
      35
      35
      23
      42
      25
      27
      37
      42
      27
      28
      29
      32
      34
      22
      32
      29
      39
      29
      31
      38
      30
      48
      43
      40
      35
      32
      40
      26
      21
      28
      32
      28
      33
      27
      28
      33
      23
      29
      35
      30
      28
      36
      29
      28
      34
      29
      22
      27
      34
      30
      34
      34
      29
      43
      21
      34
      31
      28
      27
      35
      27
      32
      30
      26
      27
      24
      26
      23
      27
      31
      29
      32
      35
      31
      33
      30
      36
      21
      28
      24
      37
      32
      26
      26
      28
      27
      27
      27
      27
      30
      27
      27
      34
      26
      17
      37
      32
      25
      24
      24
      24
      21
      25
      30
      34
      21
      26
      20
      38
      29
      31
      24
      33
      20
      30
      26
      34
      22
      26
      28
      37
      36
      29
      27
      36
      37
      34
      29
      36
      21
      31
      29
      29
      19
      29
      29
      26
      23
      34
      29
      23
      31
      32
      29
      34
      28
      26
      25
      27
      23
      38
      39
      23
      24
      29
      29
      30
      32
      27
      35
      35
      24
      21
      31
      27
      27
      33
      24
      18
      25
      23
      19
      29
      30
      31
      19
      18
      27
      27
      20
      29
      28
      22
      25
      23
      29
      23
      31
      26
      25
      32
      26
      19
      16
      20
      27
      35
      24
      32
      24
      27
      22
      36
      28
      21
      28
      27
      27
      25
      22
      28
      34
      26
      21
      24
      27
      26
      25
      27
      23
      24
      26
      20
      23
      20
      28
      25
      23
      22
      28
      31
      20
      25
      16
      24
      32
      26
      27
      26
      31
      23
      25
      23
      29
      22
      25
      29
      23
      35
      26
      22
      35
      32
      31
      28
      28
      23
      25
      27
      29
      32
      28
      28
      17
      38
      18
      22
      31
      34
      31
      21
      26
      30
      26
      32
      28
      32
      22
      24
      34
      24
      24
      28
      26
      19
      31
      24
      28
      34
      21
      24
      25
      30
      22
      31
      30
      27
      43
      29
      30
      27
      25
      28
      22
      37
      33
      30
      29
      32
      39
      29
      28
      31
      32
      21
      18
      27
      23
      12
      30
      17
      18
      22
      19
      30
      21
      23
      33
      25
      22
      24
      38
      21
      24
      27
      23
      22
      31
      21
      24
      31
      24
      25
      33
      33
      24
      23
      34
      23
      22
      25
      22
      19
      32
      26
      29
      29
      25
      31
      38
      36
      21
      24
      24
      18
      21
      25
      21
      22
      32
      22
      23
      18
      23
      21
      27
      23
      22
      17
      36
      21
      25
      24
      24
      29
      24
      22
      15
       9
      22
      16
      22
      19
      20
      24
      26
      17
      24
      18
      26
      16
      14
      13
      19
      16
      23
      29
      22
      23
      19
      15
      19
      30
      22
      25
      23
      19
      29
      29
      29
      25
      15
      21
      18
      29
      33
      29
      22
      13
      25
      30
      25
      32
      31
      31
      12
      23
      29
      22
      22
      16
      21
      26
      15
      20
      29
      19
      24
      14
      25
      30
      21
      27
      18
      23
      20
      19
      17
      25
      27
      17
      20
      18
      20
      23
      31
      26
      26
      22
      25
      17
      20
      25
      18
      19
      26
      29
      26
      25
      21
      17
      23
      24
      20
      25
      23
      24
      26
      21
      29
      28
      26
      23
      27
      20
      23
      26
      15
      28
      22
      27
      20
      26
      23
      29
      26
      18
      31
      24
      22
      28
      23
      20
      22
      21
      20
      25
      17
      26
      27
      26
      19
      26
      31
      14
      21
      21
      24
      28
      22
      18
      17
      33
      27
      43
      46
      55
      53
      54
      54
      42
      39
      29
      24
      23
      24
      22
      24
      15
      16
      20
      18
      16
      24
      21
      19
      22
      22
      27
      12
      22
      19
      23
      19
      23
      35
      30
      31
      31
      21
      22
      21
      15
      24
      21
      25
      26
      25
      27
      25
      15
      25
      22
      24
      22
      27
      23
      25
      24
      19
      23
      34
      24
      21
      20
      25
      25
      26
      27
      21
      22
      25
      22
      25
      19
      24
      15
      35
      24
      18
      14
      25
      25
      21
      25
      17
      30
      16
      29
      27
      20
      23
      18
      15
      20
      26
      28
      18
      24
      33
      21
      25
      13
      19
      21
      22
      23
      22
      26
      20
      24
      24
      25
      21
      22
      23
      19
      13
      24
      19
      21
      13
      21
      21
      17
      22
      16
      15
      20
      20
      31
      22
      17
      22
      15
      18
      21
      18
      23
      25
      21
      19
      20
      16
      27
      23
      15
      30
      20
      14
      17
      30
      14
      25
      21
      15
      27
      17
      18
      17
      15
      14
      19
      24
      28
      17
      19
      13
      22
      15
      25
      18
      21
      19
      22
      22
      18
      18
      14
      19
      20
      20
      16
      15
      17
      19
      22
      35
      33
      33
      23
      21
      24
      21
      23
      22
      23
      35
      26
      22
      23
      20
      22
      25
      25
      31
      17
      21
      31
      29
      34
      28
      30
      32
      37
      38
      37
      41
      29
      26
      21
      15
      27
      21
      20
      22
      16
      12
      29
      31
      17
      16
      17
      19
      18
      19
      14
      26
      18
      14
      15
      19
      17
      13
      18
      19
      23
      23
      23
      14
      16
      17
      20
      14
      23
      17
      19
      20
      17
      21
      19
      23
      17
      15
      25
      21
      30
      20
      10
      16
      22
      15
      19
      27
      14
      26
      21
      11
      17
      28
      13
      21
      16
      24
      21
      13
      21
      21
      18
      23
      17
      23
      19
      18
      21
       5
      20
      18
      14
      17
      15
      20
      15
      22
      26
      18
      20
      17
      20
      20
      18
      29
      22
      15
      20
      16
      22
      18
      27
      14
      20
      27
      24
      29
      35
      40
      57
      54
      49
      48
      39
      35
      28
      29
      22
      33
      17
      28
      23
      20
      21
      28
      15
      17
      23
      12
      15
      30
      16
      21
      17
      23
      14
      16
      20
      26
      17
       9
      28
      19
      26
      16
      19
      17
      23
      21
      20
      17
      19
      25
      17
      22
      19
      19
      24
      23
      19
      17
      22
      13
      16
      24
      23
      26
      16
      24
      19
      14
      19
      14
      23
      22
      10
      26
      17
      12
      14
      23
      11
      19
      19
      26
      19
      14
      18
      12
      15
      23
      16
      17
      15
      22
      16
      26
      17
      16
      18
      19
      23
      19
      12
      17
      15
      28
      13
      16
      12
      21
      13
      12
      18
      15
       8
      18
      19
      15
      17
      18
      29
      18
      21
       9
      18
      19
      21
      14
      20
      19
      19
      17
      13
      21
      20
      14
      15
      16
      16
      11
      18
      20
      20
      22
      20
      16
      14
      17
      16
      19
      19
      19
      30
      16
      26
      17
      18
      19
      20
      22
      15
      20
      22
      23
      14
      25
      26
      20
      23
      19
      17
      21
      19
      19
      21
      19
      24
      23
      20
      26
      16
      21
      22
      15
      18
      18
      18
      18
      18
      20
      22
      19
      13
      14
      16
      17
      19
      22
      17
      20
      17
      16
      13
      19
      21
      15
      23
      23
      18
      19
      23
      18
       9
      10
      19
      19
      27
      14
      22
      19
      23
      16
      19
      21
      18
      16
      14
      21
      20
      23
      20
      36
      38
      24
      34
      39
      28
      21
      24
      19
      22
      17
      21
      17
      15
      21
      21
      15
      26
      18
      19
      11
      16
      17
      14
      14
      22
      16
      14
      17
      18
      21
      16
      15
      17
      22
      15
      19
      11
      21
      18
      15
      11
      25
      15
      17
      14
      17
      21
      21
      16
      17
      15
      20
      17
      17
      14
      14
      16
      22
      22
      24
      14
      24
      22
      18
      18
      21
      13
      16
      15
      17
      10
      15
      21
      11
      17
       9
      23
      13
      22
      21
      20
      17
      13
      16
      25
      15
      21
      17
      16
      14
      27
      21
      16
      15
      19
      20
      15
      18
      14
       7
      19
      14
      17
      19
      14
      18
      25
      10
      17
      20
      14
      11
      12
      23
      25
      15
      13
      13
      14
      22
      17
      20
      20
      21
      19
      17
      18
      18
      19
      13
      23
      18
      16
      19
      15
      18
      15
      15
      21
      18
      18
      13
      17
      19
      23
      14
      24
      19
      17
      17
      18
      15
      28
      18
      13
      15
      16
      10
      18
      17
      18
      13
      22
      13
       9
      16
      26
      15
      20
      18
      16
      17
      24
      28
      12
      10
      16
      12
      14
      19
      20
      13
      13
      18
      13
      26
      17
      17
      17
      16
      16
       8
      17
      18
      16
      14
      17
      15
      23
      31
      27
      24
      25
      28
      32
      32
      28
      16
      19
      18
      21
      11
      16
      21
      13
      11
      16
      24
      15
      23
      12
      17
      20
      16
       9
      12
      22
      22
      28
      16
      19
      19
      19
      18
      10
      19
      13
      18
      13
      11
      12
      21
      23
       3
      15
      13
      16
      23
      17
      11
      10
      24
       7
      21
      19
      12
      19
      10
      11
      21
      19
      20
      13
      16
      15
      21
      12
      10
      17
      17
      17
      14
      19
      14
      18
      24
      16
      11
      15
      18
      18
      17
      21
      27
      26
      22
      19
      17
      14
      18
      14
      19
      15
      13
      13
      13
      11
      18
      11
      17
      12
      24
      15
       9
      14
      15
      30
      15
      12
      15
      19
      16
      18
      23
      15
      12
      19
      17
      17
      18
      16
      12
      20
      14
      19
      17
      13
      23
      16
      15
      16
      21
      18
      14
      15
      11
      10
      16
      16
      14
      16
      22
      11
      15
      13
      30
      14
      15
      12
      12
      13
      11
      19
      25
      16
      14
      15
      16
      15
      21
      13
      16
      12
      17
      14
      17
      14
      17
      18
      18
      18
      15
      19
      14
      21
      16
      11
      18
      29
      16
      14
      11
      16
      16
       7
      14
      17
       9
      19
      14
      18
      25
      16
      14
      21
      16
      21
      11
      23
       9
      16
      20
      13
      15
      17
      12
      15
      15
      15
      20
      17
       7
      15
      17
      13
      11
      20
      14
      14
      11
      12
      19
       9
       9
      26
      13
      15
      12
      15
      18
      17
      18
      17
      21
       9
      12
      10
      12
      14
      14
      19
      13
      14
      12
      14
      12
      21
      15
      23
      12
      14
      12
      17
      10
      17
      18
      19
      22
       8
      15
      18
      16
      21
      10
      16
      10
      12
      14
      15
      21
      18
      13
      14
      22
      11
      14
      17
      14
      15
      13
      15
      10
      13
       8
       9
      12
      12
      19
      10
      10
      21
      10
      13
      17
      12
       6
      18
      19
      16
      22
      13
      12
      11
       7
      14
      10
       7
      13
      19
       7
      14
      17
      12
      14
      17
      13
      13
      12
      14
      15
      16
      18
       7
      15
      20
      20
      14
      12
      16
      14
      13
      10
      11
      18
      13
       7
      20
      12
      13
      24
      13
      12
      19
      15
      13
      16
      11
      17
      17
      16
      15
      16
      12
      16
      15
      11
      18
      13
      15
      11
      10
      11
      14
      15
      12
      15
      21
      15
      13
      15
      12
      17
      16
      15
      11
      16
      17
      18
      19
      29
      19
      17
      21
       7
       8
      14
      16
      20
      22
      16
      13
      13
      19
      15
      13
      14
      18
      16
       8
      12
      12
       7
      10
      17
      17
      17
      18
      15
      23
       9
      16
      15
      12
      13
      13
      23
      12
      13
      16
      17
      20
      22
      20
      16
      19
      13
      18
      15
      30
      13
      10
      13
      15
      13
      24
      18
      16
      11
      18
      20
      15
      11
      21
      21
      11
      16
      17
      13
      13
      14
      23
      18
      21
      19
      14
      20
      18
      18
      11
      12
      15
      12
       6
      15
      11
      13
      12
      14
      14
      11
      15
      13
      11
      12
      11
      18
       7
      15
      16
      14
      14
      12
      18
      10
      17
       9
      17
      12
      13
      16
      14
      15
      17
      12
      14
      19
      12
      17
       9
      17
       8
      21
      13
      13
      12
      17
      12
      10
      18
       9
      19
       9
      12
      13
       9
       8
      13
       9
      12
       9
      10
       8
      11
      14
      18
      12
      10
      12
      12
      19
      12
      18
      17
      11
      16
      12
      14
      17
      14
      10
      12
      13
      12
      12
      19
      16
      17
      17
      14
      15
      17
       8
      20
      12
      22
      17
      12
      13
      17
      12
       8
      10
       9
       6
      17
      10
      21
      15
       9
      14
      16
       5
      15
      10
      16
      12
      18
      16
      17
      10
      10
      14
      19
      17
      17
      18
       9
      17
       8
      12
      15
      17
      21
      12
      19
      13
       9
      17
      13
       9
      13
      17
      18
      13
      10
      11
      12
      15
      14
       7
      12
      11
      10
      13
      14
      12
      18
      15
      12
       8
      10
       9
      13
      14
      11
       9
      10
      11
      10
       9
      14
      26
      11
      13
      16
      14
      10
      10
      13
      11
      14
       9
      16
      14
      15
      10
      13
      12
      12
       7
      10
       8
      11
      14
      17
      13
      10
      18
      13
       7
      16
      13
      12
      17
      12
       8
      16
      13
      17
      16
      10
      17
      15
      14
      12
      19
      12
      10
      10
      12
      16
      11
      12
      13
      16
      11
      19
      14
      11
      18
       9
       7
       9
      12
       7
      10
      15
      12
      15
      18
      15
       9
      14
      20
      18
      12
       6
      10
      13
      12
      11
       9
      17
      17
       8
      12
      13
      11
      12
      12
      13
      15
      10
       9
      12
      11
       9
      13
      10
      10
      13
      16
      11
      18
      10
      12
       9
      12
       5
      11
      11
      11
      17
      13
       6
      16
      14
      16
       7
      10
      14
      15
      12
      12
      13
      12
      10
      17
      12
      11
      16
       9
      13
      19
      13
       6
       8
      11
      12
      13
      18
      18
      15
      10
       9
      16
      10
       8
      10
      16
      10
       9
       7
      11
      10
       7
      12
       9
      18
       9
      18
       7
      10
       6
      10
       8
      14
       6
      23
      14
      13
      14
       9
       7
      11
      11
      15
      13
       6
      14
       5
      17
      17
       7
      10
       7
      19
      10
      15
      14
      12
      15
      10
      10
      12
       9
      13
      13
       9
      12
      11
       6
       9
      17
       8
       9
      13
      13
       9
      13
      12
      15
      10
      11
      18
      14
       8
      19
      11
       7
       9
       6
       8
       9
      11
      10
      11
       9
       9
      11
      11
      16
      10
      24
       8
       9
       9
      13
      16
      11
      12
      14
      12
       8
      10
      11
      18
      13
      17
      21
      12
      11
      17
      11
       8
       6
      11
      14
       9
      15
      12
      12
       5
      11
       8
      12
       9
       6
      10
      12
       8
      12
       8
      14
      16
      11
      14
      12
      14
      17
       9
      19
      11
       9
      11
      11
      20
      15
      11
      22
      17
      15
      13
      16
      14
      17
      12
      10
      12
      19
      14
      13
      12
       8
      10
       7
      13
       8
       7
       7
       9
      13
      14
      15
      12
       5
       8
      17
       9
      15
       9
      10
       7
      13
       9
      12
       9
      13
       9
      11
       9
       6
      14
       4
       7
       8
       7
      15
       7
      12
      12
       8
      17
      10
      14
      11
       8
       8
      15
      12
      19
      13
      11
      14
      14
      11
       6
       8
      15
       9
       9
      11
      10
      11
       9
      15
      12
      16
      13
      12
       6
      14
       9
       9
       9
      14
      11
      15
      14
      14
      16
      15
      12
      15
      15
      16
      10
       7
       8
      17
      14
      11
      15
      13
      16
      10
      17
      10
      19
       8
      11
       5
      13
      12
      14
       9
       6
      12
       5
      12
       8
      10
       8
      10
      15
      11
      14
      13
      10
       7
       6
      13
       6
      11
      10
      12
       8
      12
      10
      16
      10
      10
      17
      11
       7
      10
      13
      20
      11
      10
      10
      13
      13
       8
       9
       6
       8
       7
       9
      12
      15
       6
      10
       9
      10
       8
      13
      10
       9
      11
      14
      10
      11
      13
      10
       7
       9
       9
      13
       6
       5
      13
      12
      11
      15
       7
      12
       9
       7
      17
       9
       6
       9
       9
      11
      10
      13
      11
      12
      13
      14
       6
       6
      11
       7
      10
       2
      14
      12
      12
       7
       7
      10
      11
      15
      11
      10
       9
       8
       6
       7
      11
       7
       9
      11
       8
       9
      10
       8
       5
       9
       7
      17
       7
      17
       8
       8
      14
       6
       7
      13
      12
      10
      13
       6
       9
       8
       9
      12
      10
      10
       6
      13
       9
      12
       7
      10
      12
      11
       7
      14
      15
      14
      14
       6
       8
      15
       6
      13
       8
       7
       9
       8
       9
       7
       9
       9
       8
      15
      11
       7
      14
      16
      10
      15
      14
      10
      11
      19
      12
      28
      25
      21
      30
      42
      51
      66
      66
      58
      74
      62
      57
      45
      35
      39
      27
      23
      13
      14
      14
      14
      12
      14
      10
      11
      14
       7
      14
      15
      13
       7
       8
       7
      10
       9
      11
       6
       3
      14
      10
       9
       8
      10
      11
      12
       9
       9
       7
      14
      19
      10
       8
       5
       8
      13
       7
       4
       6
       2
       5
      11
       9
      10
      17
       9
       7
       7
       9
       4
      15
       9
       8
       8
      12
      11
      12
      14
       9
      11
       8
       8
       7
       5
      13
       4
       8
       7
       9
      11
      11
       8
       9
       4
      10
       9
       8
       8
       8
       6
       4
       9
      14
      12
       9
       7
       7
      15
      11
      11
       9
       9
      13
       8
      16
       9
      11
      14
       6
       8
      10
      13
       8
       9
      16
       6
       5
       8
       7
       6
      13
       7
      10
      10
      11
      10
      10
       9
       8
      18
      11
      12
       8
       7
      11
      12
      12
       9
       8
       6
      10
      12
      12
      11
       9
       8
       8
      15
      13
       9
      11
       1
       3
       8
       4
       6
       5
      11
       8
       9
       7
      12
       6
      10
       8
      11
      10
       9
       7
      12
      16
      11
       9
       6
      12
      11
      11
      12
      11
       6
      11
       4
       5
       8
      10
      16
       6
      10
       7
       7
       6
       8
      14
      13
       7
       7
       7
      16
       3
      13
       6
      12
       8
       7
       8
       9
       9
      15
      11
       5
       5
      13
       7
       7
      12
      10
       8
      14
       9
       5
      15
       8
       9
      12
       8
      12
      12
       5
       5
       8
      10
       8
      11
      13
       9
       6
       7
      11
       8
       8
       3
       7
       5
       8
      14
      13
      11
       7
      12
       7
       8
      17
       9
      13
      11
       6
       7
       6
       6
       8
      10
      10
       6
       2
      10
      12
       7
      10
       9
      10
      10
      12
      13
       4
       6
      12
       8
       8
       8
       8
       7
       7
      12
       9
       9
       7
      10
       7
      12
      14
      11
      12
      14
       7
      10
       5
       9
       5
      12
       9
      13
      10
       7
      13
      11
       8
       5
       8
       4
       8
       7
      10
       4
       8
      10
       9
       5
      11
       6
       9
       6
       9
       9
       6
       9
      10
      12
       6
       3
       7
      10
       4
      12
       8
       5
       3
      12
       4
       5
       8
       8
      11
       9
      13
       9
       8
       4
       5
       9
      12
       6
       8
       5
      11
      10
       8
       4
      13
      13
       6
       5
      12
       9
       6
      12
      11
       8
      14
       7
      10
       9
       7
       5
       9
      10
       6
      10
      10
      10
       4
      13
       5
       6
       5
       5
      17
       9
       3
       9
       7
       4
       9
       9
       6
       8
       7
       7
      11
      11
       7
       8
      12
       5
       8
       8
      11
       5
       7
       4
      13
       7
       8
       4
       7
      12
       7
       6
       2
       7
      14
      12
      17
       8
       9
      13
       9
       5
      12
       9
       8
      14
       5
       9
       6
      10
       4
      13
      13
      12
      15
      11
      12
      11
       8
       7
      10
      10
      10
       6
       7
       5
      12
       9
      12
      12
      14
       5
       8
       5
      12
      11
       8
       8
      12
      11
      10
       4
      10
       9
      10
      13
      11
      11
      13
      10
      10
      10
      12
       8
       8
       8
      12
       8
       7
       6
       9
       6
      11
      12
       5
       9
      10
       9
       4
      11
       7
       1
      14
      12
       4
      10
       1
       7
       5
       6
      12
       9
       7
      10
       3
      13
       7
       8
      13
       4
       5
      14
      11
      11
      13
       7
       5
       9
       4
       9
       5
       8
       7
       9
      10
       4
       8
       5
       4
       9
      14
      11
       5
       6
       9
      12
       6
       5
       8
       9
      10
       4
       9
       9
      10
       5
       3
       8
      10
       1
       8
       3
       5
       6
       6
       6
       7
       6
      10
       9
       8
      11
      14
      12
       9
      10
       6
       7
       4
       4
       8
      11
       5
       9
       7
      11
       2
       8
       9
       7
       7
       8
       6
      14
      13
       9
       6
       7
      12
       5
       7
      11
       7
       3
       5
      12
      11
      13
       9
       6
       9
      11
       8
       6
       8
       5
      11
       8
       9
       6
       7
       8
       4
       8
       8
       3
       2
       7
       8
       8
      16
      13
       6
       5
       4
       4
       8
       7
      11
      10
      11
       9
       7
      10
      10
      13
       7
       3
       8
       6
       7
       4
       8
       6
       6
       6
       6
       7
       8
       5
       7
       9
       7
       8
       8
       3
       6
      12
      10
       6
       7
       8
       5
       9
       2
       4
       7
      10
       6
       3
       3
       4
       3
       9
       8
       1
       9
       7
      11
       8
       9
       6
       6
       6
       8
       9
       4
       6
       4
      10
       5
       6
       8
       2
       5
       7
       9
       4
      11
       5
      10
      10
       6
       8
       6
       8
       4
      10
       7
       9
       9
       9
      10
       7
       7
       7
      10
       8
       7
       6
       7
       3
       7
       4
       9
      11
       9
       7
       3
      10
       7
       7
       5
       5
       9
       4
       4
      10
       8
       4
       3
      11
       7
      10
       5
       7
       6
      15
      10
       4
       4
       4
       6
       8
       2
       9
      12
       3
       9
       6
       7
       9
       5
       9
       7
       2
      10
       5
       8
       4
       6
      10
       2
      13
       9
       5
       5
       8
       4
       7
       5
       8
       8
       5
      10
      13
       8
       6
       7
       8
       2
       7
      12
       4
      12
       5
      11
       4
       6
      12
       6
       5
       9
       6
       3
       6
       5
       4
       8
       6
       5
       5
       8
       7
       7
       8
       7
       6
       6
       7
       4
       8
       7
      12
       9
       5
       6
       9
       5
       7
       4
       6
       8
       8
       9
       5
       9
       4
       6
       5
       6
       7
      12
       8
       8
       4
       6
       9
       9
       5
       5
       8
       5
      14
       8
       5
       7
       6
       6
       9
       7
       9
       3
       7
       9
      12
       1
      10
       4
       6
       8
       6
       5
       5
       7
       6
       4
       7
       3
       4
      10
       4
       6
      11
       4
       6
       8
       8
       7
      10
       8
      10
       6
      11
      10
       5
       4
       4
       7
       9
       3
       5
       5
       4
       9
       4
       9
       6
       4
       2
       6
       7
       8
      10
       8
       4
       8
       5
       9
       5
      11
       8
      11
       6
       7
      11
       8
       4
       9
       4
       6
       6
       7
       8
       7
       7
       9
       9
       8
       8
       9
       6
       6
       6
       7
      12
      10
       8
      11
       9
      10
       8
      12
       9
      12
      14
      11
       9
       6
       8
       5
       5
       9
       9
       5
       5
       5
       2
       7
       4
       9
       3
       1
       7
       5
       6
       6
       9
       9
       7
       3
       4
       7
       1
       5
       6
       9
       8
      11
       5
      12
       6
      10
       5
       6
       8
       7
       2
       3
       8
       2
       8
       6
       6
       8
       3
       7
       4
       3
       5
       6
       4
       8
       6
       6
       6
       3
       9
       8
       5
       7
       5
       7
       5
       5
       4
       4
       7
       9
       5
       7
       6
       9
       7
       6
       7
      12
       2
       5
      10
       6
       5
       4
      13
       8
       5
       6
       6
       7
       7
       9
       4
       6
       4
       2
       9
       8
       6
       4
       7
      13
       7
       9
       8
       6
      12
       8
      16
       9
      15
       8
      17
      17
      16
      23
      16
      30
      29
      15
      37
      25
      25
      21
      10
      15
       4
      11
      18
       5
       7
      12
       8
       7
       5
      14
       5
       1
       6
       5
       8
       6
       7
       5
      10
       8
       7
       5
       1
       5
       8
       5
       2
       6
       6
       6
       8
       8
       7
       5
       6
       8
       4
       5
       9
       4
       4
       6
       8
      11
       5
       6
       4
       7
       4
       5
       8
       7
       8
       8
       5
       5
      12
       6
       8
      11
       6
       6
       1
       5
       5
       5
       3
       2
       4
       8
       9
       9
       3
       2
       9
       8
       6
       3
       6
       3
       1
       4
       7
       9
       6
      14
       3
       6
       9
       2
       3
       8
       6
       7
       5
       3
       7
       2
       6
       4
       6
       6
       5
       7
       4
       7
       5
       6
      10
       4
       4
       8
      11
       9
       2
       4
       8
       7
       2
       5
       5
       6
       9
       5
       7
       9
       4
       4
       7
       4
       8
       3
       7
       4
       2
       6
       8
       4
       7
       7
       7
       3
       4
       5
       5
       4
       6
       3
       7
       5
       5
       3
       7
       3
       5
       9
       6
       6
       8
       8
       5
       5
       2
       7
       9
       7
       9
      10
       7
       8
       5
      11
       2
       7
       4
       3
       5
       6
      10
       2
       9
       9
       6
       4
      10
       6
       6
       3
       6
       4
       9
       7
       9
       6
       5
       8
       6
       6
       8
       8
       5
       5
      13
       5
       6
       9
       4
       7
       6
       6
       7
       8
       9
       5
       5
       3
       6
       4
      11
      10
       4
       6
       5
       9
       8
      10
       7
       6
       6
       7
       7
       9
       9
       6
       8
       6
       5
       8
       7
       9
       4
       3
       8
       5
       7
       6
       3
       1
       4
       6
       5
      12
       3
       6
       9
       9
       5
       9
       7
       5
       4
       6
       4
       4
       6
       1
       5
       4
       9
       3
       4
       4
       1
       8
       7
       5
       7
       8
       6
       2
       5
      14
       9
       4
       5
      10
      12
       9
      10
       6
      11
       9
       7
       3
       7
       6
       5
      12
       7
       6
       5
       7
       7
       8
       5
       6
       3
      13
       8
       5
       3
       7
       5
       6
       7
       3
      10
       6
       7
       4
       0
       4
       8
       6
       5
       6
       6
       9
       3
      11
       6
       3
       5
       5
       3
       6
       2
       6
       8
       7
       6
       3
       3
       5
      10
       5
       6
       7
       9
       5
       3
       2
       8
       5
       7
       4
       5
       2
       5
       5
      10
       2
       8
       3
       5
      10
       6
       6
       1
       3
       2
       5
       4
       5
       7
       2
       6
       5
       5
       8
       7
       1
       5
       1
       7
       4
       5
      12
       7
       6
       4
      10
       4
       3
       9
       8
       3
       5
       4
       5
      11
       6
       9
       3
       3
       8
       6
       8
       0
       8
       9
       4
       6
       8
       6
       1
       3
       5
       3
       3
       4
       4
       7
       8
       2
       0
       7
       1
       2
       3
       5
       3
       8
       5
       6
       1
       6
       4
       2
       9
       4
       8
       8
       7
       7
       6
       6
       3
       6
       9
       7
       6
       6
       5
       5
       6
       2
       9
       6
       6
       5
       6
       7
       2
       2
       4
       6
       3
       7
       5
       3
       8
       5
       8
       9
       4
       4
       6
       4
       5
       8
       5
       7
       3
       3
       6
       7
       6
       5
       5
       3
       3
       8
       9
       4
       5
       8
       5
       8
       6
       6
       9
       4
       4
       4
       5
       6
       9
       4
       6
       4
       5
       4
       5
       3
       8
      13
       7
       4
       5
       7
       9
       9
       5
      13
       9
       6
       5
       6
       2
      10
       9
       2
       5
       5
       7
       7
      10
       4
       7
       5
       3
       8
       4
       2
       6
       4
       4
       3
       5
       3
       6
       5
       5
       5
       2
       5
       4
       3
       5
       4
       4
       7
       4
       3
       3
       3
       4
       8
       2
       5
       6
       7
       5
       5
       9
       5
       6
       3
      10
       9
       4
       6
       3
       3
       8
       1
       5
       5
       4
       5
       2
       9
       4
       5
       3
      11
       6
      10
       7
       4
       5
       6
       4
       8
       2
       6
       4
       7
       1
       3
       4
       3
       6
      10
       1
       6
       3
       4
       7
       2
       6
       6
       2
       3
       4
       1
       3
       5
       4
       7
       5
       8
       9
       2
       4
       1
       7
       6
       4
       4
       7
       4
      11
       4
       6
       1
       4
       2
       6
       4
       3
       8
       6
       5
       8
       5
       4
       2
       3
       6
       4
       3
       7
       6
       5
       8
       8
       2
      11
       7
       2
       7
       3
       6
       7
       5
      10
       7
       5
       9
       7
       4
       3
       8
       6
       5
       9
       8
       6
       2
       3
       6
       2
       5
       7
       5
       6
       3
       6
       7
       5
      10
       7
       3
       7
       6
       6
       2
       2
       9
       7
       3
       6
       7
       9
       9
       2
       3
       4
       4
       3
       4
       5
       5
       7
       3
       2
       3
       5
       5
       5
       5
       6
       4
       4
       6
       5
       3
       7
       2
       8
       5
       6
       7
       6
       2
       8
       5
       5
       3
       8
       8
       7
       5
       8
       7
       8
       5
       4
      11
       3
       5
       4
       2
       6
       4
       6
       4
       7
       7
       5
       5
       9
       3
       0
       5
       6
       9
       3
       5
       2
       4
       8
       4
       6
       6
       4
       3
       2
       6
       4
       9
       8
       5
       4
       7
       6
       2
       6
       3
       8
       8
       0
       4
       5
       7
       4
       5
       9
       7
       6
       3
       1
      10
       6
       5
       6
       4
       4
       9
       5
       6
       9
       4
       3
       3
       7
       5
       4
       5
       7
       6
       5
       4
       5
       4
       9
       6
       8
       5
       2
       9
       7
       4
       7
       5
       3
       2
       7
       4
       6
       3
       4
       3
       6
       9
       7
       6
       7
       3
       7
       5
       4
       7
       4
       5
       4
       1
       4
       6
       4
       3
       4
       2
       4
       6
       5
       8
       5
       4
       8
       3
       5
       7
       2
       7
       2
       8
       7
       3
       5
       5
       4
       7
       3
       6
       6
       6
       3
       6
       7
       5
       2
       6
       4
       5
       4
       4
       4
       7
       1
       6
       2
       6
       3
       4
       7
       5
       3
       6
       4
       5
       8
       0
       4
       6
       6
       7
       4
       2
       5
       2
       2
       4
       3
       4
       2
       7
       4
      10
       6
       8
       2
       6
       9
       3
       4
       5
       5
       4
       2
       4
       6
       6
       7
       8
       4
       3
       6
       7
       7
       4
       4
       1
       2
       8
       7
       4
       7
       3
       5
       6
       7
       5
       3
       6
       4
       3
       6
       4
       6
       6
       5
       3
       6
       7
       3
       8
       5
       2
      10
       4
       3
       0
       4
       5
       3
       9
       1
       3
       5
       7
       3
       2
       4
       2
       4
       6
       4
       2
       3
       4
       5
       2
      13
       3
       9
       9
       4
       2
       5
       8
       2
       2
       6
       7
       7
       2
       3
       5
       8
       6
       3
       4
       2
       2
       6
       3
       4
       8
       3
       8
       1
       8
       6
       4
       5
       8
       8
       4
       7
       4
       6
       4
       1
       6
       8
       1
       6
       8
       4
       4
       5
       7
       6
       7
       1
       6
       2
       2
       2
       3
       5
       1
       3
       7
       6
       7
       5
       3
       4
       5
       1
       8
       4
       4
       6
       1
       5
       5
       4
       6
      10
       7
       6
       5
       4
       2
       4
       1
       1
       6
       3
       6
       5
       3
       5
       2
       5
       8
       8
       4
       7
       5
      11
       5
       3
       7
       4
       3
       5
       3
       7
       4
       3
       6
       7
       7
       6
       6
       5
       8
       8
       7
       2
       5
       3
       5
       2
       3
       2
       6
       5
       7
       7
       2
       2
       5
       4
       4
       6
       6
       4
       6
       5
       0
       1
       6
       2
       7
       1
       1
       6
       7
       7
       3
       6
       9
       5
       5
       8
       4
       2
       5
       4
       2
       4
       5
       6
       5
       6
       5
      10
       4
       4
       4
       4
       7
       4
       4
       1
       8
       3
       5
       6
       5
       7
       9
      10
       9
       8
       9
       8
       6
       5
       7
       9
       4
      11
       2
       5
       7
       4
       7
       8
       4
       8
       2
       4
       4
       7
       2
       3
       2
       3
       3
       6
       2
       8
       7
       4
       7
       2
       5
       5
       5
       5
       2
       5
       1
       4
       6
       6
       2
       6
       3
       7
       5
       3
       4
       5
       8
       5
       8
      10
       9
       2
       2
      13
       5
       5
       4
       9
       8
       7
       4
       7
       3
       9
       8
       8
       5
       1
       4
       1
       6
       4
       4
       8
       3
       9
       7
       5
       3
       3
       6
       9
       4
       3
       5
       3
       9
       6
       2
       5
       2
       2
       6
       5
       8
       8
       7
       2
       5
       2
       9
       4
       5
       6
       5
       6
       4
       5
      10
       4
       2
       2
       4
       3
       4
       7
       3
       9
       6
       4
       3
       5
       5
       7
       3
       2
       2
       7
       7
      11
       6
       4
       2
       4
       3
       4
       2
       5
       3
       2
       6
       5
       2
       9
       6
       6
       4
       4
       2
       5
       2
       6
       3
       3
       8
       6
       5
       3
       7
       5
       3
       4
       6
       1
       5
       2
       6
       2
       1
       8
       3
       3
       2
       0
       8
       6
       3
       2
       8
       4
       5
       4
       3
       5
       4
       4
       5
       3
       3
       5
       2
       4
       1
       7
       8
       5
       4
       5
       4
       4
       3
       4
       2
       4
       4
       2
       4
       5
       3
       6
       4
       3
       4
       4
       2
       5
       5
       4
       5
       5
       7
       3
       6
       6
       5
       0
       6
       7
       4
       6
       5
       9
       5
       3
       9
       5
       3
       5
       8
       9
       3
       3
       5
       5
       5
       4
       7
       4
       2
       2
       6
       3
       9
       2
       7
       6
       5
       6
       9
       6
       4
       5
       8
       6
       2
       4
       7
       9
       5
       3
       5
       6
       8
       6
       3
       3
       2
       3
       5
       2
       3
       4
       8
       3
       2
       3
       3
       4
       3
       1
      10
       5
       5
       7
       5
       7
       3
       6
       4
       5
       1
       4
       1
       8
       3
       6
       4
       5
       8
       3
       3
       6
       5
       9
       4
       5
       3
       8
       8
       4
       5
       2
       1
       2
      10
       3
       3
       5
       8
       2
       4
       7
       5
       5
       9
       4
       6
       6
       7
       2
       6
       3
       4
       5
       5
       9
       8
       9
       4
      12
      10
      10
      12
      13
      10
      14
       8
       8
       7
      11
       6
       5
       7
       8
       7
       4
       8
       4
       4
       7
       6
       4
       8
       6
       2
       3
       3
       5
       4
       4
       5
       7
       1
       3
       2
       5
       7
       3
       8
       8
       3
       3
       4
       4
       1
       4
       5
       4
       5
       2
       5
       3
       3
       1
       4
       9
       2
       2
       4
       3
       2
       2
      11
       0
       5
       7
       1
       3
       6
       3
       1
       7
       5
       7
       6
       9
       3
       3
       4
      13
       7
       4
       4
       1
       2
       6
       5
       7
       4
       2
       2
       3
       5
       4
       3
       1
       5
       5
       4
       1
       3
       7
       2
       1
       3
       8
       6
       3
       3
       3
       5
       6
       5
       6
       5
       4
       3
       4
       5
       2
       2
       3
       4
       3
       6
       5
       0
       4
       6
       3
       2
       6
       4
       4
       1
       7
       5
       7
       4
       4
       2
       7
       2
       3
       5
       5
       7
       4
       3
       5
       2
       7
       5
       3
       4
       4
       7
       5
       5
       6
       5
       3
       5
       6
       3
       3
       4
       4
       7
       5
       4
       4
       5
       8
       6
       3
       3
       3
       2
       6
       6
       6
       7
       6
       4
       4
       7
       8
       6
       5
       5
       4
       6
       3
       2
       6
       5
       4
       0
       0
       0
       0
       0
       0
       0
       0
       0
       0
       0
       0
       0
       0
       0
       0
       0
       0
       0
       0
       0
       0
       0
       0
       0
       0
       0
       0
       0
       0
       0
       0
       0
       0
       0
       0
       0
       0
       0
       0
       0
       0
       0
       0
       0
       0
       0
       0
       0
       0
       0
       0
       0
       0
       0
       0
       0
       0
       0
       0
       0
       0
       0
       0
       0
       0
       0
       0
       0
       0
       0
       0
       0
       0
       0
       0
       0
       0
       0
       0
       0
       0
       0
       0
       0
       0
       0
       0
       0
       0
       0
       0
       0
       0
       0
       0
       0
       0
       0
       0
       0
       0
       0
       0
       0
       0
       0
       0
       0
       0
       0
       0
       0
       0
       0
       0
       0
       0
       0
       0
       0
       0
       0
       0
       0
       0
       0
       0
$ROI:
0
$PRESETS:
None
0
0
$ENER_FIT:
-2.173939 0.279251
$MCA_CAL:
3
-2.173939E+000 2.792507E-001 0.000000E+000 keV
$SHAPE_CAL:
3
1.571259E+001 -1.155430E-003 0.000000E+000
