$SPEC_ID:
226Ra
$SPEC_REM:
DET# 1
DETDESC# MCB 132 Input 1
AP# Maestro Version 6.06
$DATE_MEA:
12/14/2021 10:42:17
$MEAS_TIM:
179148 179163
$DATA:
0 8191
       0
       0
       0
       0
       0
       0
       0
       0
       1
       1
       0
       0
       0
       0
       0
       0
       0
       0
       0
       0
       0
       0
       0
       0
       0
       0
    1396
   12545
    1241
     415
     355
     377
     385
     404
     394
     435
     402
     412
     399
     392
     453
     449
     568
     481
     413
     337
     336
     306
     283
     308
     298
     297
     325
     333
     329
     297
     224
     260
     245
     236
     247
     246
     236
     240
     233
     245
     226
     210
     179
     194
     211
     221
     215
     189
     199
     181
     172
     207
     188
     187
     186
     190
     158
     169
     179
     175
     166
     160
     163
     189
     178
     179
     172
     149
     176
     154
     153
     144
     172
     151
     122
     132
     168
     149
     173
     134
     142
     128
     147
     140
     136
     122
     121
     119
     150
     132
     129
     108
     121
     136
     125
     129
     130
     119
     126
     138
     126
     135
     151
     110
     113
     125
     115
     102
     128
     137
     107
     101
     134
     117
     105
     125
     100
     102
     105
     112
     120
     132
     118
     108
     124
     135
     119
     108
     119
     120
     111
     118
     104
      97
     110
     111
     104
     125
     122
     112
     106
      97
     104
     130
     141
     174
     209
     222
     191
     129
     107
      95
     101
     138
      94
     127
     110
     123
     108
     118
     119
     129
     108
      98
      93
     108
     114
     111
     122
     113
     133
     152
     149
     134
     141
     131
      99
     119
     131
     111
      93
     104
     115
     106
     102
     118
     106
     104
      89
     124
     120
     124
     121
     164
     148
     131
     109
     134
     122
     113
     118
     116
     116
     123
     184
     214
     335
     333
     279
     196
     114
     111
      99
     125
     122
     109
     114
     134
     114
     124
     105
     125
     106
     102
     121
     136
     132
     127
     117
     136
     112
     153
     133
     120
     129
     133
     135
     144
     133
     146
     153
     181
     177
     152
     130
     146
     178
     210
     219
     228
     175
     145
     111
     139
     155
     153
     188
     183
     174
     127
     126
     127
     140
     125
     157
     139
     128
     126
     127
     149
     124
     146
     143
     149
     124
     125
     148
     129
     159
     150
     173
     182
     201
     225
     191
     185
     156
     143
     126
     136
     145
     169
     169
     184
     157
     154
     115
     132
     133
     125
     148
     176
     153
     171
     151
     139
     120
     151
     188
     290
     520
     664
     592
     519
     333
     220
     154
     145
     160
     135
     129
     135
     144
     124
     144
     136
     150
     106
     131
     126
     137
     157
     172
     136
     122
     142
     151
     113
     126
     136
     140
     124
     111
     120
     121
     120
     122
     141
     117
     121
     129
     138
     134
     124
     148
     137
     143
     147
     148
     130
     145
     127
     116
     137
     133
     139
     121
     134
     121
     152
     148
     134
     152
     156
     131
     140
     152
     135
     140
     138
     125
     170
     127
     168
     170
     152
     139
     140
     137
     147
     150
     130
     151
     169
     148
     132
     131
     125
     156
     140
     126
     123
     146
     123
     155
     136
     137
     149
     120
     134
     147
     146
     130
     133
     155
     118
     133
     117
     126
     134
     127
     141
     137
     147
     142
     128
     126
     126
     144
     151
     138
     137
     127
     126
     145
     152
     140
     131
     153
     133
     120
     141
     147
     148
     142
     148
     137
     144
     163
     142
     125
     134
     143
     153
     147
     135
     128
     127
     133
     144
     143
     130
     145
     132
     157
     136
     127
     132
     118
     145
     135
     140
     121
     140
     122
     131
     132
     133
     150
     149
     159
     152
     163
     144
     149
     171
     142
     113
     172
     118
     140
     147
     159
     198
     212
     199
     215
     170
     153
     110
     143
     129
     145
     143
     155
     134
     135
     113
     132
     123
     139
     130
     126
     141
     132
     126
     136
     133
     131
     131
     117
     137
     135
     150
     154
     134
     151
     138
     138
     138
     122
     131
     125
     125
     140
     130
     146
     139
     120
     149
     135
     138
     123
     143
     128
     132
     142
     138
     147
     141
     141
     159
     129
     138
     146
     148
     125
     124
     138
     153
     129
     131
     124
     148
     161
     164
     153
     135
     128
     129
     131
     118
     135
     122
     127
     129
     125
     119
     119
     119
     121
     144
     139
     134
     138
     147
     107
     141
     130
     126
     143
     142
     132
     136
     128
     124
     131
     142
     134
     115
     107
     108
     119
     134
     132
     130
     125
     106
     121
     130
     125
     123
     127
     137
     115
     136
     132
     129
     126
     133
     136
     105
     141
     126
     116
     125
     116
     122
     139
     117
     142
     105
     126
     139
     148
     117
     119
     146
     143
     123
     129
     138
     236
     363
     525
     536
     440
     283
     175
     146
     114
     131
     133
     106
     126
     114
     111
     108
     148
     120
     137
     129
     121
     135
     128
     126
     110
     102
     129
     123
     108
     110
     109
     104
     113
     126
     134
     126
     112
     130
     114
     111
     118
     111
     117
     116
     110
     132
     154
     133
     143
     135
     121
     120
     126
     133
     124
     120
     126
     118
      99
     111
     117
     128
     123
     127
     133
     127
     119
     135
     112
     122
     131
     154
     164
     154
     163
     128
     126
     116
     122
     128
     108
     114
     107
     110
     101
     106
     140
     130
     126
     117
     120
     112
     129
     109
     113
     101
     115
     128
     105
     100
     106
     116
      98
     111
      96
     100
     100
     145
     108
     103
     127
     118
     122
     119
     110
     128
     107
     127
     106
     102
     109
     103
      98
     107
     105
     104
     122
     120
     109
     102
     102
     129
     104
     116
      84
     124
     111
     108
     112
     107
     104
      94
      95
     101
     108
      98
     100
     103
     108
     118
     100
     109
     105
      99
      96
     112
     133
      92
     104
     117
      94
      89
     106
     109
     100
     106
      93
     124
      91
      90
      97
     101
     106
     113
     106
      94
     108
     100
     111
     107
     103
      96
      88
      94
      87
     100
      98
     114
     126
     144
     157
     239
     285
     228
     190
     131
      96
     110
     111
     116
     108
     115
     119
     101
     104
      98
     115
      93
     110
     113
      92
      94
      82
     102
      93
     100
      92
      86
      99
      91
     106
     137
     101
      94
     105
      94
      94
     100
     102
      82
      98
      86
     104
     103
      79
      86
      91
      99
     101
     104
     109
      91
      90
      87
      79
      97
     101
      98
     102
      82
      91
      94
      96
      94
      99
      90
      93
      92
      91
      90
     116
      86
     102
     100
      80
      87
      92
     104
      91
     104
      96
      90
      93
      92
      94
      71
      94
      73
      87
      90
      71
      97
      94
      92
      92
      77
      87
     100
      82
      84
     104
      98
      88
      93
      72
      79
      77
      87
      89
      78
      74
      88
     106
     102
     101
     103
      96
      95
      85
      94
     101
      91
     101
      81
      98
      81
      74
      86
      86
      72
      94
      84
      91
      93
      68
      78
     108
      79
      73
      76
      79
      85
     109
      80
     104
      75
      80
     113
      89
      91
      74
      77
      64
      74
      90
      99
      76
      69
      73
      94
      75
      84
      79
      90
      91
      76
      76
      79
      75
      94
      85
      81
      84
      76
      86
      64
      87
      72
      74
      73
      78
      91
      79
      75
      70
      86
      70
      79
      68
      74
      90
      76
      81
      76
      74
      71
      93
      81
      72
      90
      76
      84
      95
     102
      92
      83
      91
      79
      94
      87
      78
      81
      76
      73
      68
      87
      80
      78
      73
      84
      82
      72
      77
      89
      93
      74
      97
      76
      77
      74
      72
      98
      89
      65
      74
      68
      79
      79
      75
      79
      78
      67
      87
      86
      75
      84
      91
      69
      71
      70
      84
      84
      75
      78
      77
      90
      80
      84
      89
      71
      73
      60
      62
      82
      74
      75
      85
      75
      77
      67
      86
      62
      77
      68
      67
      57
      79
      54
      64
      60
      76
      71
      83
      93
      72
      79
      74
      69
      71
      67
      75
      76
      63
      80
      65
      89
      73
      80
      68
      63
      74
      75
      80
      76
      68
      67
      72
      86
      77
      61
      55
      60
      79
      65
      73
      75
      53
      70
      74
      73
      83
      79
      86
      89
      72
      62
      64
      70
      67
      73
      88
      73
      53
      66
      72
      74
      69
      71
      65
      89
      74
      66
      77
      71
      63
      77
      78
      63
      74
      73
      65
      61
      64
      61
      67
      72
      76
      80
      90
     119
      97
      76
      75
      71
      64
      73
      68
      66
      69
      69
      73
      69
      67
      66
      73
      51
      69
      65
      52
      65
      65
      72
      69
      54
      59
      65
      79
      66
      67
      61
      65
      75
      78
      64
      59
      60
      63
      60
      84
      47
      70
      73
      67
      66
      86
      83
      85
     104
      73
      82
      89
      78
      49
      62
      58
      78
      72
      65
      53
      62
      78
      64
      52
      74
      70
      60
      59
      57
      65
      66
      66
      74
      56
      56
      67
      72
      52
      62
      67
      68
      60
      64
      67
      54
      59
      59
      52
      50
      66
      56
      58
      63
      53
      62
      64
      66
      59
      53
      53
      73
      62
      57
      53
      66
      59
      61
      48
      49
      63
      61
      62
      67
      49
      55
      60
      47
      51
      60
      76
      55
      47
      64
      54
      64
      50
      63
      55
      56
      56
      67
      57
      61
      52
      49
      75
      53
      55
      47
      67
      66
      55
      61
      58
      50
      54
      55
      53
      46
      61
      51
      61
      56
      56
      59
      49
      48
      50
      56
      57
      58
      64
      56
      67
      65
      49
      51
      69
      53
      47
      50
      58
      52
      55
      53
      73
      60
      72
      49
      50
      74
      57
      39
      51
      46
      60
      64
      63
      45
      52
      61
      50
      55
      42
      66
      64
      48
      54
      70
      51
      48
      56
      65
      60
      58
      60
      50
      56
      54
      53
      50
      48
      43
      54
      74
      56
      53
      61
      48
      51
      54
      56
      68
      66
      62
      55
      49
      54
      73
      50
      63
      61
      57
      56
      48
      59
      50
      51
      45
      67
      51
      58
      69
      58
      50
      46
      49
      46
      64
      52
      46
      44
      54
      62
      57
      76
      58
      51
      59
      48
      51
      43
      50
      49
      63
      54
      50
      51
      42
      52
      52
      50
      58
      47
      58
      49
      53
      59
      62
      67
      53
      47
      54
      40
      51
      44
      50
      43
      46
      56
      44
      55
      50
      52
      51
      53
      49
      48
      50
      54
      42
      49
      51
      49
      45
      50
      48
      52
      53
      42
      54
      67
      41
      54
      42
      61
      57
      63
      58
      68
      49
      52
      53
      55
      45
      54
      35
      44
      48
      66
      53
      48
      52
      54
      57
      74
      65
      92
     147
     189
     286
     357
     343
     266
     166
     105
      72
      58
      54
      55
      46
      45
      49
      36
      48
      42
      50
      48
      45
      37
      44
      50
      54
      47
      34
      50
      34
      43
      42
      47
      64
      57
      46
      50
      62
      37
      52
      40
      45
      61
      57
      56
      44
      53
      37
      40
      43
      45
      57
      46
      50
      56
      52
      38
      42
      54
      45
      45
      49
      42
      46
      55
      50
      51
      46
      59
      62
      43
      53
      49
      39
      45
      36
      36
      39
      53
      38
      49
      36
      36
      52
      54
      50
      49
      44
      43
      54
      38
      34
      55
      41
      42
      49
      57
      55
      43
      56
      45
      46
      46
      51
      40
      44
      62
      49
      57
      59
      46
      51
      53
      41
      44
      49
      51
      48
      45
      44
      32
      52
      53
      51
      49
      46
      40
      50
      44
      53
      33
      46
      43
      43
      46
      45
      49
      36
      52
      39
      43
      39
      45
      60
      47
      39
      45
      48
      50
      55
      39
      43
      43
      36
      55
      52
      36
      44
      57
      32
      48
      40
      52
      35
      46
      48
      43
      34
      39
      48
      40
      36
      47
      37
      49
      48
      47
      49
      36
      36
      38
      38
      45
      46
      41
      42
      50
      46
      45
      33
      39
      36
      50
      54
      51
      41
      47
      42
      40
      40
      43
      49
      41
      37
      40
      50
      34
      41
      56
      36
      44
      49
      53
      33
      37
      39
      33
      45
      37
      45
      34
      30
      42
      41
      42
      41
      39
      39
      42
      44
      37
      42
      43
      41
      45
      42
      41
      36
      46
      45
      43
      41
      35
      47
      38
      40
      39
      50
      35
      41
      41
      31
      44
      47
      35
      38
      41
      37
      51
      46
      42
      38
      50
      57
      51
      49
      43
      47
      56
      61
      68
      64
      81
     100
     144
     146
     210
     298
     298
     297
     271
     301
     267
     254
     201
     177
     125
      91
      80
      52
      55
      49
      58
      56
      42
      47
      35
      40
      44
      40
      41
      37
      41
      29
      35
      36
      43
      44
      33
      28
      29
      36
      34
      35
      29
      39
      26
      46
      27
      30
      39
      43
      32
      35
      38
      35
      34
      34
      28
      33
      32
      32
      32
      28
      50
      39
      54
      35
      43
      38
      35
      34
      40
      35
      34
      38
      32
      42
      39
      31
      38
      41
      40
      36
      40
      40
      34
      47
      32
      35
      25
      32
      31
      35
      43
      48
      42
      30
      28
      33
      39
      31
      37
      39
      39
      38
      35
      34
      31
      29
      33
      34
      38
      31
      33
      35
      35
      41
      46
      32
      38
      42
      34
      37
      27
      27
      36
      41
      25
      36
      36
      22
      30
      34
      34
      34
      33
      37
      27
      36
      34
      31
      33
      32
      38
      26
      35
      25
      28
      37
      27
      27
      25
      28
      22
      31
      42
      38
      29
      27
      34
      35
      35
      19
      31
      31
      33
      25
      33
      23
      31
      36
      37
      37
      38
      36
      39
      33
      49
      21
      36
      25
      27
      34
      34
      33
      28
      26
      37
      27
      31
      28
      37
      25
      34
      31
      24
      37
      30
      30
      26
      23
      26
      33
      34
      44
      35
      35
      42
      29
      36
      43
      24
      30
      37
      36
      42
      57
      48
      62
      57
      66
      42
      50
      38
      36
      26
      34
      22
      38
      31
      30
      26
      24
      29
      27
      29
      29
      32
      32
      34
      23
      35
      37
      29
      43
      36
      22
      27
      32
      31
      31
      37
      23
      32
      26
      29
      36
      33
      34
      26
      36
      34
      33
      41
      41
      63
      68
      69
      66
      60
      40
      39
      26
      40
      32
      38
      27
      29
      23
      26
      27
      35
      31
      26
      27
      40
      22
      31
      26
      37
      28
      29
      34
      33
      30
      25
      22
      34
      22
      38
      33
      33
      37
      34
      25
      27
      40
      27
      27
      21
      40
      20
      40
      29
      28
      36
      29
      38
      31
      44
      47
      28
      41
      30
      38
      38
      26
      36
      34
      23
      33
      39
      31
      22
      28
      36
      28
      33
      29
      30
      17
      23
      38
      39
      34
      40
      35
      27
      37
      26
      36
      33
      35
      39
      40
      33
      29
      39
      45
      57
      37
      52
      37
      51
      37
      32
      33
      36
      32
      29
      33
      36
      41
      66
      76
     121
     174
     223
     213
     208
     155
     119
      80
      51
      39
      25
      33
      20
      28
      27
      25
      21
      29
      36
      31
      24
      23
      30
      34
      25
      34
      26
      33
      29
      32
      22
      23
      31
      23
      28
      37
      26
      28
      38
      33
      33
      22
      26
      21
      23
      26
      32
      38
      19
      41
      23
      29
      36
      29
      28
      20
      27
      36
      30
      28
      26
      34
      24
      31
      27
      29
      28
      26
      31
      32
      24
      16
      22
      29
      36
      25
      34
      15
      26
      27
      31
      20
      25
      31
      24
      34
      27
      27
      20
      27
      31
      28
      33
      20
      27
      39
      31
      28
      25
      27
      27
      18
      24
      21
      15
      33
      17
      25
      29
      27
      35
      28
      27
      31
      26
      27
      20
      27
      25
      28
      25
      33
      29
      28
      27
      20
      35
      29
      25
      23
      23
      17
      16
      17
      31
      25
      22
      22
      28
      24
      21
      31
      29
      31
      29
      20
      25
      25
      17
      20
      28
      23
      30
      26
      26
      31
      23
      30
      26
      26
      33
      30
      32
      26
      34
      32
      37
      62
      90
     132
     168
     235
     294
     303
     279
     188
     138
      89
      55
      38
      28
      30
      27
      14
      28
      22
      24
      25
      16
      31
      23
      19
      34
      26
      21
      24
      31
      35
      30
      27
      22
      37
      22
      29
      22
      23
      24
      25
      27
      23
      18
      23
      23
      20
      21
      16
      22
      27
      35
      24
      27
      25
      26
      19
      32
      17
      23
      30
      22
      21
      29
      22
      26
      23
      20
      19
      26
      13
      23
      28
      23
      22
      22
      22
      23
      19
      27
      15
      25
      17
      29
      27
      25
      29
      31
      32
      32
      30
      18
      24
      23
      13
      14
      30
      18
      21
      22
      18
      20
      27
      29
      22
      25
      20
      26
      27
      16
      26
      31
      20
      25
      26
      28
      23
      18
      25
      37
      31
      27
      30
      29
      33
      39
      28
      21
      20
      20
      36
      33
      27
      24
      36
      21
      26
      26
      38
      34
      34
      25
      41
      25
      27
      22
      19
      29
      28
      34
      23
      29
      23
      27
      15
      24
      24
      17
      28
      20
      25
      29
      27
      23
      28
      25
      19
      22
      36
      19
      24
      29
      24
      30
      30
      26
      21
      21
      23
      21
      28
      19
      30
      20
      24
      18
      25
      32
      21
      30
      18
      25
      16
      27
      16
      35
      24
      30
      25
      27
      17
      26
      23
      23
      34
      25
      25
      27
      27
      23
      23
      21
      25
      26
      22
      26
      30
      26
      29
      48
      77
     122
     153
     162
     168
     190
     156
     122
      91
      51
      48
      30
      32
      22
      30
      17
      24
      31
      25
      24
      23
      30
      32
      21
      30
      20
      22
      19
      21
      22
      16
      23
      29
      24
      15
      19
      19
      26
      24
      19
      26
      16
      16
      23
      25
      17
      16
      16
      22
      25
      19
      23
      19
      33
      21
      24
      26
      24
      19
      29
      18
      20
      20
      22
      23
      25
      24
      25
      23
      22
      21
      23
      24
      24
      20
      29
      21
      24
      22
      19
      20
      33
      25
      19
      20
      23
      25
      22
      22
      19
      25
      23
      21
      23
      25
      22
      22
      26
      34
      24
      24
      14
      27
      20
      24
      36
      20
      17
      19
      25
      27
      21
      24
      18
      18
      14
      27
      27
      16
      19
      21
      21
      17
      26
      18
      20
      28
      19
      17
      20
      20
      15
      24
      25
      18
      29
      25
      21
      17
      21
      24
      19
      15
      16
      21
      28
      16
      23
      24
      27
      22
      18
      25
      27
      18
      24
      25
      26
      32
      35
      39
      37
      36
      23
      19
      21
      27
      16
      25
      23
      23
      19
      22
      26
      21
      17
      22
      25
      26
      20
      20
      29
      25
      20
      22
      20
      29
      15
      14
      28
      13
      13
      21
      23
      17
      24
      22
      20
      20
      15
      22
      10
      19
      18
      18
      19
      22
      20
      22
      21
      22
      16
      22
      19
      29
      22
      24
      22
      20
      22
      20
      24
      20
      22
      16
      24
      18
      20
      22
      30
      26
      21
      27
      17
      21
      24
      17
      21
      15
      25
      21
      21
      28
      22
      25
      19
       9
      27
      20
      12
      16
      20
      17
      22
      31
       8
      24
      21
      15
      22
      18
      18
      26
      23
      22
      20
      19
      17
      18
      15
      25
      24
      28
      11
      14
      17
      14
      19
      19
      26
      20
      23
      26
      21
      17
      14
      14
      21
      20
      17
      20
      17
      23
      28
      15
      18
      18
      18
      16
      22
      20
      19
      14
      19
       9
      22
      23
      23
      17
      19
      17
      21
      16
      19
      27
      16
      18
      13
      19
      19
      25
      17
      18
      14
      11
      21
      33
      18
      18
      17
      17
      16
      21
      22
      19
      16
      15
      15
      21
      20
      28
      17
      25
      17
      13
      18
      22
      17
      10
      18
      22
      14
      19
      18
      25
      19
      29
      11
      24
      19
      15
      15
      21
      10
      14
      11
      15
      25
      19
      18
      23
      17
      11
      21
      18
      25
      16
      16
      12
      17
      16
      15
      20
      20
      14
      20
      13
      20
      23
      19
      34
      20
      23
      22
      23
      12
      25
      13
      21
      16
      15
      11
      16
      23
      22
      16
      15
      20
      18
      13
       9
      21
      23
      18
      13
      20
      23
      18
      14
      28
      21
      19
      24
      15
      20
      21
      27
      22
      20
      20
      18
      21
      18
      14
      22
      20
      28
      21
      22
      26
      13
      19
      13
      20
      24
      23
      17
      16
      14
      14
      20
      16
      26
      17
      13
      23
      19
      31
      19
      16
      15
      25
      19
      19
      13
      18
      18
      15
      21
      15
      24
      19
      17
      18
      26
      17
      18
       7
      28
      20
      21
      18
      17
      25
      23
      17
      18
      18
      11
      16
      16
      25
      29
      24
      27
      25
      23
      20
      27
      23
      22
      16
      18
      19
      16
      11
      23
      12
      20
      20
      21
      17
      16
      27
      14
      16
      22
      15
      18
      23
      17
      22
      15
      17
      26
      18
      13
      20
      24
      20
      24
      15
      21
      16
      24
      23
      21
      22
      22
      11
       9
      22
      18
       9
      11
      21
      17
      16
      19
      14
      17
      17
      20
      15
      13
      17
      12
      15
      10
      24
      24
      16
      15
      16
      10
      25
      21
      22
      14
      17
      13
      14
      25
       9
      15
      18
      20
      10
      23
      13
      20
      12
      14
      24
      16
      11
      19
      14
      17
      12
      16
      20
      15
      22
      12
      27
      14
      23
      13
      12
      15
      16
      22
      16
      18
      20
      15
      12
      21
      20
      16
      15
      17
      21
      18
      11
      16
      17
      13
      13
      11
      16
      16
      26
      13
      15
      14
      18
      19
      16
      15
      15
      18
      20
      16
      20
      20
      26
      12
      17
      13
      19
      17
      27
      16
      14
      14
      18
      18
      13
      12
      12
      15
      26
      17
      16
      20
      19
      14
      21
      16
      17
      27
      16
      15
      15
      19
      16
      15
      22
      10
      24
      25
      28
      35
      32
      29
      44
      37
      32
      21
      32
      23
      20
      20
      15
      15
      13
       9
      11
      14
      17
      19
      11
      15
      16
      25
      25
      16
      13
      12
      16
      19
      15
      18
      20
      22
      13
      15
      17
       8
      11
      15
       9
      13
      11
      17
      16
      19
      21
      19
      21
      18
      16
      19
      17
      15
      19
      14
      14
      22
      23
      25
      16
      19
      20
      19
      16
      10
      10
      14
      16
      15
      21
      14
      18
      12
      15
      19
      16
      12
      12
      16
      12
      21
      17
      18
      23
      16
      17
      11
      15
      20
      19
      15
      15
      22
      18
      17
      21
      17
      23
      18
      19
      18
      17
      22
      11
      14
      16
       9
      16
      18
      11
      17
      14
       7
      13
      13
      17
       9
      14
      20
      19
      15
      12
       9
      12
      15
      12
      17
      18
      14
      15
      15
      19
      12
      19
      12
      10
       7
      17
      16
      17
      11
      13
      21
      13
      15
      11
      15
       9
      17
      15
      17
      11
      15
      13
      20
      13
      20
      20
      11
       7
      16
      14
      15
      13
       9
      11
      13
      14
      14
      23
      14
      19
      18
      16
      20
      10
      17
      10
       9
      10
      18
      14
      18
      21
      14
      18
      21
      25
      16
      13
      15
      16
      14
      13
      20
      17
      19
      17
      16
      20
      21
      16
      17
      12
      28
      15
      20
      20
      13
      21
      28
      22
      24
      25
      17
      14
      23
      10
      17
      14
       8
       9
      16
      13
       8
      14
      15
      13
      15
      12
      15
      14
       7
      13
      15
      11
      22
      12
      16
      17
      17
      15
      11
       7
      16
      10
      17
      20
      12
      18
      12
       9
      22
      11
      10
      10
      12
      17
      13
      13
      10
      14
      17
      11
      14
      21
      15
      13
      13
       5
      19
      11
      12
      10
      14
      12
      13
      18
      18
      19
      17
      18
      10
      10
      18
       6
      12
      17
      16
      13
      19
      16
      24
      19
      12
      11
      12
       8
      13
      16
      18
      14
      15
      15
      12
      13
      22
      14
      12
      17
      14
       9
      19
      15
      13
      12
      16
      21
      14
      16
      13
      35
      31
      30
      24
      45
      34
      27
      16
      28
      21
      10
      22
      17
      15
      12
      11
      12
      12
      17
      20
      10
      11
      11
       7
      14
       8
      15
      18
      13
      14
      18
       7
       8
      13
      20
       9
       6
      12
      15
       8
      11
      14
      12
       7
      12
      12
      14
      11
      11
       6
      23
      13
      12
      16
      15
      17
      15
      12
      13
      15
       7
      19
      16
      14
      20
      13
      13
      17
      13
       8
      18
      11
       5
      13
       9
      21
       6
      12
      15
      20
      13
      14
      16
      10
      21
      17
      13
      19
      13
      10
      11
      13
      14
       8
      12
      18
      16
      10
      14
       9
      14
      10
      18
       6
       9
      19
      14
       8
      13
      12
      14
       6
      15
      11
      17
       9
      20
      14
      14
      18
      19
      12
      15
      15
      13
      15
       5
      15
      15
      11
      12
      13
      11
      10
      12
      13
      18
      19
      11
      13
      12
      21
      16
      22
       8
      17
      14
      14
      10
      15
      18
      17
      11
       8
       9
      10
      15
      10
      18
      13
      17
       8
      14
      21
      17
      12
      11
      11
      16
      23
      12
      17
      13
       7
      14
      13
      13
      15
      17
      17
      13
      14
      12
      17
      13
       7
      13
       9
      10
      12
      13
       8
      13
      23
      15
      18
      12
       8
      11
      10
      10
      16
       9
       9
      11
      15
      16
       9
      13
       9
       7
      12
      16
       9
       8
      13
      10
      13
      11
      16
      17
      13
       6
      24
      23
      30
      21
      13
      27
      32
      23
      22
      15
      20
      15
      13
      13
      13
      16
      11
      11
      11
      14
      10
      13
      10
      18
       8
       8
      14
      11
       7
       6
      15
      13
      11
      13
      17
       7
      14
      13
       8
      19
       8
      12
      12
      14
      17
      17
      10
      15
       9
       6
      12
      13
      21
       9
      16
      12
      13
      13
      10
       9
      18
      18
      20
      12
      17
       8
      13
      11
       9
      12
      10
       8
      19
      14
      13
       9
      21
       7
      18
      18
      11
      16
      11
       5
      12
      13
      10
      13
      11
      17
      14
      16
      12
      12
      12
      13
      10
      13
      15
      12
      12
      12
      10
       8
      13
      12
      11
      11
      10
      17
      12
      14
       5
      16
      14
      13
      10
      10
      13
       6
      15
       7
       8
      12
      14
      12
      13
      13
       9
      13
      11
      13
       9
      12
      18
      15
       5
      17
      11
      14
       9
      12
      13
      15
      12
      10
      11
      15
       9
      17
      10
      16
      13
       7
      12
      10
      10
      10
       9
      14
      16
      22
      12
      15
      13
      13
      12
      14
      15
      14
      10
      10
      18
      12
      12
      10
      14
      10
       8
      11
      11
      12
      14
      12
      16
      11
      18
      11
      16
      13
       7
      12
       9
      16
      13
      13
       9
       9
      14
       9
       7
      15
       9
      22
      15
      21
      15
       9
      23
      19
      15
      15
      17
      13
      13
      13
      10
      12
      14
      16
      14
      12
      11
       5
      16
      15
      13
      14
      13
      11
      11
      19
      13
      10
       5
       9
      10
      20
      13
      10
      11
      10
      12
      19
       7
       9
      20
       5
      12
      14
       8
      12
      11
      13
      12
      18
       9
      15
      11
      13
       9
       7
      13
      14
      15
      19
      14
       8
       7
       6
       9
       3
       8
       4
      14
      14
       8
      15
       7
       9
       9
      10
      10
      10
       6
      13
      14
       6
      13
       9
      13
      12
      13
      11
       9
       8
      11
      10
       9
      11
      10
      13
      16
       8
      10
      11
       9
       8
      11
      13
      15
      14
      14
      12
      15
       9
      12
      15
      13
      10
      10
      12
      11
      15
       9
      12
      12
      11
       9
      13
      12
      10
      13
      10
      15
      13
      14
       7
      13
       9
      20
      16
      15
      16
       8
      10
      14
      11
      14
      13
      15
      12
      12
      12
      14
       6
       9
       9
      11
       8
       7
      11
      15
       6
       7
      16
      11
      17
       6
      18
      16
      13
       9
      14
      10
      13
      16
      11
      11
      13
      13
      11
      13
      11
       7
      13
       9
      17
      10
      13
      11
      14
      17
      15
      16
      13
      14
      16
      18
      14
      14
       9
       8
       9
       6
       5
      11
      10
      13
       9
       8
       8
       9
      12
      14
      13
      13
      11
      12
      13
      11
      10
       8
       9
      14
       9
      11
      11
      13
       9
      14
      15
      14
      14
      13
      15
      12
       6
      11
       6
      11
      14
      11
       8
      18
       9
      14
      13
      11
      16
      12
       9
      10
      13
      10
      12
       7
      17
       9
      13
      13
      13
      13
      22
      11
      11
      15
      13
      12
      13
       8
      15
      11
       8
       9
      11
       6
      10
      16
      10
      14
      14
      12
      11
      11
      13
       4
      19
       9
       8
       5
      13
       9
      12
      10
      14
      11
      10
       8
      17
      19
       5
      12
       8
      13
      14
      10
      16
       9
       6
      10
      11
      11
      10
      12
      11
      12
      13
      10
      10
      12
      14
      13
      16
      12
       9
      12
      13
      11
      14
       5
      13
      19
      10
      15
      15
      14
      15
       7
       8
      12
       8
      11
       9
      12
      12
      11
      12
      10
      14
       8
       8
      15
      12
      13
       8
      11
      11
      13
       5
       7
       9
      10
      17
      16
      15
      12
      12
       7
       4
       8
      11
      10
      13
       8
      10
      11
       7
      15
      17
       8
       8
       6
      10
      10
      17
       8
      11
      10
       7
       9
      14
      10
       7
       4
       7
      10
       9
       7
      10
      14
      10
       9
      13
       7
      11
      10
       3
       7
      13
      10
      10
      10
      14
      12
      10
       8
       6
       9
       9
       6
      11
      19
      14
       8
      13
      16
      14
      17
       8
      17
      19
      13
      12
       5
      11
      16
       8
      11
      13
       7
      12
      10
       6
       9
      11
      11
      17
      17
      12
      14
       7
       8
      11
       9
       9
       6
      10
       6
       7
      12
      11
      10
      10
      14
       5
      15
       9
      17
      10
       7
      13
       9
      17
      10
       9
      11
       8
      10
      11
      14
      10
      15
       7
       7
      16
       9
      11
      13
      10
      11
      10
      12
       8
      11
       9
      16
      10
      10
       5
       9
      11
       8
      10
      10
       4
       6
      16
      12
       7
       8
      13
      17
      15
      12
       7
       8
      12
       9
      10
       7
       5
      13
       8
      10
       8
      15
       7
      14
       9
       8
       9
       8
      10
      13
      11
       7
       5
       9
      10
      10
      10
       7
      12
       4
      12
       9
       7
       7
      11
      14
       8
       5
       8
       8
       9
      10
       5
       9
       7
       8
      14
      13
       7
       9
      11
       8
      14
       4
      10
      13
       5
      13
       8
       8
       7
       5
       7
      16
       6
       7
      13
      12
       9
       9
      12
      14
      13
      10
       8
       6
      19
      13
      10
       5
       8
       9
      12
      10
      10
       7
      11
       6
       4
       8
       5
       8
       5
       7
       8
       9
      11
      12
      13
      10
       4
       5
      15
       7
      10
       5
      13
       2
       7
      11
       6
      14
       6
      10
       5
      11
       3
       8
      11
       7
       9
      10
      13
      15
      10
       6
       8
      14
       7
       9
       4
      11
      11
       9
       9
      10
       9
       7
      13
       8
       6
      10
       7
       8
       5
       9
       3
      12
       9
      14
       8
      11
       8
       8
       6
       7
       7
       8
      10
       8
       9
       7
      12
       6
      13
       9
      17
      10
      14
       8
       7
       7
      11
      12
       8
      15
       7
      10
       7
       9
       8
       5
       5
      10
       8
       7
      15
       8
      11
      12
      13
      10
       6
      10
       8
       6
       9
      10
      10
       8
       8
      12
       9
      10
      11
      10
      11
       7
       5
       4
       5
      12
      10
      11
       8
      11
       8
      11
       8
       6
      12
      11
       9
      11
      12
       5
       7
      10
      10
       8
       9
       8
       5
       6
      11
       4
      12
       6
      15
       8
       6
       9
       9
       8
       8
      11
      12
       9
       6
       6
       8
      11
      10
       9
       7
       9
       5
       9
      13
      11
       5
       6
      13
       4
      10
       4
       4
       7
       9
       9
       6
      10
       5
      13
       7
      10
       9
      11
      12
      13
      12
       6
       5
      15
       8
      12
       8
       6
       8
      11
      14
       6
       2
      10
       8
       9
      12
       6
       9
       9
       7
       6
       6
      12
       9
       5
      12
       5
      14
       7
       7
       4
      13
       5
      10
       9
       4
      10
       6
       8
       8
       9
      12
       8
       6
      10
      11
       9
       7
       8
       9
       7
       7
       8
       7
       5
       6
       6
       7
       7
       2
       7
       9
       7
       8
       6
      12
       8
       8
      11
       9
      12
       5
       8
       7
       3
       5
      14
       9
      13
       9
       7
       8
       7
       8
      10
      10
       4
      15
      13
       7
       8
      14
       4
       9
       3
      17
       5
      13
       2
       8
       7
       5
       6
       6
       6
      11
       6
       3
       7
       3
       9
       9
      12
       9
       6
      15
       8
       5
      11
      14
      11
      11
       8
       7
       8
      16
      14
       9
      14
      18
       6
       9
       9
      15
       7
       9
      11
       4
       7
       7
      13
       9
       7
       7
      11
      12
       5
       3
       9
      11
       2
      11
       7
       6
       7
      11
      11
       7
      12
      12
       9
       3
       5
       6
      10
       8
       4
       3
       6
       7
      13
      10
       7
       3
       7
      17
       9
       2
       7
       4
       3
       9
       9
      14
      13
       9
       4
       7
      10
       9
       2
       5
       7
       6
       8
      11
       4
       9
       9
       7
       4
       7
       4
       5
       8
       5
      10
      12
       3
      10
       8
       5
       7
       8
       5
       9
       7
       9
      10
      10
      12
       6
       9
       9
       9
      11
       4
       9
      10
       7
      10
       1
      11
       7
       7
      10
       6
      11
       6
       9
      11
       9
       7
       7
      10
       9
      13
       7
      11
       9
      12
      11
       4
       7
       4
      11
       8
      12
       5
       6
      13
       3
       9
       9
       7
       5
       8
      13
       9
       5
       6
      10
      10
       8
       1
       3
       8
       8
       9
       4
       7
      14
       9
       5
       5
       6
       6
      14
       6
       9
       8
       8
      11
       9
       5
       9
       7
       6
       6
       9
       4
       4
       3
       6
       6
       7
      12
       4
      11
       7
       8
       8
       7
      12
       2
       6
       9
       7
       9
       6
       7
       5
       5
       9
       5
      11
       7
       8
       4
       8
       9
       7
       5
       6
       8
      10
      12
      14
       4
       5
      10
       6
       8
       4
       7
       6
       7
       7
       5
       7
       6
      10
       6
       8
       5
       6
       6
      11
      16
       7
       9
       3
       8
      10
       8
      10
       9
      12
       9
       8
       4
       8
       3
       6
       8
       5
      10
      11
      11
       7
       8
      10
       7
       9
       6
       7
       8
       9
       7
       1
      15
       5
       9
       8
       9
       5
       6
      10
       7
       6
       6
      10
       4
       4
       8
       9
       7
       8
       9
       8
       4
       6
       8
       7
       8
       9
      11
      10
       9
      17
      16
      26
      36
      28
      33
      39
      55
      53
      53
      51
      50
      34
      35
      29
      22
      22
      17
      10
      11
      10
       5
       7
       7
       4
       6
       6
       8
       5
       8
       9
       8
       7
       9
      12
       4
       9
       7
      10
       6
       5
       6
       6
       7
       8
       4
      14
       7
       5
       7
       5
      11
       5
       6
       6
       8
       9
       9
      10
       5
       9
      16
       5
      10
       6
       1
       6
       3
       4
       5
      10
       5
       7
       7
       7
       6
      11
       8
       7
       3
       8
       7
       6
       6
       8
       3
       9
       3
       3
       7
       7
       3
       1
       6
      14
       5
       1
       1
       7
       9
       8
       7
      10
       7
       8
       9
       8
       5
       7
       5
       8
       8
       7
       7
      11
       8
       6
       5
       6
       4
       7
       8
      13
       7
       2
       7
       4
       5
       6
       8
       3
       5
       6
      11
       7
       7
       8
       8
       3
       7
       6
      13
       6
       4
       8
       6
       7
       7
       4
       6
       4
       7
       8
       6
      10
       6
       7
       5
       6
      10
       6
       1
       5
       8
       4
       6
       5
       8
       6
       9
       5
       6
       5
       5
       7
       6
       2
       8
       6
       5
      11
       6
       6
      12
       8
       9
      11
       9
       6
       8
       5
      11
       2
      12
       8
       5
       2
       8
       7
       3
       5
       6
       7
       3
      11
       6
       8
       3
      10
       6
       5
       9
       4
       6
       7
       6
      11
       5
       3
      10
       4
       4
       4
       5
       4
       8
       4
       6
       5
      10
      10
      13
       6
       7
      11
       6
       8
       6
       7
       8
       7
       5
       5
       7
       4
       9
       7
       4
       8
       4
       3
       6
       4
      12
       9
       4
       2
      11
       7
       2
       6
       4
       5
       7
       8
       8
       4
      10
       8
       9
       5
       6
       6
       2
       8
       3
       3
       5
       3
       3
       6
       5
       7
       4
       4
       5
       9
      11
       7
       5
       9
       8
       9
       6
       6
       7
       6
       9
       4
       5
       7
       3
       6
       6
       5
       4
      10
       4
       5
       6
       3
       6
      10
       6
       9
       4
       5
       8
       3
       4
       7
       4
       6
       4
       7
       6
      10
       9
       3
       8
       8
       5
       9
      13
       9
       4
       3
       4
       5
       6
       9
       6
       9
       8
       5
       4
       9
       7
       5
       7
      11
       6
       8
       6
       6
       9
       8
       6
      10
       3
       5
       7
      11
       9
       3
       8
       6
       4
       8
       7
       3
       7
       5
       6
       6
      12
       5
       5
       4
       4
       4
       4
       2
       3
      12
       6
       3
       4
       5
       5
       6
       6
       7
      13
      11
       4
       7
       6
       6
       5
       6
      12
       5
       4
       3
       1
       5
       4
       5
       7
       4
       7
      10
       4
       8
       3
       6
       4
       6
       8
      10
       4
       6
       6
       6
       3
       4
       8
       5
       7
       6
       3
       3
       6
       6
       8
      10
       9
       9
       5
       6
       2
       4
       6
      11
       5
       4
       9
       7
      14
       5
       4
       8
       9
       8
       5
       9
       4
       3
       6
       8
      14
      10
       8
       9
       9
       8
       5
       5
       8
       6
       7
      11
      10
      11
       9
       6
       4
       8
      11
       6
      12
       5
       6
       7
       6
       1
      11
       2
       4
       9
       7
      10
       9
       6
       3
       8
       5
       6
       1
       5
       6
       6
       8
       7
       3
       4
       4
       4
      10
       4
       8
       5
       5
       1
       4
       8
       5
      12
      15
       7
       3
       6
       5
       3
       9
       5
      10
       6
       3
      11
       5
       3
      13
       3
       3
       7
       5
       7
       8
       6
       7
       5
       1
       6
       6
       1
       9
       5
       2
       3
       5
       7
       3
       8
       6
       7
       2
       7
       5
       6
       5
       6
       5
       5
       9
       3
      13
       8
       6
       5
      10
       3
       6
      12
       3
       4
       7
       7
       5
       9
       9
       6
       7
       7
       9
       2
       8
       5
       7
       9
       9
       8
       9
       8
       6
      12
       8
       5
       8
       5
       3
       4
       5
       6
       7
       2
       6
       6
      11
       6
       9
       4
       3
       8
       8
       5
       5
      11
      14
       2
       2
       5
       3
       1
       2
       4
       8
       6
       4
       5
       7
       3
       4
       4
       8
       9
       3
       6
       9
       1
       8
       6
       6
       7
       7
       6
       6
       7
       5
       8
       6
       6
       3
       4
       7
       5
       3
      10
       7
       4
       9
       7
       8
       8
       7
       5
       9
       4
       3
       7
       1
       3
       1
       3
       7
      10
       3
       6
       6
       6
      11
       4
       9
       4
       1
       4
       8
       3
       4
       3
       2
       2
       6
       3
       4
       2
       4
       3
       8
       3
       5
       5
       7
       6
       6
       4
       5
       4
       3
       4
       5
       5
       5
       4
       3
       6
       6
       5
       6
       4
       4
       4
      11
       9
       5
       3
       5
       7
       7
       6
       5
       7
       8
       5
       7
       9
       5
       3
       7
       7
       4
       7
       6
       3
       3
       5
       9
       5
       3
       3
       3
       7
       6
      11
       4
       5
       2
       4
       6
       6
       6
       3
       5
       7
       7
       6
      11
       5
       4
       3
       4
       4
       5
       5
       8
       7
       3
       4
       4
       6
       4
       1
       3
       5
       4
       2
       2
       3
       3
       8
       3
       3
       2
       7
       3
       2
       3
       4
       4
       6
       3
       2
       4
       2
       5
       9
       4
       8
       2
      10
       8
       9
       4
       5
       1
       5
       1
       6
       7
       2
       3
       5
      10
       5
       4
       6
       3
       5
       7
       3
       4
       5
      10
       3
      11
       2
       6
       4
       7
       5
       4
      15
       3
       4
       6
       5
       6
       3
       4
       5
       0
       1
       6
       3
       9
       3
       6
       6
       8
       4
       8
       4
       6
       7
       6
       4
       3
       3
       8
       5
       4
       6
       5
       6
       3
       2
       5
       8
       7
       4
       7
       3
       4
       5
       8
       7
       3
       3
       3
       5
       8
       3
       4
       5
       4
       4
       6
       7
       5
       3
       2
       2
       7
       6
       3
       3
       4
       5
       3
       6
       5
       5
       6
       5
       4
      10
       4
       4
       7
       3
       3
       8
       2
       6
       7
       7
       3
       9
       4
       3
       3
       5
       4
       6
       6
       3
       4
       2
       6
       4
       7
       8
       7
       7
       4
       2
       1
       4
       4
       7
       1
       1
       1
       6
       2
       5
       7
       2
       5
       9
       4
       2
       9
       3
       3
       5
       4
       7
       8
       7
       8
      12
       6
       7
       8
       6
       0
       4
       7
       4
       6
       3
       2
       3
       2
       6
       4
       6
       6
       6
       6
       7
       3
       4
       4
       3
       4
       1
       4
       3
       8
       6
       4
       4
       4
       3
       5
       5
       5
       3
       6
       4
      12
       6
       4
       4
       8
       0
       6
       5
       6
       5
       6
       5
       1
       9
       4
       6
       5
       7
       7
       8
       7
       5
       2
       5
       2
       4
       4
       3
       4
       5
      12
       3
       6
       3
       5
       1
       8
       5
       2
       3
       3
       3
       5
       2
       2
       4
       9
       2
      11
       5
      10
       2
       5
       4
       3
       4
      13
       6
       3
       3
       6
       8
       4
       4
       4
       4
       6
       5
       6
       5
      12
       2
      11
       2
      12
       9
      23
      12
      20
      18
      20
      14
      16
      25
      19
      15
      11
       9
       8
       9
       9
       5
       5
       7
       2
       4
       4
       5
       4
       2
       3
       8
       5
       8
       3
       5
       3
       5
      11
       6
       6
       8
       7
       3
       4
       5
       3
       4
       4
       5
       2
       3
       5
       4
       4
       6
       7
       2
       3
       3
       1
       3
       2
       3
       1
       3
       7
       5
       7
       9
       6
       5
       4
       9
       8
       5
       6
       3
       4
       2
       4
       5
       2
       5
       4
       1
       3
       2
       4
       6
       2
       3
       4
       3
       2
       8
       1
       2
       9
       2
       3
       2
       3
       3
       4
       5
       4
       5
       5
       2
       4
       4
       7
       4
       3
       4
       4
       8
       3
       6
       3
       7
       5
       5
       2
       3
       5
       1
       4
       5
       5
       2
       6
       5
       3
       4
       8
       3
       2
       3
       4
       3
       5
       4
       5
       5
       1
       3
       6
       8
       2
       7
       5
       6
       2
       6
       5
       4
       4
       4
       3
       4
       2
       1
       2
       2
       3
       4
       3
       7
       5
       9
       2
       3
       3
       5
       6
       2
       3
       5
       3
       3
       3
       3
       6
       6
       4
       3
       7
       4
       6
       7
       4
       6
       3
       5
       3
       5
       7
       5
       3
       2
       4
       3
       6
       7
       3
       5
       6
       4
       3
       3
       6
       6
       3
       5
       3
       8
       6
       3
       2
       5
       3
       5
       8
       4
       4
       6
       5
       4
       7
       2
       4
       3
       7
       5
       2
       2
       4
       6
       3
       1
       4
       4
       4
       5
       5
      10
       3
       2
       2
       3
       4
       4
       7
       9
       6
       1
       5
       4
       8
       5
       2
       5
       6
       2
       2
       7
       3
       3
       6
       4
       4
       4
       5
       5
       4
       4
       2
       4
       2
       8
       4
       4
       4
       4
       0
       3
       3
       5
       3
       9
       3
       7
       4
       7
       6
       6
       5
       4
       5
       5
       4
       9
       7
       6
       4
       5
       9
       5
       4
       3
       6
       5
       5
       6
       4
       3
       6
       7
       8
       4
       1
       4
       2
       5
       5
       2
       2
       1
       3
       8
       2
       2
       2
       5
       6
       3
       4
       5
       1
       1
       2
       5
       3
       2
       2
       5
       7
       3
       2
       5
       2
       0
       3
       4
       2
       5
       3
       7
       6
       6
       5
       4
       9
       6
       4
       3
       7
       4
       5
       3
       2
       5
       5
       7
       6
       4
       3
       4
       8
       3
       4
       7
       5
       3
       6
       3
       4
       1
       6
       4
       1
       4
       3
       7
       5
       1
       2
       4
       5
       3
       4
       4
       3
       6
       9
       5
       5
       7
       2
       3
       5
       5
       6
       3
       3
       1
       3
       4
       1
       8
       1
       3
       6
       6
       7
       7
       2
       6
       2
       5
       3
       5
       6
      10
       3
       7
       3
       3
       9
       4
       4
       6
       4
       7
       4
       4
       3
       7
       0
       3
       4
       4
       0
       3
       6
       4
       4
       3
       4
       1
       2
       7
       2
       3
       4
       4
       6
       4
       6
       4
       3
       1
       6
       4
       8
       2
       4
       2
       3
       3
       3
       7
       5
       4
       5
       2
       7
       0
       5
       3
       4
       4
       2
       4
       5
       5
       7
       6
       3
       4
       5
       4
       6
       0
       3
       6
       8
       6
       3
       6
       4
       5
       5
       2
       2
       5
       1
       2
       3
       5
       5
       4
       1
       6
       3
       6
       5
       8
       4
       4
       6
       4
       7
       2
       3
       2
       7
       2
       3
       4
       6
       1
       5
       3
       2
       3
       4
       5
       3
       4
       2
       6
       2
       6
       4
       2
       3
       5
       5
       4
       5
       1
       7
       8
       6
       3
       7
       3
       6
       4
       4
       5
       1
       5
       2
       5
       1
       5
       5
       4
       2
       4
       5
       8
       8
       3
       2
       5
       3
       6
       5
       5
      10
       7
       3
       8
       8
       5
       6
       3
       5
       1
       5
       7
       5
       6
       3
       5
       6
       6
       5
      10
       4
       4
       6
       5
       2
       1
       7
       5
       4
       2
       3
       5
       5
       5
       3
       5
       2
       6
       5
       5
       2
       3
       4
       0
       8
       6
       8
       2
       3
       2
       1
       1
       3
       3
       2
       5
       4
       7
       8
       5
       2
       3
       7
       3
       6
       0
       3
       1
       2
       1
       4
       2
       6
       3
       2
       3
       0
       2
       5
       3
       3
       1
       4
       5
       1
       1
       1
       5
       2
       2
       3
       7
       8
       4
       7
       1
       2
       5
       3
       6
       3
       3
       5
       4
       6
       1
       8
       3
       2
       4
       6
       6
       2
       2
       1
       1
       1
       3
       5
       4
       3
       5
       5
       5
       2
       4
       1
       3
       5
       3
       5
       2
       3
       4
       3
       3
       7
       3
       3
       4
       8
       4
       2
       5
       4
       4
       2
       5
       2
       3
       4
       3
       3
       1
       7
       3
       4
       2
       5
       6
       7
       3
       1
       4
       4
       6
       3
       3
       1
       4
       3
       6
       3
       3
       3
       5
       3
       5
       5
       3
       7
       3
       4
       5
       1
       2
       3
       3
       5
       3
       1
       4
       3
       1
       4
       2
       4
       5
       2
       2
       4
       3
       4
       2
       3
       4
       5
       2
       3
       3
       4
       5
       4
       2
       1
       8
       2
       3
       4
       1
       9
       3
       2
       2
       2
       4
       5
       4
       2
       4
       5
       4
       4
       3
       4
       4
       3
       6
       6
       3
       3
       5
       4
       4
       8
       5
       5
       1
       4
       5
       2
       4
       5
       2
       3
       3
       3
       2
       1
       1
       4
       5
       5
       2
       4
       4
       3
       4
       3
       1
       3
       6
       6
       3
       6
      10
       3
       8
       5
       5
       6
       3
       0
       4
       4
       4
       3
       1
       1
       5
       5
       4
       2
       5
       4
       3
       5
       2
       1
       6
       3
       6
       2
       4
       2
       3
       3
       5
       3
       2
       3
       3
       9
       5
       2
       2
       2
       6
       0
       4
       3
       4
       4
       3
       3
       2
       7
       5
       4
       3
       3
       2
       2
       5
       4
       3
       5
       5
       4
       4
       3
       4
       3
       5
       3
       0
       3
       4
       5
       6
       3
       4
       1
       1
       6
       1
       3
       1
       4
       5
       3
       4
       3
       3
       3
       3
       3
       4
       4
       3
       2
       4
       4
       6
       5
       2
       2
       3
       3
       1
       1
       5
       4
       3
       4
       5
       5
       1
       3
       4
       3
       5
       4
       7
       2
       3
       2
       2
       5
       4
       8
       1
       4
       1
       5
       4
       1
       5
       2
       1
       4
       4
       3
       1
       6
       2
       3
       4
       4
       2
       5
       4
       6
       3
       3
       2
       3
       3
       3
       1
       7
       1
       9
       4
       6
       3
       6
       5
       3
       3
       0
       3
       4
       6
       4
       2
       7
       4
       3
       2
       7
       7
       2
       2
       1
       4
       3
       2
       3
       4
       1
       7
       3
       6
       5
       3
       4
       5
       3
       1
       5
       3
       3
       3
       4
       5
       2
       2
       4
       4
       5
       2
       1
       4
       4
       1
       2
       3
       5
       4
       2
       5
       5
       2
       8
       4
       2
       7
       7
       5
       8
       3
       4
       8
       5
       6
       4
       0
       5
       5
       3
       2
       3
       4
       5
       4
       4
       2
       7
       1
       6
       2
       1
       5
       2
       2
       2
       0
       2
       3
       1
       1
       4
       4
       5
      11
       9
       2
       2
       3
       3
       2
       3
       4
       2
       7
       4
       6
       1
       2
       4
       2
       0
       7
      14
       3
       4
       1
       2
       3
       4
       5
       3
       5
       4
       5
       4
       4
       2
       5
       1
       1
       4
       0
       3
       2
       7
       3
       4
       2
       3
       4
       1
       3
       3
       4
       1
       3
       2
       4
       5
       5
       2
       5
       3
       2
       3
       5
       1
       7
       3
       5
       3
       4
       2
       2
       3
       5
       1
       5
       4
       2
       2
       2
       5
       5
       5
       2
       5
       2
       2
       2
       6
       4
       5
       9
      11
       8
       2
       5
       7
       7
       4
       6
       6
       3
       3
       5
       3
       2
       4
       6
       4
       5
       2
       3
       4
       2
       2
       7
       2
       7
       4
       5
       2
       8
       6
       3
       2
       7
       3
       4
       6
       3
       4
       1
       2
       4
       5
       5
       4
       4
       6
       2
       5
       6
       5
       2
       3
       8
       7
       9
       6
       5
       6
       7
       3
       9
       1
       2
       3
       4
       2
       2
       5
       2
       3
       2
      11
       1
       5
       3
       1
       3
       6
       4
       3
       2
       6
       5
       0
       3
       3
       2
       2
       2
       4
       2
       1
       5
       4
       2
       3
       3
       4
       3
       0
       3
       3
       0
       2
       2
       2
       3
       3
       3
       2
       4
       6
       2
       3
       5
       1
       2
       1
       2
       1
       6
       2
       2
       2
       3
       6
       7
       2
       3
       0
       4
       5
       2
       5
       0
       2
       0
       3
       5
       5
       3
       5
       1
       1
       3
       2
       6
       3
       6
       4
       4
       2
       5
       2
       2
       3
       2
       4
       3
       7
       5
       4
       3
       5
       3
       5
       7
       2
       2
       1
       4
       0
       7
       2
       1
       5
       5
       5
       4
       4
       2
       4
       1
       1
       5
       1
       4
       2
       2
       2
       5
       1
       2
       0
       1
       2
       4
       2
       1
       2
       2
       6
       7
       3
       3
       4
       2
       3
       1
       4
       2
       7
       5
       4
       2
       2
       1
       5
       7
       3
       5
       6
       4
       2
       4
       2
       4
       2
       3
       3
       4
       2
       1
       4
       6
       1
       4
       9
       2
       4
       5
       2
       1
       4
       1
       2
       3
       2
       2
       1
       5
       1
       6
       8
       2
       1
       4
       1
       5
       2
       1
       5
       1
       4
       4
       3
       2
       1
       4
       6
       4
       5
       3
       5
       2
       6
       6
       3
       2
       4
       4
       3
       4
       5
       6
       8
       3
       4
       3
       1
       5
       8
       1
       3
       5
       2
       1
       4
       4
       3
       3
       6
       4
       4
       2
       1
       0
       4
       3
       0
       3
       2
       2
       5
       5
       1
       5
       7
       3
       2
       5
       7
       1
       0
       3
       1
       4
       2
       6
       2
       3
       1
       1
       3
       1
       4
       3
       1
       3
       3
       2
       5
       2
       4
       6
       4
       5
       2
       4
       3
       3
       2
       2
       3
       3
       4
       5
       8
       6
       4
       4
       8
       8
       6
       8
      10
      12
       9
       3
       7
       6
       4
       3
       8
       1
       6
       2
       3
       3
       3
       1
       3
       3
       1
       2
       5
       2
       2
       3
       4
       3
       3
       3
       4
       5
       4
       2
       2
       2
       2
       5
       2
       3
       2
       5
       5
       2
       8
       3
       4
       3
       4
       2
       2
       4
       2
       4
       3
       4
       3
       3
       1
       6
       4
       2
       3
       1
       4
       4
       3
       2
       4
       3
       2
       1
       4
       3
       1
       4
       2
       2
       3
       2
       6
       2
       3
       2
       3
       2
       1
       2
       1
       2
       4
       3
       3
       4
       5
       2
       4
       3
       4
       3
       3
       4
       1
       3
       1
       4
       7
       4
       2
       7
       4
       3
       5
       4
       3
       5
       4
       6
       4
       2
       5
       8
       4
       3
       0
       5
       3
       2
       5
       8
       5
       2
       2
       3
       1
       6
       4
       3
       4
       1
       0
       2
       4
       4
       4
       6
       4
       1
       0
       4
       5
       3
       3
       5
       5
       6
       6
       3
       3
       4
       3
       0
       1
       3
       2
       3
       2
       4
       3
       3
       9
       5
       3
       0
       2
       1
       3
       0
       0
       0
       0
       0
       0
       0
       0
       0
       0
       0
       0
       0
       0
       0
       0
       0
       0
       0
       0
       0
       0
       0
       0
       0
       0
       0
       0
       0
       0
       0
       0
       0
       0
       0
       0
       0
       0
       0
       0
       0
       0
       0
       0
       0
       0
       0
       0
       0
       0
       0
       0
       0
       0
       0
       0
       0
       0
       0
       0
       0
       0
       0
       0
       0
       0
       0
       0
       0
       0
       0
       0
       0
       0
       0
       0
       0
       0
       0
       0
       0
       0
       0
       0
       0
       0
       0
       0
       0
       0
       0
       0
       0
       0
       0
       0
       0
       0
       0
       0
       0
       0
       0
       0
       0
       0
       0
       0
       0
       0
       0
       0
       0
       0
       0
       0
       0
       0
       0
       0
       0
       0
       0
       0
       0
       0
       0
       0
$ROI:
0
$PRESETS:
None
0
0
$ENER_FIT:
-2.173939 0.279251
$MCA_CAL:
3
-2.173939E+000 2.792507E-001 0.000000E+000 keV
$SHAPE_CAL:
3
1.571259E+001 -1.155430E-003 0.000000E+000
