$SPEC_ID:
226Ra
$SPEC_REM:
DET# 1
DETDESC# MCB 132 Input 1
AP# Maestro Version 6.06
$DATE_MEA:
12/16/2021 12:46:03
$MEAS_TIM:
329440 329467
$DATA:
0 8191
       0
       0
       0
       0
       0
       0
       0
       0
       0
       1
       0
       0
       0
       0
       0
       0
       0
       0
       0
       0
       0
       0
       0
       0
       0
       2
    3254
   25415
    2187
     701
     676
     649
     693
     757
     720
     793
     801
     780
     775
     717
     769
     798
     907
     861
     701
     656
     575
     531
     526
     575
     568
     563
     563
     562
     520
     486
     454
     472
     455
     434
     451
     480
     407
     407
     420
     412
     390
     381
     421
     371
     341
     385
     365
     372
     365
     371
     340
     366
     334
     318
     352
     348
     355
     326
     327
     313
     341
     300
     363
     332
     274
     288
     312
     283
     294
     295
     255
     268
     307
     264
     295
     313
     292
     256
     257
     245
     238
     267
     269
     260
     245
     244
     260
     270
     227
     226
     253
     232
     224
     226
     240
     204
     219
     224
     256
     206
     255
     228
     216
     248
     226
     208
     209
     265
     229
     215
     208
     227
     199
     188
     219
     207
     234
     242
     202
     211
     212
     239
     221
     224
     225
     217
     212
     182
     203
     199
     168
     196
     197
     216
     216
     196
     207
     220
     179
     226
     189
     178
     190
     200
     249
     307
     399
     481
     362
     244
     210
     201
     161
     207
     219
     179
     195
     215
     186
     227
     205
     189
     197
     211
     177
     202
     187
     211
     177
     192
     232
     272
     262
     243
     231
     214
     221
     210
     227
     208
     218
     202
     206
     216
     202
     213
     191
     227
     214
     200
     227
     234
     267
     278
     295
     247
     203
     187
     210
     212
     229
     223
     208
     235
     278
     421
     608
     603
     520
     322
     245
     202
     200
     252
     225
     222
     207
     211
     247
     220
     260
     233
     181
     204
     229
     247
     205
     219
     243
     233
     229
     219
     224
     225
     213
     232
     228
     253
     240
     263
     273
     303
     292
     224
     268
     263
     283
     361
     430
     446
     350
     297
     250
     234
     279
     306
     298
     314
     280
     272
     260
     248
     240
     277
     227
     224
     217
     227
     265
     226
     269
     247
     248
     241
     242
     242
     237
     251
     261
     293
     280
     346
     370
     383
     359
     323
     279
     261
     254
     268
     254
     294
     316
     358
     268
     282
     258
     194
     235
     266
     258
     275
     323
     262
     262
     267
     256
     294
     369
     545
     878
    1115
    1215
     959
     606
     416
     308
     288
     274
     275
     255
     249
     244
     248
     239
     227
     226
     206
     233
     232
     243
     276
     290
     279
     281
     261
     241
     263
     221
     232
     232
     209
     230
     221
     218
     239
     262
     225
     239
     236
     230
     237
     232
     250
     239
     235
     255
     253
     264
     267
     261
     274
     243
     249
     230
     257
     233
     243
     234
     246
     236
     254
     251
     246
     249
     244
     272
     313
     279
     275
     257
     265
     265
     312
     299
     301
     262
     246
     253
     228
     252
     300
     274
     230
     251
     257
     231
     242
     235
     229
     252
     231
     237
     245
     271
     232
     227
     227
     259
     256
     257
     227
     220
     251
     244
     253
     224
     239
     238
     216
     253
     222
     237
     219
     249
     237
     238
     254
     241
     264
     268
     231
     241
     259
     255
     254
     246
     287
     225
     282
     257
     284
     270
     266
     243
     249
     270
     249
     254
     255
     245
     249
     250
     241
     269
     236
     263
     246
     244
     278
     233
     247
     227
     259
     240
     242
     267
     245
     245
     232
     231
     258
     279
     269
     260
     215
     243
     264
     255
     247
     305
     258
     291
     266
     258
     248
     261
     232
     260
     243
     250
     253
     272
     343
     423
     387
     351
     284
     297
     287
     243
     246
     253
     214
     255
     247
     249
     226
     280
     225
     271
     253
     234
     239
     241
     247
     243
     230
     245
     262
     245
     237
     262
     225
     219
     266
     256
     237
     238
     239
     260
     261
     255
     259
     266
     264
     223
     248
     231
     265
     206
     247
     270
     232
     258
     241
     232
     284
     254
     251
     237
     247
     270
     244
     242
     258
     212
     255
     241
     213
     249
     238
     255
     281
     313
     339
     311
     263
     234
     253
     248
     243
     250
     208
     224
     219
     221
     253
     229
     239
     232
     203
     236
     207
     233
     232
     232
     203
     218
     236
     248
     243
     204
     243
     241
     235
     241
     232
     224
     211
     226
     233
     261
     213
     251
     262
     228
     233
     234
     223
     218
     262
     246
     238
     221
     232
     242
     212
     264
     221
     239
     240
     245
     253
     248
     224
     228
     233
     245
     242
     239
     236
     242
     229
     225
     258
     244
     225
     212
     229
     236
     272
     364
     621
     821
     926
     809
     530
     349
     275
     220
     206
     250
     234
     218
     232
     201
     237
     214
     254
     205
     214
     237
     216
     213
     205
     211
     220
     208
     237
     200
     209
     214
     225
     221
     204
     189
     223
     262
     205
     226
     216
     221
     208
     211
     234
     212
     230
     230
     234
     238
     241
     236
     223
     192
     193
     180
     221
     215
     219
     225
     195
     195
     202
     223
     247
     203
     224
     224
     185
     197
     227
     203
     257
     255
     242
     218
     212
     201
     231
     192
     232
     221
     222
     220
     227
     232
     244
     245
     257
     213
     232
     228
     216
     200
     225
     201
     206
     207
     197
     188
     202
     224
     193
     201
     198
     220
     197
     205
     198
     203
     186
     222
     183
     203
     216
     210
     189
     196
     210
     209
     181
     185
     214
     208
     191
     207
     212
     205
     200
     191
     195
     214
     211
     193
     169
     205
     193
     194
     204
     184
     185
     223
     172
     187
     191
     202
     207
     184
     192
     178
     201
     204
     207
     194
     210
     195
     203
     196
     195
     187
     194
     183
     204
     194
     173
     175
     220
     201
     184
     173
     176
     174
     187
     188
     204
     193
     183
     184
     204
     177
     168
     189
     197
     193
     192
     183
     220
     201
     171
     215
     247
     313
     408
     484
     463
     357
     262
     205
     174
     186
     215
     181
     186
     225
     186
     211
     178
     193
     212
     169
     178
     162
     153
     183
     164
     153
     169
     187
     192
     186
     165
     163
     169
     181
     175
     180
     188
     171
     178
     183
     152
     175
     163
     180
     168
     194
     190
     164
     180
     179
     186
     152
     187
     185
     163
     182
     169
     154
     166
     164
     183
     176
     166
     175
     185
     161
     182
     178
     178
     179
     186
     166
     179
     170
     201
     174
     177
     180
     152
     163
     173
     189
     171
     170
     158
     176
     160
     146
     162
     174
     177
     172
     161
     158
     157
     129
     167
     174
     140
     153
     162
     181
     145
     160
     152
     139
     173
     147
     157
     154
     153
     159
     159
     151
     171
     193
     193
     199
     187
     155
     152
     151
     168
     159
     171
     167
     152
     162
     144
     157
     153
     145
     163
     154
     133
     164
     164
     154
     149
     165
     171
     149
     187
     152
     163
     168
     167
     171
     152
     142
     155
     157
     178
     136
     159
     162
     162
     162
     136
     160
     151
     157
     152
     175
     129
     151
     164
     140
     141
     140
     150
     142
     143
     162
     166
     133
     157
     139
     164
     152
     148
     165
     128
     173
     139
     148
     144
     142
     124
     134
     170
     139
     120
     160
     135
     150
     141
     159
     173
     146
     142
     130
     163
     154
     167
     163
     184
     170
     167
     130
     157
     136
     116
     144
     126
     128
     168
     149
     140
     166
     143
     157
     151
     149
     152
     165
     135
     137
     137
     157
     140
     161
     136
     139
     124
     140
     148
     137
     126
     132
     134
     133
     134
     157
     109
     115
     139
     155
     124
     145
     123
     129
     155
     146
     129
     133
     131
     132
     145
     153
     119
     145
     165
     122
     128
     121
     135
     154
     138
     124
     134
     135
     141
     129
     144
     136
     125
     106
     132
     129
     133
     122
     154
     137
     118
     120
     148
     126
     139
     130
     127
     117
     137
     135
     135
     143
     143
     131
     128
     137
     128
     115
     122
     134
     141
     150
     131
     151
     142
     142
     148
     154
     139
     123
     128
     130
     133
     137
     127
     136
     132
     138
     124
     139
     146
     152
     125
     122
     140
     118
     137
     113
     129
     115
     128
     114
     111
     143
     135
     132
     149
     120
     135
     120
     138
     121
     123
     117
     139
     151
     120
     117
     129
     114
      97
     126
     160
     141
     179
     158
     163
     172
     127
     129
     112
     136
     107
     103
     130
     121
     115
     132
     118
     124
     129
     118
     122
     126
     136
     133
     130
     116
     116
     124
     131
     125
     118
     138
     111
     120
     128
     120
     109
     125
     113
     112
     120
     116
     119
     130
     124
      99
     121
     118
     129
     125
     128
     165
     138
     158
     157
     120
     124
     119
     135
      99
     109
     114
     111
     117
     118
     120
     122
     113
     120
      99
     123
     127
     119
     109
     120
     121
     145
     136
     119
     109
     111
     109
     118
     107
     113
     100
     114
     124
     121
     100
     110
     132
     112
     113
      96
     117
     127
     114
     116
     121
     103
     125
     119
      80
     119
     107
     109
     113
      99
      91
     122
      96
     102
     119
     107
     119
      85
     102
     129
     116
     113
     105
     117
      93
     115
      93
     119
     105
      98
     111
     107
      99
     111
     116
     113
     115
     101
     114
     107
     103
      94
      93
     104
     114
      99
     112
     103
     121
     104
     114
     124
     118
     109
     100
      91
     115
     109
     104
      96
     114
      85
     109
     111
     112
     100
     120
     112
      82
     102
     132
     112
     119
     107
     101
     109
      86
      87
     107
     133
     105
     132
      93
     100
      98
      97
      85
     100
      97
      92
     107
     120
      94
      99
      94
     116
     120
      97
     123
      95
     105
      98
      96
      98
      92
     100
      85
     115
      92
     114
      87
      93
     100
     104
     103
      91
     116
     104
     101
     103
     134
     107
     119
      98
      96
      87
      97
     109
     102
     104
     114
     103
     113
     102
     110
     111
     100
     109
      99
     109
      77
      95
      96
      98
     117
     114
      90
      91
     107
      97
     107
     107
      76
     115
      92
     103
      83
      77
      91
      95
     110
     111
      99
      93
     102
     107
      99
      97
     106
     102
     118
      92
     104
      87
      85
      90
      88
      93
     111
     112
      95
     129
     105
     120
      90
      97
      94
      91
      91
      97
      86
      91
      94
      91
      97
     104
     101
      94
     116
     102
     108
      93
     100
     111
     102
      91
     101
      95
     107
     100
     111
      87
     108
      91
     102
      83
     104
      85
      99
      96
      95
     102
     112
     108
      85
      89
     105
      87
      82
      83
      95
      96
     107
      88
      85
      99
      92
      88
     101
      95
      99
     101
     161
     227
     337
     513
     628
     622
     503
     363
     257
     163
     121
      96
      99
      89
     103
      89
      90
      92
      94
      86
      88
      80
      97
      91
      82
      96
     108
      98
      97
      89
      98
      77
      96
      88
      89
      93
      84
     101
     103
      89
      91
      85
      85
     100
      86
      88
      75
      77
      97
     102
      78
     102
      90
      87
      93
      82
     106
      73
      96
      72
      90
      87
      79
      94
     100
      77
     100
      72
     105
      74
      92
     105
      72
      88
     102
      67
      90
      91
      90
      96
      62
      80
      79
      95
      92
      76
      99
      86
      78
      87
      89
      71
      96
      85
      75
      78
      91
      81
      65
      93
      83
      88
      87
      66
      85
      89
     113
      91
      90
      83
      99
      96
      88
      84
      94
      74
      91
      89
      88
      86
      79
      86
      94
     100
      90
      82
      86
      72
      93
      56
      71
      80
      87
      88
      72
      90
      84
      84
      96
      90
      92
     106
      81
      78
      91
      82
      91
      69
      96
      73
      82
      75
      87
      86
      81
      83
      89
      67
      91
      83
      77
      84
      73
      91
      96
      88
      77
      66
      74
      88
      76
      72
      58
      78
      88
      98
      70
      80
      71
      96
      81
      71
      73
      81
      71
      73
      70
      71
      78
      76
      71
      74
      75
      77
      68
      71
      73
      83
      79
      76
      72
      82
      79
      76
      69
      83
      79
      71
      73
      72
      76
      71
      78
      83
      77
      78
      72
      80
      71
      89
      72
      74
      72
      81
      75
      88
      68
      77
      81
      88
      73
      83
      85
      82
      69
      91
      78
      66
      68
      81
      85
      85
      82
      84
      78
      91
      81
      74
      68
      89
      67
      60
      77
      93
      88
      69
      69
      82
      68
      84
      71
      68
     103
      66
      76
      63
      78
      91
      94
     101
     122
     148
     132
     185
     269
     288
     401
     416
     490
     564
     535
     519
     573
     426
     388
     271
     218
     201
     178
     139
     121
     106
      97
      73
      71
      77
      78
      63
      76
      82
      77
      70
      65
      66
      66
      78
      79
      72
      72
      73
      81
      64
      57
      69
      77
      57
      81
      68
      67
      67
      65
      82
      60
      61
      73
      65
      55
      62
      78
      67
      57
      71
      73
      72
      57
      58
      73
      64
      65
      50
      68
      71
      68
      59
      63
      67
      75
      68
      51
      61
      61
      69
      70
      69
      58
      63
      65
      54
      73
      56
      75
      63
      75
      64
      54
      66
      59
      79
      73
      81
      51
      56
      42
      74
      73
      52
      59
      60
      65
      43
      57
      74
      62
      61
      66
      48
      55
      55
      66
      72
      82
      60
      69
      55
      64
      69
      72
      60
      82
      75
      44
      46
      57
      53
      58
      66
      57
      60
      55
      67
      56
      70
      49
      65
      55
      59
      58
      69
      58
      62
      55
      65
      62
      56
      59
      64
      48
      66
      59
      60
      55
      62
      56
      47
      57
      56
      53
      60
      57
      61
      64
      64
      57
      52
      55
      64
      53
      70
      52
      53
      58
      63
      47
      65
      57
      47
      60
      48
      72
      55
      50
      60
      61
      61
      63
      63
      44
      42
      66
      66
      47
      62
      75
      55
      55
      75
      70
      59
      52
      69
      54
      58
      65
      61
      57
      57
      73
      82
      88
     117
     121
     102
     111
      85
      85
      53
      68
      63
      80
      50
      66
      69
      55
      63
      60
      57
      51
      61
      50
      47
      77
      63
      48
      53
      59
      60
      62
      48
      63
      55
      50
      59
      57
      62
      62
      70
      65
      55
      50
      67
      58
      50
      61
      69
      66
      93
     113
     114
     129
     128
     118
     103
      86
      68
      72
      49
      63
      59
      45
      62
      46
      71
      48
      52
      58
      55
      61
      53
      57
      41
      48
      38
      45
      44
      46
      55
      47
      52
      53
      51
      54
      55
      58
      52
      48
      53
      46
      53
      42
      62
      59
      74
      71
      57
      65
      84
      62
      59
      71
      64
      61
      47
      56
      55
      75
      68
      60
      63
      75
      67
      52
      64
      66
      53
      64
      61
      73
      54
      69
      69
      62
      64
      73
      49
      64
      67
      58
      47
      65
      49
      42
      63
      67
      62
      46
      72
      62
      56
      74
      78
      76
      93
      91
      71
      81
      50
      66
      60
      44
      48
      73
      56
      71
      82
      97
     143
     196
     306
     385
     375
     422
     362
     243
     192
     110
      78
      49
      55
      50
      59
      56
      51
      64
      50
      60
      56
      56
      51
      67
      53
      56
      54
      57
      52
      55
      53
      51
      49
      57
      57
      54
      52
      47
      39
      76
      57
      68
      48
      74
      37
      52
      50
      45
      56
      55
      47
      59
      40
      42
      42
      47
      41
      53
      58
      55
      67
      60
      45
      49
      69
      51
      49
      49
      56
      48
      45
      45
      53
      52
      47
      37
      62
      71
      50
      44
      40
      38
      62
      53
      65
      52
      53
      51
      42
      49
      46
      52
      44
      54
      49
      52
      35
      50
      40
      49
      44
      44
      46
      43
      38
      51
      53
      42
      41
      39
      50
      53
      35
      46
      51
      48
      60
      45
      48
      47
      47
      53
      44
      41
      41
      49
      41
      53
      53
      49
      52
      48
      41
      43
      36
      43
      57
      45
      58
      61
      54
      40
      53
      43
      44
      48
      54
      57
      48
      37
      44
      40
      38
      66
      39
      40
      56
      38
      53
      41
      50
      50
      48
      46
      48
      42
      57
      70
     112
     125
     221
     322
     438
     511
     568
     485
     381
     293
     173
      93
      58
      55
      54
      50
      52
      42
      49
      44
      45
      62
      38
      50
      43
      42
      31
      51
      54
      40
      48
      49
      55
      56
      44
      52
      50
      47
      49
      54
      44
      52
      41
      33
      46
      49
      50
      49
      53
      53
      43
      60
      43
      37
      50
      40
      44
      47
      49
      42
      44
      37
      45
      45
      57
      59
      43
      42
      56
      46
      49
      49
      35
      46
      33
      34
      30
      51
      44
      44
      59
      56
      36
      48
      51
      51
      49
      37
      52
      44
      48
      56
      42
      55
      43
      34
      52
      46
      40
      52
      45
      53
      38
      38
      36
      46
      41
      41
      43
      38
      25
      43
      37
      55
      48
      52
      56
      61
      54
      50
      49
      56
      62
      51
      49
      52
      43
      52
      45
      52
      47
      56
      53
      58
      50
      47
      46
      53
      44
      49
      51
      64
      51
      45
      42
      46
      48
      45
      52
      51
      52
      37
      56
      43
      44
      37
      55
      47
      53
      47
      41
      49
      50
      45
      50
      33
      42
      40
      40
      47
      43
      42
      43
      41
      38
      47
      42
      37
      43
      41
      50
      55
      45
      41
      47
      53
      63
      30
      43
      35
      48
      44
      46
      45
      43
      41
      44
      52
      44
      54
      50
      42
      45
      38
      41
      50
      61
      52
      50
      41
      35
      47
      38
      38
      38
      38
      58
      60
      38
      70
      99
     164
     239
     309
     334
     314
     291
     266
     179
     126
      83
      65
      64
      37
      46
      46
      44
      39
      61
      65
      57
      61
      56
      42
      47
      34
      29
      38
      39
      40
      35
      39
      41
      36
      39
      36
      37
      33
      27
      45
      46
      42
      32
      32
      36
      38
      44
      42
      43
      41
      41
      36
      45
      33
      45
      43
      43
      34
      41
      34
      47
      47
      49
      37
      48
      51
      39
      40
      44
      37
      42
      46
      26
      39
      39
      59
      52
      47
      36
      46
      39
      47
      37
      29
      42
      36
      34
      38
      38
      40
      37
      40
      32
      41
      51
      50
      33
      30
      40
      25
      40
      27
      32
      38
      23
      39
      42
      45
      35
      29
      43
      56
      34
      32
      42
      35
      39
      34
      36
      35
      53
      54
      34
      35
      41
      39
      40
      38
      34
      44
      34
      45
      43
      34
      42
      48
      42
      39
      44
      32
      31
      33
      25
      49
      40
      33
      44
      36
      37
      34
      41
      48
      44
      40
      40
      50
      44
      59
      58
      61
      57
      50
      46
      48
      47
      46
      51
      36
      38
      42
      41
      34
      37
      44
      54
      39
      43
      38
      36
      45
      44
      50
      33
      33
      47
      37
      40
      29
      26
      28
      40
      31
      34
      29
      33
      45
      33
      26
      39
      34
      37
      37
      43
      34
      40
      29
      43
      44
      43
      30
      29
      34
      34
      42
      42
      46
      42
      37
      38
      28
      38
      28
      43
      38
      30
      40
      40
      52
      42
      41
      47
      39
      38
      36
      37
      44
      32
      29
      41
      36
      37
      35
      38
      47
      33
      37
      38
      48
      46
      39
      43
      36
      31
      32
      39
      28
      37
      41
      44
      23
      47
      31
      50
      37
      36
      43
      38
      35
      41
      30
      22
      33
      34
      34
      31
      39
      33
      32
      40
      36
      37
      36
      30
      41
      38
      34
      41
      31
      49
      42
      43
      61
      45
      29
      47
      35
      42
      32
      21
      36
      33
      34
      36
      44
      32
      26
      25
      35
      39
      23
      31
      41
      49
      27
      30
      32
      40
      35
      32
      35
      36
      29
      36
      44
      37
      33
      30
      27
      31
      42
      46
      33
      35
      32
      31
      45
      37
      33
      32
      24
      18
      28
      34
      36
      24
      37
      40
      30
      35
      27
      30
      33
      36
      41
      27
      34
      26
      42
      36
      28
      36
      33
      27
      27
      30
      27
      41
      34
      35
      28
      37
      36
      33
      36
      38
      31
      34
      35
      39
      30
      28
      38
      30
      38
      27
      26
      35
      31
      35
      33
      34
      37
      31
      37
      23
      40
      43
      31
      37
      20
      29
      29
      36
      36
      41
      35
      29
      29
      41
      41
      40
      30
      33
      32
      38
      25
      42
      21
      32
      32
      32
      35
      31
      24
      38
      48
      40
      39
      44
      42
      43
      32
      39
      47
      30
      31
      39
      28
      33
      30
      27
      35
      34
      24
      36
      37
      35
      29
      31
      25
      22
      38
      42
      39
      46
      30
      34
      30
      42
      26
      46
      34
      30
      41
      39
      35
      34
      41
      32
      34
      34
      41
      37
      39
      43
      32
      34
      42
      42
      35
      30
      35
      39
      40
      24
      41
      38
      33
      38
      25
      32
      44
      42
      33
      33
      45
      46
      36
      60
      47
      38
      31
      48
      32
      24
      40
      36
      19
      35
      37
      33
      36
      36
      38
      32
      25
      24
      33
      26
      29
      33
      31
      36
      36
      24
      34
      35
      36
      35
      36
      37
      35
      30
      40
      23
      37
      40
      32
      45
      36
      38
      34
      30
      21
      36
      31
      37
      35
      28
      40
      38
      27
      39
      33
      31
      33
      29
      27
      30
      26
      22
      32
      28
      38
      37
      29
      28
      37
      39
      39
      24
      35
      30
      39
      26
      32
      35
      36
      31
      27
      20
      28
      27
      37
      30
      32
      33
      34
      42
      31
      26
      32
      28
      31
      30
      22
      29
      27
      27
      29
      34
      35
      32
      31
      37
      27
      35
      22
      26
      30
      24
      28
      28
      33
      26
      37
      33
      34
      27
      34
      27
      25
      27
      28
      31
      35
      31
      25
      38
      26
      25
      45
      36
      27
      28
      38
      35
      37
      42
      32
      26
      35
      28
      27
      21
      39
      26
      18
      18
      36
      29
      27
      29
      26
      26
      28
      32
      30
      35
      31
      35
      34
      21
      31
      35
      31
      33
      27
      39
      32
      34
      27
      32
      43
      50
      53
      76
      71
      54
      84
      50
      39
      42
      46
      33
      25
      27
      22
      33
      18
      18
      30
      23
      34
      29
      27
      29
      25
      29
      36
      25
      26
      35
      22
      22
      32
      23
      29
      26
      39
      36
      46
      29
      24
      26
      34
      26
      29
      24
      34
      29
      22
      30
      25
      28
      34
      20
      18
      28
      27
      27
      37
      30
      25
      35
      29
      23
      33
      21
      32
      21
      17
      37
      31
      31
      25
      26
      21
      21
      19
      18
      22
      30
      29
      29
      33
      29
      28
      31
      30
      23
      41
      21
      26
      19
      40
      20
      22
      30
      27
      31
      30
      23
      22
      27
      32
      29
      28
      23
      23
      30
      34
      29
      33
      23
      19
      31
      30
      27
      24
      29
      22
      27
      37
      33
      22
      25
      25
      34
      26
      24
      15
      26
      25
      38
      31
      37
      17
      19
      36
      28
      32
      21
      24
      34
      23
      23
      19
      27
      28
      35
      26
      26
      24
      35
      28
      27
      27
      28
      34
      26
      18
      32
      20
      25
      33
      31
      35
      30
      38
      27
      29
      29
      27
      28
      18
      27
      28
      24
      22
      21
      27
      23
      43
      21
      24
      35
      29
      29
      29
      37
      40
      49
      36
      27
      27
      34
      41
      29
      33
      27
      30
      27
      27
      24
      24
      26
      26
      29
      28
      35
      42
      53
      44
      56
      47
      41
      43
      45
      36
      33
      34
      25
      22
      17
      22
      22
      29
      15
      24
      23
      22
      29
      27
      25
      21
      27
      29
      26
      24
      29
      26
      25
      33
      41
      19
      24
      22
      27
      24
      25
      29
      25
      32
      22
      22
      20
      24
      25
      32
      30
      26
      22
      30
      26
      34
      26
      27
      23
      23
      31
      29
      30
      30
      25
      24
      29
      28
      31
      38
      28
      21
      19
      30
      18
      23
      30
      21
      30
      37
      23
      27
      28
      21
      26
      17
      29
      26
      31
      24
      33
      25
      30
      33
      28
      19
      26
      19
      19
      30
      28
      32
      29
      26
      29
      15
      26
      15
      29
      34
      19
      33
      35
      34
      31
      42
      46
      78
      52
      76
      64
      79
      53
      41
      35
      28
      31
      30
      14
      30
      27
      26
      18
      33
      27
      24
      32
      27
      21
      15
      26
      30
      31
      20
      31
      15
      24
      30
      32
      25
      16
      18
      21
      22
      28
      28
      29
      18
      21
      34
      30
      22
      26
      33
      32
      33
      28
      34
      37
      31
      33
      34
      29
      20
      19
      28
      20
      30
      22
      20
      26
      25
      33
      26
      19
      25
      16
      25
      18
      26
      23
      22
      30
      21
      22
      22
      27
      20
      19
      31
      29
      23
      23
      27
      25
      20
      28
      20
      14
      15
      24
      26
      19
      23
      20
      18
      18
      21
      23
      19
      28
      31
      25
      21
      17
      28
      28
      23
      21
      25
      29
      31
      27
      19
      31
      18
      21
      21
      17
      26
      16
      25
      32
      20
      21
      24
      30
      18
      31
      29
      22
      27
      26
      29
      31
      14
      29
      29
      24
      28
      17
      28
      21
      17
      24
      18
      16
      21
      20
      24
      13
      23
      25
      26
      20
      19
      26
      25
      30
      17
      25
      26
      34
      20
      32
      23
      28
      27
      28
      17
      22
      22
      20
      32
      19
      25
      22
      28
      25
      23
      25
      20
      38
      31
      27
      28
      19
      26
      17
      28
      22
      19
      30
      22
      16
      28
      16
      11
      14
      21
      19
      28
      25
      25
      20
      29
      25
      20
      17
       8
      15
      25
      24
      19
      23
      27
      34
      33
      29
      29
      36
      33
      35
      39
      46
      48
      43
      38
      30
      28
      27
      23
      37
      28
      27
      26
      28
      30
      24
      20
      31
      16
      25
      17
      23
      13
      24
      23
      24
      17
      24
      26
      14
      22
      22
      21
      33
      20
      23
      26
      15
      22
      27
      19
      26
      25
      24
      15
      22
      26
      24
      23
      27
      30
      24
      21
      20
      20
      24
      22
      13
      23
      24
      35
      30
      25
      29
      22
      23
      26
      21
      24
      24
      13
      22
      18
      20
      21
      17
      30
      23
      23
      20
      30
      29
      27
      22
      22
      22
      24
      18
      29
      14
      16
      26
      23
      23
      29
      27
      19
      24
      24
      27
      23
      22
      12
      18
      19
      24
      26
      14
      24
      25
      27
      17
      26
      27
      21
      22
      23
      23
      23
      20
      21
      27
      26
      29
      23
      26
      19
      33
      32
      22
      21
      21
      24
      25
      22
      24
      25
      31
      33
      13
      18
      24
      15
      13
      18
      20
      22
      17
      25
      26
      22
      25
      17
      23
      23
      10
      13
      18
      21
      28
      16
      23
      16
      21
      19
      19
      25
      25
      15
      23
      19
      30
      20
      22
      23
      23
      25
      26
      23
      14
      20
      23
      26
      13
      27
      28
      25
      26
      24
      24
      25
      21
      31
      14
      17
      24
      31
      24
      30
      37
      31
      48
      32
      40
      25
      28
      34
      28
      24
      20
      17
      20
      26
      22
      28
      19
      17
      15
      26
      25
      22
      19
      23
      20
      20
      21
      19
      17
      22
      13
      18
      23
      15
      18
      19
      25
      12
      23
      22
      19
      20
      13
      27
      23
      16
      28
      26
      24
      21
      21
      24
      18
      18
      23
      30
      21
      15
      18
      26
      28
      25
      13
      17
      21
      14
      18
      19
      15
      19
      28
      21
      23
      21
      21
      29
      21
      20
      13
      20
      22
      24
      28
      14
      22
      25
      22
      18
      17
      20
      20
      21
      23
      25
      22
      24
      39
      19
      22
      20
      20
      22
      18
      22
      22
      30
      24
      17
      23
      30
      24
      23
      22
      23
      24
      18
      25
      28
      15
      13
      20
      16
      23
      23
      33
      23
      32
      16
      31
      24
      25
      17
      25
      24
      29
      25
      21
      23
      21
      15
      18
      27
      24
      22
      17
      18
      22
      18
      22
      14
      15
      24
      26
      22
      20
      29
      20
      15
      14
      23
      24
      24
      16
      18
      19
      19
      29
      25
      22
      22
      25
      17
      22
      24
      25
      25
      27
      26
      24
      22
      12
      24
      22
      27
      24
      19
      19
      24
      25
      22
      27
      34
      32
      23
      16
      30
      22
      16
      21
      15
      18
      21
      22
      20
      25
      16
      25
      19
      15
      23
      22
      30
      21
      20
      20
      17
      28
      18
      23
      19
      26
      26
      24
      26
      19
      23
      14
      22
      17
      20
      27
      25
      22
      17
      18
      22
      15
      16
      20
      16
      29
      24
      12
      23
      18
      35
      24
      20
      22
      23
      21
      20
      20
      16
      18
      16
      21
      22
      21
      35
      20
      22
      25
      16
      25
      18
      26
      23
      19
      22
      14
      32
      21
      18
      17
      17
      15
      18
      12
      24
      20
      21
      21
      14
      14
      26
      17
      18
      24
      17
      19
      19
      18
      10
      18
      18
      17
      15
      21
      18
      22
      16
      18
      16
      23
      17
      21
      22
      21
      23
      12
      21
      21
      25
      26
      23
      18
      10
      22
      21
      22
      17
      15
      16
      26
      21
      25
      29
      22
      32
       8
      21
      23
      18
      23
      22
      18
      30
      28
      18
      19
      15
      25
      26
      17
       9
      21
      16
      13
      21
      25
      30
      24
      20
      18
      18
      18
      30
      21
      18
      30
      19
      22
      12
      17
      22
      17
      23
      14
      22
      11
      24
      31
      22
      17
      21
      21
      17
      17
      12
      23
      22
      12
      25
      19
      18
      23
      16
      19
      22
      13
      20
      16
      18
      17
      20
      17
      19
      15
      23
      19
      17
      23
      15
      16
      24
      12
      16
      23
      12
      17
      20
      15
      25
      27
      26
      24
      22
      19
      27
      17
      17
      23
      29
      25
      20
      21
      27
      20
      26
      19
      13
      27
      13
      13
      16
      20
      18
      20
      15
      16
      13
      18
      26
      21
      19
      14
      25
      20
      17
      23
      18
      20
      20
      10
      16
      22
      13
      21
      17
      23
      27
      13
      22
      15
      23
      17
      22
      19
      22
      13
      23
      21
      25
      21
      23
      18
      18
      26
      23
      17
      16
      12
      27
      26
      30
      18
      20
      23
      15
      17
      20
      12
      16
      21
       9
      17
      20
      20
      15
      17
      14
      22
      20
      18
      14
      14
      15
      20
      13
      16
      21
      20
      18
      12
      15
      25
      26
      16
      18
      22
      20
      17
      15
      11
      13
      17
      25
      17
      18
      22
      13
      29
      20
      18
      18
      12
      20
      11
      17
      19
      20
      13
      22
      14
      14
      12
      16
      20
      14
      23
      21
      21
       9
      18
      29
      22
      30
      10
      16
      18
      18
      19
      17
      15
      16
      11
      22
      20
      17
      17
      28
      10
       7
      20
      19
      16
      22
      20
      16
      16
      19
      14
      15
      14
      13
      15
      16
      16
      24
      15
      14
      15
      11
      14
      13
      11
      11
      18
      20
      26
      16
      16
      18
      17
      13
      19
      15
      14
      18
      10
      10
      11
      21
      13
      16
      26
      19
      16
      19
      17
      21
      17
      17
      12
      18
      23
      10
      11
      17
      14
       9
      26
      17
       9
      19
      15
      18
      11
      16
       8
      10
       9
      20
      13
      16
      16
      15
      14
      20
      16
      17
      28
       9
      19
      20
      17
      16
      16
      17
      16
      15
      18
      16
      19
      19
      13
      11
      15
      16
      17
      22
      21
      18
      24
      16
      16
      15
      18
      19
      16
      15
      15
      15
      18
      11
      16
       8
      25
      23
      17
      21
      13
      14
      16
      16
      18
      17
      17
      15
      15
      26
      18
       8
      17
       9
      16
      22
       9
      18
      16
      12
      16
      21
      12
      18
      14
      11
      20
      22
      21
      13
      10
      26
      13
      18
      15
      11
      15
      17
      14
      14
      12
      15
      17
      24
      17
      17
      17
       9
      19
      11
       8
      11
      18
      22
      15
      14
      12
      25
      15
      15
      11
      25
      17
      26
      14
      19
      17
      16
      17
      19
      17
      15
      17
      12
      15
      17
      17
      12
      14
      13
      16
      14
      12
      14
      13
      13
      21
      15
      18
      16
      17
      21
      21
      13
      18
      17
      17
      10
      16
      15
      15
      16
      19
      14
      15
      14
      11
       9
      13
      18
      20
      18
      10
      13
      10
       9
      14
      10
      16
      18
      17
      19
      13
      11
      15
      15
       6
      12
      18
      18
      13
      18
      13
      18
      23
      20
       7
      19
      15
      15
      17
      20
      18
      11
      15
      12
      19
      16
      17
      12
      20
      16
      15
       9
      11
      14
       9
      13
      15
      23
      13
      18
      19
      12
      15
      13
      15
      21
      15
      20
      14
      16
      16
      11
      15
      11
      18
      21
      11
      11
      14
      17
      21
      16
      13
      15
      15
      18
      11
      12
      17
      14
      15
      12
      18
      12
      12
      18
      24
      12
      14
      21
      18
      19
      14
      12
       7
      10
      21
      12
      13
      16
      13
      17
      11
      16
      15
      10
      21
      18
      15
      14
      11
      11
      17
      14
      15
      15
      20
      15
      14
      26
      20
      20
      26
      26
      16
      16
      11
      17
      10
      12
      15
      12
      18
      13
      13
      17
      15
      17
      13
      16
      14
      15
      14
      18
      17
      14
      12
      13
      17
      15
      18
      15
      19
      16
       7
      17
      18
      19
      18
      12
       9
      21
      13
      14
      22
      15
      14
      15
      16
      17
      14
      24
      10
      12
      10
       9
      11
      17
      15
       9
      12
      15
      11
      15
      14
      11
      13
      12
      13
      16
      15
      14
      16
      16
      12
      12
      16
      20
      15
      14
      16
      11
      21
      13
      17
      20
      24
      15
      18
      24
      20
       9
      15
      11
      10
       6
       9
      18
      16
      12
      20
       9
      15
       9
      12
      19
      16
      18
      24
      17
      16
      16
      20
       8
      24
      10
      16
      10
      15
      16
      18
      15
      17
      15
      11
      11
      11
      13
      14
      13
      10
      11
      13
      16
      13
      13
       8
      11
      17
      10
      19
      15
      23
      12
      17
       8
      16
      13
      12
      14
       5
      15
      15
      16
      16
      12
      15
      11
      13
      19
      11
      10
       7
      13
      10
      14
      10
      16
      17
       9
      15
      12
      14
      17
      17
      11
      15
       9
       8
      10
      17
      15
      13
      15
      12
      10
      11
      15
      14
      14
      18
      10
      12
      10
      14
      10
      19
       5
      15
      11
      20
      17
      17
      18
      15
      14
       9
      11
      13
       9
      15
      12
      15
      15
      19
       9
      12
       9
      13
      20
      13
      14
      10
       9
      13
       9
      14
       7
      13
      10
      14
      18
      13
      18
      17
      18
      13
      17
      12
      12
      17
      16
      13
      21
       9
      20
      13
      13
      21
      18
      22
      14
      12
      13
      13
      13
      16
      12
      16
      13
      16
      10
      12
      10
      13
      17
      13
      16
      13
      17
      16
      12
      13
       8
      14
      13
      16
      13
       9
      16
       6
      17
      12
      19
      15
      17
      17
      19
      26
      40
      30
      53
      61
      69
      74
      94
      78
      74
      87
      69
      70
      56
      36
      33
      32
      31
      21
      15
      12
       3
      16
      20
      13
      14
      19
      13
      10
       6
      11
      10
       9
      11
      11
      12
       7
       9
       7
      12
      13
      14
      15
      10
      12
      13
      12
      12
      16
       7
      15
      13
      12
      19
       8
      10
      10
      17
       9
      13
      14
       9
      11
      13
      11
       6
      12
      21
       9
      11
      17
      10
      15
       8
      13
      12
      16
      15
      15
       6
      14
       9
      12
      14
      15
       9
      17
      11
      13
       9
      12
       5
      11
      11
      15
      12
       3
      14
      10
      14
      15
      11
       6
      10
       8
      10
      13
      11
      11
      13
      15
       6
      11
      17
      17
      23
      14
      16
       9
       6
      16
      14
      17
      16
       9
      19
       9
      10
      14
      12
       7
      11
      11
      17
      20
      21
      18
      14
      12
      19
       7
      17
      10
      11
       8
      11
       9
       7
      13
      18
      11
      14
       7
      14
      18
       8
      20
      10
      10
       5
       9
       7
      11
      10
      13
      15
       9
      20
      14
      16
      14
       5
      13
      15
      12
      21
      18
      11
      16
      19
      21
      17
      10
      11
      20
      14
      12
      19
      18
      12
       9
      17
      17
      16
      13
       7
      15
       8
       8
      14
      22
      12
      12
      17
      14
       4
       9
       9
      11
       7
      13
      17
      10
      11
      14
      11
      15
      14
       8
       9
      12
      14
      11
      10
      11
      10
      12
      15
       5
      14
       7
      15
      13
      10
      10
      17
      11
       9
      13
      13
      10
       9
      13
      11
      15
      14
       8
      12
      12
       6
      15
      13
      13
       7
       7
      16
      14
       4
       6
      13
      13
      11
      13
      11
      13
       9
      11
      10
       9
      10
      13
      14
      14
      15
       8
      18
      14
      10
      17
      12
      17
      15
      12
       8
      14
      10
       9
       7
       3
      21
       6
       6
      12
      11
      10
      15
      12
      10
       8
       9
       7
      16
      14
      16
      15
      10
      16
      10
      10
      15
       9
      12
       9
      18
      16
      14
      11
      15
      12
      13
      10
       7
      10
      10
      15
      10
      13
      10
       5
      12
      20
      11
      11
       9
      14
      13
      13
      11
      14
      11
      11
      12
       6
      12
       9
      13
      11
       8
       4
      10
      12
       9
       8
      17
       5
       8
       8
      10
       7
       4
       8
      11
       5
      13
      10
      15
      11
       8
      13
       6
      11
      12
      14
      14
       8
       7
       8
      12
       6
      14
      10
       6
      14
      11
      11
       9
      15
       9
      15
      10
      13
      10
       9
      11
       7
       6
      11
      11
       9
      14
      16
      12
      10
       5
      15
       9
      17
      10
      19
      15
       9
       8
      14
      11
      13
       9
      10
      11
       5
      12
       3
       9
       8
      10
      15
       8
      15
       9
      10
      15
      13
      18
       8
       8
      10
      11
      14
      11
      12
       5
      11
      10
      10
       9
      13
      16
      13
       6
      12
      10
      16
      13
      15
      11
      12
      15
      12
      11
       6
      10
      15
      16
      10
      11
      19
      18
      13
      11
       8
      20
      20
      10
      10
      28
      12
      13
      12
      18
      21
      14
      16
      20
      18
      18
      19
      12
      13
       9
      11
      11
      10
       9
      11
       9
       8
       8
      20
       7
       9
       8
       7
       5
      11
      13
      12
       8
      12
       8
      16
      11
      11
       8
      12
      10
       9
      10
       9
      16
      10
      12
       6
      10
       9
      16
      16
       8
      12
      12
      11
       7
      11
       8
      13
      10
      11
      11
       7
       9
      10
       8
      10
       5
      11
      22
       6
       8
      10
       7
      10
      11
       5
       7
       9
       9
      11
      14
       7
      14
       8
      15
       9
      17
       8
       9
       7
      13
      11
      14
       6
      12
      11
      13
       7
      10
      10
      13
      16
       9
      16
      10
      11
      15
       9
      11
      15
      12
      12
       9
      14
       8
       7
       6
      12
      14
       8
       7
       5
      19
      12
       5
       9
      11
       9
      15
      10
       5
      11
      19
       9
      10
      11
      14
      13
      12
      12
      15
      13
       5
      12
      24
      15
       8
       2
       5
       5
       6
       8
       8
       9
       9
       9
       9
       9
       8
       9
      15
       8
      12
      11
       9
      12
       8
      10
       9
       6
      11
       4
      12
       4
       7
       4
       8
       8
       7
      10
      10
      10
      10
       9
       6
      16
       7
       9
      16
      14
      17
      10
       7
       5
       9
      11
      11
       7
      13
       9
      12
       7
      16
      11
      13
       9
       8
       9
       3
      11
       8
       9
       9
      12
       6
       8
      12
       8
      12
       8
       8
      11
      10
      11
       6
       9
       8
      13
       3
      11
       8
       8
       6
      10
       8
      13
       9
      11
      11
      14
       9
       7
      10
      10
      13
      13
      11
      17
      10
      13
      15
      12
      15
       9
       6
      12
       7
       9
      12
       5
       9
       8
       7
      13
      12
       8
      17
      10
       7
       7
      10
      11
       7
      11
      14
       7
       9
       4
       9
      11
      13
       8
      14
       9
       8
       9
       7
      13
       7
       7
       9
      11
       9
       8
       7
       9
      10
      10
       8
       9
      10
       7
       8
      11
       7
       9
       8
      10
      12
      18
       6
       7
       9
       8
       6
       9
       9
      16
       7
      13
       9
       9
      12
       6
      10
       4
       3
      11
       8
      13
      11
      10
      10
      15
      12
      16
      10
       6
       6
      15
      15
       6
       4
       8
      11
      16
       8
       9
      10
      13
       7
       6
       9
       7
      14
       8
       8
      11
      12
      15
      13
       7
       9
       9
      10
       8
       7
       9
      10
       9
       8
      12
       9
       5
       7
      10
       7
       8
       6
      11
       7
      10
       9
       7
       6
       9
       7
       9
      12
       6
       6
      13
      13
      10
      14
       9
       9
      11
      17
      11
      10
      11
       7
      11
      12
      13
       7
       8
       4
      11
       5
       4
       6
       9
       7
      10
      13
       9
      11
       9
      11
       9
       7
      11
       8
      12
      10
       7
       7
       5
      12
       7
       7
       9
       8
      17
      14
      10
       7
      14
      12
       7
       9
       7
      12
      17
      10
       4
      16
       8
      10
      13
       6
       9
      11
       8
       6
       4
       9
       7
      12
       7
       5
      17
       6
      12
      12
      11
      12
      10
      11
      13
       8
      12
      10
       5
       9
      15
       9
      10
       6
       6
       8
      11
       7
      15
       9
      13
      11
       8
       8
      11
      10
       9
      13
      18
       9
      11
      10
       6
      10
      12
      14
      12
      13
       8
       4
       9
       8
      11
       9
       9
      14
       9
       6
      11
       7
      10
      12
      11
       8
       7
      13
      11
       5
       8
       6
       4
       6
       4
      10
      15
      10
       7
       8
       6
       6
       7
      11
       9
      15
       8
       9
       6
      12
       6
       1
      10
      14
       9
       4
       8
      10
       8
       3
      14
       9
       7
       6
      13
       7
       7
       6
       5
       7
       5
       6
       9
       6
       6
       7
       7
       8
       8
       8
       7
       6
       7
      10
       6
      10
      11
      13
      10
      10
       5
      12
       8
      10
       5
      13
       7
       8
       9
      10
      10
      12
      10
      12
      10
       6
       8
       7
      12
       7
       9
       8
      14
      12
      11
      15
      15
      22
      26
      26
      24
      29
      32
      36
      28
      29
      44
      26
      24
      22
      19
      18
      18
      15
      10
      12
      14
      13
       7
       9
      14
      12
      10
       9
       9
       6
       5
      12
      10
      11
       6
       9
       8
      11
      12
       8
      14
       7
       9
      10
      11
       9
       7
      11
       7
       6
       9
       9
       4
      16
       4
      10
      12
      11
       8
       8
      11
      12
       9
       7
       9
       3
      10
       9
      11
       9
       9
      11
       7
       5
      10
       7
       4
       5
       5
      14
       7
      10
       5
       8
       8
      10
       9
      11
      10
      10
       8
      10
      11
       9
       9
       4
       6
      15
       6
       6
       7
       7
       7
      17
       8
       9
      12
      12
       6
       5
       5
       8
       5
       6
       7
      11
       9
       6
       5
      10
       8
       8
       9
       3
       9
       8
       5
       9
      10
       6
       7
       9
       5
       9
       3
      11
      11
      12
       8
       2
       4
       9
       6
      14
       3
       8
       7
       6
       5
       6
       7
      12
       6
       6
      10
       6
      11
       2
      17
       3
       5
      11
      10
       5
       6
       8
       6
       6
       4
      10
       6
       6
       3
       7
       9
       8
      17
      14
       8
       8
       8
       9
       9
       8
       7
       8
       6
      12
      11
       6
       8
       7
       8
      10
      16
       9
      10
       8
       9
       7
       7
      11
       4
       9
      11
       5
       9
       9
       3
       5
       4
       7
       8
       5
      10
       8
       3
       8
       2
       7
       9
       9
      13
      10
      10
       9
       8
       8
       7
       2
      11
       9
       9
       8
      17
      11
      11
       4
       5
       7
       7
      10
       8
       7
      11
      12
      12
      11
      12
       5
       6
       5
      13
       6
      11
       9
       7
      13
      14
       8
       8
      12
      11
       8
       9
       7
      14
       9
       6
       9
      11
       7
       7
       7
       9
      10
       4
      13
      10
      11
       3
      11
      10
       8
       6
       7
       6
       5
       9
       6
       6
       9
       6
       7
      12
      13
       6
      12
      13
      13
       8
      12
      12
      17
       7
       9
       9
      14
       9
       8
       8
      14
      13
      12
       7
       3
       7
       7
       9
       5
       8
       7
       7
       6
       5
       8
       6
       9
      12
       4
       6
       5
       6
      10
       6
       6
       3
       8
       8
      11
       8
       9
      10
      10
      10
       8
       5
      13
       9
       6
       4
       4
       7
       3
      10
       8
       4
       7
      10
       9
       4
      10
       6
      10
       7
       5
       8
      10
       7
       7
      15
      11
       9
       5
       6
       6
       9
       7
      12
       8
       6
       9
       7
       6
       8
       8
      12
       5
       9
      10
       7
      10
       9
       6
       8
       8
      10
       6
       6
       4
       5
       6
       9
       9
       8
      12
       7
       7
       7
      11
       6
       8
       7
       9
       3
       9
       6
       9
       6
       3
      10
       5
       9
       9
      10
      10
       8
      13
      13
       5
      10
       6
       9
      11
       7
       8
       4
       7
       7
       8
       3
       9
       5
      11
      10
       3
       8
      10
      11
       3
       2
       7
       6
       9
       3
       8
       3
       7
       5
       6
       9
      12
       8
       8
       8
      15
      10
       7
       6
       4
       6
       9
       5
       5
       4
      10
       4
       9
       6
       5
       5
       7
       8
      10
      10
       5
       6
       4
       8
       7
       9
       6
       8
       4
       8
       5
      12
      14
       5
      10
       5
       5
       9
       8
       5
       5
      10
       8
       5
       3
       7
       7
      11
       4
      14
       4
       6
       2
       8
       6
      13
      14
       9
       5
      12
       8
       7
       5
       7
       8
       7
       8
       5
       6
       9
       9
      11
      15
      12
      12
       7
      13
      11
       8
       6
      14
      10
       7
       9
       2
       5
       8
      11
       7
       9
      11
       8
       2
       3
      11
       8
      11
       4
      11
      12
      20
       5
       4
       7
       5
       8
      14
       6
       6
       9
       9
       6
       8
       5
       2
      10
       9
       9
      15
       5
       9
      10
       4
       4
      15
       7
       8
      14
       5
      10
       6
       4
       6
       8
       4
       8
       4
       7
       8
       3
       8
       4
       5
       6
       7
      11
       2
       5
       5
       6
      11
       7
       8
       9
       5
       7
       9
      11
       4
       8
       8
       7
       8
       5
       8
       7
       5
      11
       9
       5
       7
       7
       9
       6
       2
       2
      14
      10
       4
       6
       9
       7
       8
      11
       7
      11
       3
       6
       7
       5
       4
       5
       6
       5
       6
       7
      13
       4
       5
       9
       7
       6
       7
       4
       3
       7
       6
       7
       5
       6
       8
       6
      13
       7
       7
       6
       8
       8
       2
      10
       5
       7
       5
       4
       5
       6
       4
       9
       7
       5
       9
       7
       5
       8
       2
      12
       8
       4
       8
      11
       7
       4
       5
       3
       9
       8
       4
      12
       7
       8
      10
       4
       8
      11
       6
       6
       9
       8
       6
       7
       9
       8
       7
       7
       8
       8
       7
       7
       5
       5
       7
       5
       8
       8
       8
       4
       6
      11
       6
       4
       9
       4
       6
       5
       8
      11
       6
       8
       5
       7
       6
       8
      12
       5
       6
       7
       8
      10
       8
       6
       9
       3
       9
       7
       4
      12
       6
       7
      10
       7
       8
       7
       8
       4
      11
       8
       8
       9
       7
       6
       8
       7
       2
      10
       4
      11
       6
       7
      10
       8
       8
      11
       6
       3
       6
       4
       7
       7
       5
       7
       6
       9
       3
       4
       7
       9
       5
       2
       3
      11
       1
      11
       7
       7
      13
       3
       5
       6
       5
       7
       7
       8
       8
       9
       4
       4
       7
       8
       6
       3
       3
       6
       8
       5
      10
       4
       7
       4
       6
       7
       4
       9
       5
      14
      14
       4
       4
       8
       8
       7
       8
       4
       5
       6
       5
       8
       6
       7
       5
       4
       8
       7
       9
       7
       8
       8
       4
      10
       8
       8
       3
       6
       7
       4
       4
       8
       3
       5
       9
       7
       9
       8
       8
       9
       5
       1
      10
       8
       5
       6
       2
       3
       4
       6
       6
       4
      10
       8
       4
       7
       5
       9
       5
       4
       3
       4
       8
       8
       4
       5
       7
       5
       4
       4
       8
       5
       3
       5
       6
       2
       7
       4
       5
       7
       7
       5
       7
       4
       3
      10
       8
       7
       8
      10
       5
       7
       9
       8
       9
      10
      11
       6
       8
       5
       7
       7
       7
       4
       6
       3
       7
       4
       6
      11
       1
       5
       9
       6
       7
       5
       4
      10
      13
       3
      11
       7
       5
       9
       8
       6
       5
       8
      12
       1
       6
       6
       4
       4
       4
      10
       6
       9
       8
       5
       5
       8
       5
       4
       5
       6
      13
       6
       6
       8
       5
       7
      10
       6
       5
       6
       8
       8
       4
      10
       7
       6
       8
       7
      11
       6
      11
       7
       6
       6
       4
       2
       3
       9
       8
       5
       5
       5
      15
       7
       8
      10
       5
      11
       5
       7
       5
       8
       3
       7
       4
       6
       4
      12
       7
       3
       8
       7
       4
       6
       6
      11
       3
       4
       7
       5
       9
       7
       3
       8
       9
       5
       8
       4
       8
       6
       3
       7
       7
       9
       9
       6
       8
       6
       2
       5
       8
       3
       8
       9
      10
       9
      10
      10
      10
       5
       5
       8
       5
      11
       7
       8
       2
      10
       6
       6
       5
       8
       3
       7
       6
       7
       7
       9
       8
       4
       3
       9
       4
       4
       5
       6
       6
       7
       8
       5
       5
       3
       5
       3
       8
       4
       4
       8
      15
       9
       9
       7
       9
      11
       4
       8
       4
       4
       6
       7
       9
      10
       5
       5
       7
       5
       5
       8
       1
       3
       4
       5
       7
       7
      10
      12
       3
       4
      14
       6
       3
       6
       4
       9
       4
       7
       7
       8
      10
       4
       7
       7
       5
      11
       8
       4
       2
       1
       4
       8
       9
       6
      12
       5
      10
       5
       4
       5
       5
       5
       7
       6
       6
       6
       6
       4
      10
       7
       6
       8
       9
       5
       4
       6
       3
       3
       5
       6
      11
       6
      10
       1
       6
      10
       4
       9
      10
       8
      12
       6
       9
      12
      13
       7
      10
      10
      11
       7
       7
      11
      12
      12
      10
      10
      11
       7
      10
       3
      10
       4
       5
       6
       4
       6
       3
       6
       4
       5
       7
       5
       9
       5
      12
       8
       9
       5
      10
       1
      11
      16
       6
       2
       7
      10
       7
       3
       9
       6
       7
       4
       6
       6
       7
      13
       9
       8
       3
       6
      12
       6
       6
       7
       5
      15
       7
       9
       6
      11
       3
      14
       5
       5
       5
       1
       3
       4
       4
       6
       3
       4
      11
       8
       5
      10
       8
       8
       6
       6
       5
       6
       8
       6
       6
       7
       9
       3
       6
      13
       2
       9
       3
       3
       2
       6
       7
       6
       6
       4
       4
       7
       6
       5
      10
       4
       8
       5
       6
       7
       6
       7
       1
       4
       7
       6
       5
       3
       2
       2
       7
       4
       4
       5
       6
       4
       9
       1
       9
       9
       4
       4
       2
       7
      11
       2
       4
      10
       3
       4
       7
       7
       3
       3
       8
       8
       3
       8
       5
       5
       1
       7
       5
       7
       5
       6
       5
       4
      10
       5
       5
       7
       3
       2
       9
       7
       6
       5
       8
       8
       5
       4
       4
       4
       7
       7
       3
       6
       5
       5
       8
       5
       6
       7
       5
       7
       3
       2
       5
       7
       7
       6
       7
       6
       2
      11
       5
       5
       6
       8
       7
      14
       7
       6
       5
       4
       7
       6
       4
       4
       4
       3
       5
       4
       6
       3
       5
       9
       3
       9
       4
       7
       9
       9
       6
       5
       6
       8
       4
       5
       7
       7
       7
       6
       7
       4
       1
       5
       3
       9
       5
       9
       6
       3
       7
       3
       8
       2
       5
       4
       5
       3
       7
       6
       6
      12
       7
       3
       4
       4
       6
       1
       5
       5
       6
       7
       4
       5
       5
       5
       8
       7
       3
       7
       7
       7
       4
      10
       8
      11
      10
       4
       3
       6
       4
       7
       5
      10
       1
       2
       7
       9
       4
      10
       4
       5
       5
       7
       8
       8
       6
      10
       5
       7
       6
       4
       7
      11
       9
       2
       2
      11
       5
       4
       3
       8
       8
      10
       5
       5
       6
       4
      13
       3
       3
      10
       6
       6
       6
       4
       8
       8
       7
       8
       4
       3
       9
       8
       4
       2
       2
       7
       5
       2
       9
       5
       8
      10
      11
      15
      11
      11
      15
      18
      14
      15
      24
      13
      13
       8
      12
      13
       9
      11
      12
       7
       2
       4
       5
       6
       7
       8
       4
       6
       4
       8
       7
       3
       8
       6
       7
       4
       9
       2
       6
       5
       3
       9
       5
       8
       9
       8
       8
       9
       1
       8
      14
       2
       6
       3
       8
       4
       7
       6
       8
       6
       6
       6
       8
       8
       7
       9
       4
      10
       2
       5
       5
       5
       2
       4
      10
       5
       9
       4
       5
       7
       3
       2
       6
       4
      11
       3
       4
      10
       6
       4
       4
       9
       8
       7
       4
       4
       5
       6
       6
       4
      10
       3
       2
       7
       4
       6
       5
       5
       3
       8
       6
       5
       9
       5
       8
       4
       7
       9
       9
       9
       8
      10
       5
       6
       8
       7
       2
       8
       5
       4
       7
       5
       3
       5
       4
       2
       8
       5
       1
       4
      11
       9
       4
       3
       7
       3
       5
       8
       4
       7
       7
       6
      11
       5
       3
      10
       8
       8
       5
       4
       3
       4
       9
       7
       8
       8
      10
       6
       7
       5
       5
       4
       6
       5
      10
      11
       3
       6
       6
       4
       8
       6
       3
       5
       6
       2
       7
       1
       0
       0
       0
       0
       0
       0
       0
       0
       0
       0
       0
       0
       0
       0
       0
       0
       0
       0
       0
       0
       0
       0
       0
       0
       0
       0
       0
       0
       0
       0
       0
       0
       0
       0
       0
       0
       0
       0
       0
       0
       0
       0
       0
       0
       0
       0
       0
       0
       0
       0
       0
       0
       0
       0
       0
       0
       0
       0
       0
       0
       0
       0
       0
       0
       0
       0
       0
       0
       0
       0
       0
       0
       0
       0
       0
       0
       0
       0
       0
       0
       0
       0
       0
       0
       0
       0
       0
       0
       0
       0
       0
       0
       0
       0
       0
       0
       0
       0
       0
       0
       0
       0
       0
       0
       0
       0
       0
       0
       0
       0
       0
       0
       0
       0
       0
       0
       0
       0
       0
       0
       0
       0
       0
       0
       0
       0
       0
       0
$ROI:
0
$PRESETS:
None
0
0
$ENER_FIT:
-2.173939 0.279251
$MCA_CAL:
3
-2.173939E+000 2.792507E-001 0.000000E+000 keV
$SHAPE_CAL:
3
1.571259E+001 -1.155430E-003 0.000000E+000
