$SPEC_ID:
226Ra
$SPEC_REM:
DET# 1
DETDESC# MCB 132 Input 1
AP# Maestro Version 6.06
$DATE_MEA:
02/08/2022 13:46:26
$MEAS_TIM:
79786 79794
$DATA:
0 8191
       0
       0
       0
       0
       0
       0
       0
       0
       0
       0
       0
       0
       0
       0
       0
       0
       0
       0
       0
       0
       0
       0
       0
       0
       0
       1
    1279
    7664
     777
     346
     314
     317
     339
     364
     364
     347
     358
     369
     383
     385
     366
     368
     403
     390
     318
     322
     318
     316
     297
     281
     264
     264
     285
     292
     283
     271
     257
     269
     283
     249
     246
     273
     246
     242
     216
     208
     231
     214
     227
     217
     222
     211
     233
     245
     222
     206
     228
     211
     209
     201
     201
     214
     179
     182
     174
     214
     182
     182
     197
     171
     184
     186
     186
     174
     175
     191
     178
     169
     170
     201
     147
     173
     157
     158
     153
     167
     161
     192
     144
     174
     172
     156
     163
     137
     159
     173
     156
     159
     148
     126
     170
     165
     143
     141
     169
     146
     149
     147
     144
     156
     143
     147
     160
     134
     150
     150
     168
     130
     135
     141
     146
     149
     139
     150
     146
     123
     139
     161
     141
     164
     138
     151
     168
     145
     141
     156
     141
     124
     136
     153
     137
     162
     152
     133
     142
     149
     144
     160
     154
     162
     165
     197
     289
     277
     247
     201
     150
     148
     137
     145
     145
     153
     138
     160
     139
     179
     172
     167
     151
     145
     172
     150
     149
     143
     177
     170
     179
     214
     211
     174
     156
     167
     164
     146
     154
     186
     157
     209
     153
     171
     148
     165
     185
     179
     156
     173
     174
     189
     174
     198
     194
     207
     196
     176
     195
     188
     175
     194
     185
     217
     257
     391
     563
     665
     562
     374
     237
     193
     181
     202
     189
     179
     202
     194
     192
     191
     210
     212
     252
     251
     242
     239
     193
     174
     181
     205
     211
     198
     208
     206
     211
     220
     200
     223
     202
     224
     236
     250
     253
     231
     233
     232
     366
     534
     732
     646
     428
     282
     223
     260
     449
     685
     900
     848
     586
     380
     213
     203
     200
     234
     270
     262
     238
     170
     196
     242
     317
     322
     268
     210
     159
     168
     176
     176
     267
     350
     460
     457
     422
     381
     286
     230
     231
     186
     174
     207
     269
     317
     426
     397
     380
     284
     205
     208
     196
     186
     204
     291
     291
     314
     231
     216
     163
     189
     248
     375
     638
     973
    1051
     899
     636
     388
     268
     229
     287
     277
     251
     241
     194
     163
     155
     174
     164
     156
     166
     168
     215
     196
     229
     234
     223
     194
     174
     168
     166
     159
     152
     146
     155
     149
     137
     133
     180
     157
     156
     166
     140
     148
     150
     153
     136
     152
     155
     178
     161
     149
     164
     162
     164
     148
     182
     159
     170
     155
     157
     177
     192
     170
     177
     167
     192
     159
     186
     163
     162
     196
     175
     185
     194
     185
     239
     227
     198
     182
     187
     167
     164
     177
     164
     199
     178
     156
     147
     181
     148
     177
     180
     176
     163
     172
     166
     191
     189
     157
     148
     161
     165
     162
     162
     176
     176
     163
     168
     171
     193
     170
     172
     157
     175
     159
     161
     165
     165
     166
     156
     165
     163
     169
     168
     146
     171
     173
     170
     171
     167
     156
     175
     168
     179
     172
     148
     168
     170
     197
     155
     169
     166
     135
     184
     175
     137
     173
     163
     156
     189
     200
     159
     143
     179
     172
     167
     166
     168
     161
     170
     183
     183
     166
     166
     190
     196
     183
     172
     185
     185
     164
     176
     194
     169
     160
     177
     188
     167
     172
     179
     176
     176
     174
     192
     216
     281
     313
     307
     271
     204
     204
     186
     194
     175
     174
     168
     190
     181
     186
     172
     147
     163
     180
     193
     175
     191
     183
     168
     188
     169
     177
     157
     179
     172
     174
     176
     154
     160
     182
     170
     168
     192
     206
     228
     228
     215
     180
     187
     180
     174
     155
     169
     156
     196
     141
     166
     167
     172
     157
     144
     189
     172
     178
     173
     186
     166
     171
     151
     171
     176
     152
     169
     180
     190
     186
     192
     210
     183
     214
     186
     197
     159
     132
     147
     147
     150
     171
     165
     169
     129
     157
     171
     172
     151
     159
     151
     146
     160
     150
     181
     140
     135
     173
     141
     156
     149
     174
     165
     172
     148
     146
     152
     162
     147
     148
     157
     146
     130
     166
     153
     157
     136
     162
     142
     187
     151
     151
     158
     144
     127
     148
     170
     157
     132
     146
     143
     140
     138
     156
     145
     119
     145
     129
     140
     190
     160
     162
     147
     158
     158
     158
     167
     162
     213
     308
     619
     872
     989
     994
     713
     471
     263
     150
     126
     138
     130
     127
     140
     130
     145
     147
     133
     148
     123
     136
     138
     137
     134
     147
     121
     126
     126
     130
     131
     143
     134
     139
     127
     145
     126
     163
     145
     145
     124
     125
     152
     142
     125
     146
     146
     147
     144
     126
     158
     148
     143
     110
     104
     136
     142
     135
     126
     135
     142
     140
     127
     144
     158
     129
     112
     117
     140
     116
     131
     142
     137
     181
     194
     158
     138
     111
     121
     129
     141
      99
     105
     126
     107
     119
     116
     107
     116
     108
     109
     119
     126
     125
     132
     117
     125
     102
     119
     114
     117
     125
     104
      93
     109
     103
     107
      97
      91
     119
      99
     108
     115
     105
     112
     118
     119
     103
     109
     122
     123
     113
     113
     118
     111
     107
      95
      98
     117
     124
     109
     105
     108
     105
     111
      93
     112
     107
     101
      87
      87
     113
     114
     113
      93
     101
     104
     111
      89
     113
      98
     105
     101
     109
      84
     102
     135
      92
     102
      91
     107
     111
      93
     105
     115
      85
      81
     106
     106
      96
      93
      93
     100
     104
     102
     102
     111
      83
      98
      99
     125
     125
     147
     186
     161
     154
     134
      91
      97
      89
     124
     142
     156
     192
     150
     117
      94
     102
      88
      95
     105
     131
     202
     314
     485
     480
     451
     298
     179
     135
     106
      92
      71
      86
      92
      72
      91
      80
     101
     114
      81
      87
      84
      75
      83
      84
      85
      90
      82
      82
      75
      80
      93
      78
      80
      88
      80
      95
      79
      81
      82
      60
      77
      99
      97
      79
      83
      85
      89
      98
      92
      84
      83
      86
     118
     127
     119
     112
      98
     108
      82
      97
      88
     116
     116
     120
     122
      93
     101
      82
      89
      86
      79
      86
     110
      65
      80
      75
      90
      89
      72
      69
      80
      77
      58
      79
      69
      67
      68
      75
      83
      72
      71
      68
      68
      86
      66
      61
      77
      85
      88
     123
     138
     147
     157
     151
     105
     123
     115
     154
     132
     135
      96
      71
      65
      67
      91
      82
      82
      89
      89
      91
      97
      87
     106
      90
      84
      61
      57
      60
      79
      69
      83
      71
      70
      75
      62
      76
      61
      92
      74
      77
      79
      92
      67
      95
      67
      75
      82
      74
      72
      78
      85
      68
      87
      91
      70
      65
      69
      58
      64
      79
      95
      72
      75
      74
      64
      51
      54
      67
      48
      56
      61
      69
      74
      66
      61
      65
      71
      65
      66
      69
      64
      62
      71
      65
      61
      62
      83
      59
      83
     128
     209
     418
     722
     990
     908
     723
     418
     246
     126
      68
      95
      58
      57
      70
      56
      76
      78
      69
      84
      70
      82
      92
      91
      98
      61
      60
      69
      61
      66
      72
     100
      83
      76
      63
      63
      66
      60
      56
      81
      60
      58
      71
      54
      63
      64
      46
      53
      76
      56
      60
      50
      60
      64
      49
      53
      64
      63
      47
      68
      63
      67
      54
      58
      49
      55
      63
      56
      63
      62
      58
      57
      62
      55
      71
      55
      54
      47
      56
      45
      63
      50
      60
      47
      56
      58
      51
      70
      56
      64
      64
      58
      61
      52
      43
      47
      47
      54
      59
      45
      58
      52
      54
      71
      61
      70
      57
      84
      62
      58
      65
      59
      56
      53
      49
      48
      69
      60
      66
      57
      68
      49
      56
      58
      62
      64
      62
      66
      70
      96
      75
      58
      59
      51
      46
      69
      49
      52
      59
      61
      46
      60
      57
      66
      62
      55
      46
      53
      57
      52
      51
      56
      45
      53
      55
      55
      61
      68
      80
      75
      83
      59
      59
      59
      55
      47
      49
      58
      61
      42
      49
      50
      49
      66
      59
      54
      56
      61
      48
      47
      52
      58
      51
      55
      54
      45
      37
      59
      54
      50
      50
      54
      49
      62
      52
      57
      55
      62
      54
      44
      63
      78
     112
     220
     457
     768
    1151
    1481
    1375
    1138
     700
     323
     127
      81
      60
      45
      40
      44
      47
      47
      52
      50
      53
      47
      46
      52
      50
      49
      52
      54
      43
      47
      36
      45
      48
      49
      45
      49
      46
      39
      43
      46
      54
      34
      57
      50
      44
      48
      38
      50
      54
      36
      46
      55
      46
      44
      41
      43
      44
      50
      42
      48
      53
      32
      31
      42
      38
      45
      45
      63
      37
      50
      45
      46
      48
      41
      46
      50
      55
      50
      50
      31
      39
      58
      53
      50
      39
      39
      39
      44
      46
      41
      39
      43
      55
      54
      32
      49
      37
      54
      44
      46
      59
      45
      51
      37
      49
      45
      47
      47
      47
      43
      52
      35
      35
      40
      49
      47
      42
      48
      50
      36
      47
      52
      42
      31
      42
      41
      51
      50
      51
      42
      54
      48
      54
      37
      51
      44
      51
      62
      63
      72
      40
      56
      51
      42
      44
      39
      32
      38
      44
      37
      44
      48
      49
      41
      31
      47
      46
      42
      50
      54
      52
      51
      55
      36
      47
      39
      41
      45
      45
      36
      46
      52
      41
      40
      59
      34
      50
      49
      30
      40
      36
      54
      54
      75
      85
      62
      70
      48
      49
      37
      57
      53
      40
      57
      53
      70
      51
      79
      44
      54
      42
      49
      45
      48
      40
      49
      33
      51
      45
      46
      32
      52
      46
      38
      43
      43
      45
      41
      44
      41
      47
      52
      31
      35
      44
      48
      38
      39
      42
      39
      34
      44
      55
      46
      37
      49
      41
      42
      45
      47
      39
      39
      50
      48
      44
      55
      42
      41
      35
      48
      42
      49
      40
      49
      50
      43
      41
      41
      40
      42
      42
      50
      41
      34
      34
      28
      55
      37
      53
      34
      47
      41
      37
      52
      39
      57
      40
      46
      50
      34
      52
      40
      34
      36
      43
      31
      46
      52
      39
      38
      39
      34
      39
      39
      45
      56
     101
     118
     141
     155
     157
     100
      63
      44
      32
      43
      31
      33
      28
      43
      32
      35
      39
      44
      41
      32
      37
      36
      33
      41
      36
      25
      30
      33
      38
      37
      51
      30
      47
      35
      33
      34
      40
      31
      45
      34
      38
      30
      42
      38
      41
      34
      38
      37
      27
      26
      38
      26
      38
      37
      25
      44
      34
      35
      38
      34
      37
      29
      35
      23
      37
      31
      39
      34
      37
      34
      32
      32
      40
      27
      32
      44
      35
      40
      43
      35
      33
      35
      33
      33
      32
      26
      33
      31
      38
      38
      38
      26
      34
      28
      34
      30
      32
      27
      28
      36
      25
      40
      46
      37
      38
      40
      35
      30
      39
      33
      40
      23
      39
      34
      34
      38
      36
      29
      38
      29
      36
      34
      34
      44
      26
      31
      38
      25
      43
      26
      38
      30
      36
      31
      29
      23
      32
      33
      33
      37
      32
      31
      29
      36
      32
      29
      31
      27
      32
      32
      29
      28
      28
      34
      33
      35
      28
      27
      31
      29
      32
      24
      22
      25
      28
      42
      40
      24
      49
      35
      28
      37
      34
      38
      25
      28
      28
      34
      41
      31
      31
      20
      30
      31
      20
      28
      33
      32
      33
      36
      26
      38
      36
      41
      37
      25
      38
      42
      42
      30
      30
      26
      26
      26
      35
      35
      29
      30
      35
      29
      22
      24
      21
      30
      39
      29
      30
      34
      31
      35
      30
      25
      36
      26
      31
      27
      31
      36
      18
      25
      26
      29
      26
      23
      18
      19
      25
      31
      20
      24
      36
      27
      30
      17
      23
      24
      34
      26
      32
      26
      25
      29
      18
      26
      25
      32
      23
      31
      25
      25
      32
      26
      27
      31
      25
      29
      36
      36
      41
      48
      41
      46
      69
      74
      88
     134
     125
     150
     142
     181
     148
     131
     115
      94
      93
      57
      51
      40
      39
      29
      26
      25
      40
      22
      25
      27
      33
      26
      25
      27
      21
      28
      26
      22
      24
      21
      22
      19
      23
      21
      28
      25
      16
      29
      21
      20
      25
      26
      33
      25
      12
      30
      28
      27
      14
      25
      21
      26
      23
      15
      26
      25
      19
      25
      21
      29
      30
      21
      16
      22
      28
      32
      20
      17
      26
      19
      17
      26
      21
      23
      18
      21
      18
      24
      13
      20
      25
      27
      26
      24
      33
      31
      28
      28
      22
      22
      31
      26
      29
      33
      31
      23
      28
      23
      21
      22
      26
      30
      28
      14
      23
      29
      34
      19
      21
      16
      20
      34
      17
      22
      24
      28
      19
      27
      22
      30
      22
      23
      29
      15
      31
      21
      28
      20
      28
      29
      18
      27
      24
      24
      23
      28
      15
      24
      18
      24
      26
      16
      25
      22
      20
      18
      22
      25
      24
      16
      12
      25
      21
      20
      19
      25
      23
      18
      22
      20
      21
      18
      23
      20
      16
      24
      17
      20
      27
      24
      30
      17
      20
      26
      27
      20
      21
      20
      28
      18
      31
      15
      28
      26
      20
      24
      23
      15
      27
      16
      22
      16
      32
      24
      30
      26
      21
      23
      21
      24
      23
      24
      16
      22
      24
      24
      17
      17
      29
      26
      25
      31
      32
      31
      37
      29
      24
      31
      29
      24
      26
      17
      25
      24
      29
      25
      21
      24
      20
      17
      23
      16
      23
      25
      15
      21
      30
      16
      15
      32
      20
      18
      19
      24
      12
      19
      22
      19
      31
      26
      31
      31
      20
      21
      25
      21
      25
      26
      27
      42
      39
      32
      30
      35
      25
      27
      15
      20
      18
      19
      26
      18
      20
      25
      25
      12
      21
      25
      16
      15
      15
      17
      22
      20
      18
      14
      20
      22
      16
      23
      14
      29
      21
      17
      30
      17
      17
      22
      19
       8
      23
      19
      19
      25
      20
      15
      28
      13
      32
      17
      24
      21
      21
      28
      23
      19
      30
      28
      20
      26
      19
      27
      27
      22
      28
      21
      27
      28
      19
      23
      23
      24
      20
      23
      26
      28
      23
      17
      25
      22
      28
      25
      27
      21
      21
      30
      27
      48
      51
     122
     200
     366
     549
     809
     882
     831
     787
     508
     331
     186
      86
      45
      31
      20
      17
      23
      21
      33
      48
      57
      88
      97
     103
      91
      85
      75
      45
      33
      23
      20
      23
      17
      26
      17
      19
      16
      19
      16
      15
      18
      15
       8
      13
      12
      21
      24
      17
      21
      25
      22
      24
      17
      24
      19
      22
      14
      23
      14
      11
      18
      12
      13
      26
      24
      24
      23
      15
      12
      20
      14
      21
      19
      18
      13
      13
      15
      18
      21
      19
      19
      17
      14
      16
      20
      21
      13
      11
      19
      26
      30
      19
      16
      16
      20
      21
       9
      22
      16
      17
      20
      18
      27
       9
      14
      12
      12
      11
      13
      13
      31
      21
      25
       9
      12
      22
      19
      10
      12
      16
      10
      15
      23
      17
      12
      12
      13
      17
      12
      11
      20
      19
      22
      10
      22
      10
      15
      17
      18
      17
      20
      14
      17
      14
      22
      23
       8
      20
      13
      21
      20
      19
      20
      16
       9
      20
      14
      19
      18
      11
      16
      17
      17
      21
      22
      11
      17
      19
      16
      26
      22
      14
      16
      20
      15
      20
      18
      19
      16
      23
      21
      13
      14
      14
      14
      13
      38
      24
      51
      63
      99
     150
     126
     143
     130
      93
      79
      64
      40
      24
      18
      21
      18
      24
      29
      38
      49
      43
      31
      30
      20
      20
      11
      18
      23
      15
      13
      19
      14
      16
      10
      18
      17
      21
      12
      28
      16
      15
      15
      22
      20
      15
      19
      19
      11
      17
      23
      20
      22
      15
      12
      15
      14
       6
      12
      18
      20
      21
      14
      13
      12
       9
      20
      20
      11
      14
      14
      17
      19
      16
       8
      13
      15
      11
      11
      11
      25
      17
      16
      15
      16
      12
      25
      22
      14
      13
      13
      18
      18
      15
      18
      16
      13
      21
      20
      18
      18
      11
      16
      15
      15
      15
      13
      18
      11
      17
      14
      14
      17
      13
      20
      24
      15
      18
      19
      18
      18
      18
      19
      19
      13
      20
      14
      13
      15
      17
      11
      15
      15
      23
      12
      14
      20
      15
      12
      18
      15
      14
      15
      13
      15
      22
      21
      14
      10
      23
      18
      16
      17
      15
      31
      22
      19
      29
      19
      23
      11
      14
      13
      22
      18
      17
      21
      14
      18
      13
      19
      18
      17
      17
      13
      15
      16
      19
       5
      18
      14
      18
      21
      16
      13
      19
      20
      22
      23
      15
      19
       8
      21
      15
      15
      15
      17
      19
      14
      19
      15
      11
       7
       6
      18
      13
       6
      12
      15
      12
      14
      19
      14
      20
      13
      26
      22
      20
      25
      18
      18
      31
      33
      64
      64
      77
      86
      77
      61
      64
      33
      29
      17
      23
      10
      14
      11
      16
      25
      21
      16
      19
      19
      18
      18
      27
      13
      19
      11
      14
      19
      13
      13
      13
       9
      11
      17
      14
      21
      11
      17
      16
      12
      18
      16
      11
       9
      21
      10
      16
      13
      14
      11
      16
      17
      13
      13
      11
      13
      18
      18
      12
      18
      13
      10
      14
      15
      16
      20
      19
      16
      15
      16
      18
      15
      25
      22
      17
      19
      21
      16
      12
      16
      20
      13
      16
      15
      15
      14
      11
      13
      11
      12
      11
      15
      19
      15
      15
       6
       7
      20
      16
      17
      12
      15
      12
       9
      14
      15
      15
      14
      15
      21
      20
      20
      20
      12
      11
      12
      13
      19
      17
      12
       7
      21
      21
      11
      10
      13
      15
      21
      14
       9
      14
      14
      16
       8
      18
       9
      12
      10
      14
      14
      16
      16
      13
      13
      22
      12
      15
      11
      11
      12
      11
      18
      17
      23
      22
      14
      21
      36
      29
      33
      43
      37
      40
      72
      84
      67
      83
      73
      71
      53
      37
      30
      17
      12
      19
      13
      20
      16
      19
      19
      14
      13
      20
      10
       6
      17
      15
      19
      19
      14
      19
      18
      13
      17
      12
      11
      15
      15
      13
      18
      12
      16
      11
      11
      15
       7
      12
      13
      12
      22
       9
      18
      20
       9
      14
      17
      17
       9
      10
      17
      10
       9
      18
      17
      27
      19
      25
      23
      28
      37
      28
      22
      22
      21
      16
      16
      19
      12
      13
      14
      13
      12
      14
      14
      11
      14
      15
      12
      18
       9
      18
       9
      11
      13
       8
      13
       6
      19
      21
      16
      13
      16
      19
      22
      11
      16
      17
      14
      19
      13
      16
      10
      19
      14
      21
      11
      16
       9
       8
      13
      18
      13
       9
       8
      13
      19
      16
      16
      13
      21
      11
      11
      10
      21
      17
      16
      16
      20
      27
      34
      36
      30
      24
      27
      28
      14
      21
      15
       2
      17
      13
       7
      15
      11
      10
      14
      19
      12
      15
      11
      12
      18
      14
      14
       9
      17
      13
      18
      14
       9
      16
       9
      20
      20
       9
      16
      14
      18
       8
      18
      17
      15
      11
      10
      14
      18
       8
      19
      12
      19
      15
      16
      24
      12
      14
      13
      19
      17
      17
      15
       8
       5
       8
      10
      20
      11
      14
      12
      23
      13
      14
      13
      19
      17
      16
      17
      15
      13
      17
      11
      12
      13
      13
       9
      14
      10
      11
      15
       9
      13
      21
      18
      15
      16
      14
      18
      23
      13
      21
       8
      13
      11
      10
       9
      17
      23
      11
      15
      15
      14
      11
      11
      12
      19
      22
      27
      24
      22
      26
      13
      10
      23
      17
      16
      11
      12
      15
      15
       9
      14
      23
       9
      13
      17
       8
      15
      21
      12
       8
      15
      19
      17
      17
      13
      14
      20
      12
      15
      19
       9
       9
      12
      15
      15
      13
      13
      10
      12
      19
      22
      16
      15
      16
      11
      10
       9
      14
      10
      14
      14
       9
       9
      15
      12
      18
      11
      11
      17
       8
      13
      22
      14
      11
      14
      13
      14
      16
      20
      13
      11
      14
      15
      13
      11
      17
      19
      13
      11
      10
      16
      13
      18
      16
       8
      11
      11
       8
      10
      18
      16
      15
      10
      13
      11
       8
      19
      20
      18
      13
       9
      12
      17
      15
      16
      12
      12
      17
      14
      13
      11
      11
      17
      19
      15
       9
       6
       8
      16
      13
      15
      14
       9
      10
      11
      15
      15
      20
      13
      12
      10
      12
       8
       9
      14
      12
      12
      11
      11
      13
       8
      15
      10
      16
       8
      12
      10
      12
      14
      20
      15
       9
      13
      10
      18
      21
      19
      15
      12
      13
      19
      14
      12
      16
      13
      21
       6
      15
      13
      13
      16
      13
      14
      13
      18
      11
       9
      12
      13
      17
      10
      11
       9
      13
       9
       9
      11
       7
      11
      10
       7
      11
      13
       8
      17
      13
      15
      12
       8
      16
      19
      14
      14
      12
       9
      12
      17
      15
      10
      21
      15
      11
      14
      17
       8
      17
      16
      11
      10
      11
      12
       9
      20
      11
      12
      14
      13
      17
      18
      13
       9
      21
      13
      10
      10
      19
       7
      17
      10
      16
      11
      12
      10
      14
      12
      12
      15
      11
      14
      15
      18
      14
      11
      18
      17
      16
      25
      16
      20
      23
      15
      21
      16
      15
       8
      17
      20
       9
      14
      13
      14
      11
      12
       5
      10
      14
       9
      17
      12
      12
      14
      12
      16
      12
      13
      11
       9
      11
      11
       9
      11
      16
      15
      16
      14
      15
      15
      12
      14
      14
       8
      11
      12
       8
      10
      13
      13
       8
       6
      11
      14
       9
      15
      16
       7
      13
      13
      13
      10
      16
      12
      18
       7
      11
      11
       8
       9
      11
       6
       6
      15
       5
       9
      12
      18
      18
      37
      38
      45
      47
      48
      31
      35
      31
      21
      17
      17
      10
      11
       9
      14
      12
      12
       8
      10
       9
      10
       9
      13
       8
      10
      10
       9
       8
       8
      14
       9
      10
      12
      10
       9
       9
       6
       9
      12
      15
      17
      18
      14
      12
      11
       9
       8
       8
       8
      11
      12
      10
       9
       8
       5
      11
      12
      13
      12
       4
      18
      16
      12
      15
      13
       4
      17
      15
      15
      16
      14
      15
       5
      10
      14
      13
      12
      17
      10
      12
      13
      10
       6
      16
      13
       9
      12
      12
      13
       7
      12
       9
       8
      14
      13
      10
      13
      10
       8
      15
      11
       8
      11
      17
      17
      10
       6
      12
      19
      17
      17
      25
      17
       9
      17
      15
      13
      10
      13
      14
       9
      13
       7
      12
      16
      16
      22
      13
      14
      20
      15
      11
      11
      14
      11
      14
      18
      11
       7
      12
      12
      12
       6
      10
       9
       8
       6
       8
      11
      12
       9
      12
      10
       6
      12
       9
       9
       9
       8
      11
      11
      15
       8
       6
       8
      10
      10
       8
      11
       9
       6
       8
      13
       3
      10
      15
      10
      12
       9
       9
       7
      14
       6
      12
       8
      10
      12
      12
      14
       8
       8
       5
      10
      10
      12
      12
       8
      13
       7
      15
       7
      15
       8
      11
      15
      11
      11
       6
      10
       7
      10
      10
       9
       7
       8
      16
       7
      10
       4
      15
      16
      17
       9
       8
      10
      14
       6
      11
       8
      15
       8
       9
      14
       8
      10
      14
      14
      18
       9
      22
      24
      28
      31
      37
      34
      30
      20
      14
      12
      11
      14
      12
       9
      10
       6
       9
       8
       7
      12
       6
      13
       8
      10
      15
       9
       9
       8
      11
       3
       7
      12
       8
       4
       9
       9
      10
       7
       5
       5
       9
       9
      12
      11
      11
       9
      10
       6
       7
       8
       9
      16
       9
       9
      11
      12
      13
      13
      14
      11
      11
       6
       8
       5
      10
      13
      14
      11
      13
      10
       7
       8
      14
      10
      13
       8
       7
      10
      14
       8
       7
       6
      15
       5
      12
      12
      14
      10
       9
       9
       9
      11
       6
      13
      14
       7
       9
      14
       9
      12
      10
       5
      10
      10
       8
      13
       5
      14
      11
      11
       9
       7
      10
      11
       6
      10
      15
       6
      18
      12
      14
       9
      14
       9
      10
       6
       7
       7
      10
      14
      17
       9
      10
       9
       7
      12
       9
       9
      10
       3
      11
       8
      10
      10
      13
      12
      10
       9
      14
      12
      11
      13
      16
       9
       4
       8
       7
      13
      10
       9
      13
       5
       9
      12
      11
       9
       5
      13
      11
       5
      12
      11
      14
       4
      12
      14
       6
      16
       9
       7
      12
       8
      11
      15
      10
      12
      13
      15
      15
      12
       7
      12
      10
       6
      15
       7
       9
       8
       4
      13
      10
      10
       7
      14
      10
       7
       9
       9
       7
       7
       2
      12
      14
      17
      12
      11
       7
      11
       6
       6
       7
       9
      11
      10
      13
      11
      12
      17
      12
      11
      11
       5
       7
      15
       7
      12
      12
      12
      10
       6
       7
       9
       4
      12
       9
       5
       6
       6
      12
      13
      10
      13
       9
       9
       7
      10
      10
       9
       7
      13
      10
       8
       5
       7
       6
       5
       6
      14
       9
       6
       7
      12
      19
       6
      10
       7
      11
       7
       9
      12
      10
      15
      12
      13
      10
      13
      10
       7
       9
       4
       7
      11
      12
       7
      10
       6
       8
       9
      12
      11
       8
       5
      10
       7
       7
       8
       5
      10
       9
       9
       7
       9
       8
       9
       7
       7
      10
      15
      12
       7
       6
       8
       9
       1
       6
       4
      13
       2
       6
       4
      11
       7
      11
      11
       1
       6
       3
       8
      11
       6
      13
       6
       8
      13
      13
      10
       8
      13
       5
       4
      13
       6
       6
       9
       9
      10
       6
      10
       9
       8
       8
       7
      13
      14
      11
      10
      11
       8
       7
       9
       8
      14
       8
       9
       7
      11
       5
      12
      14
       7
      14
      12
       9
      11
      13
       9
       9
      10
       6
       7
       8
      12
       7
       8
       5
      10
       8
       6
       3
      11
       6
       7
       9
      13
       4
       4
       9
       9
       9
       4
       8
      12
      12
       9
      10
       2
      12
      14
      12
      15
       9
       8
      20
      28
      36
      37
      64
      88
      96
     116
     153
     140
     153
     104
     106
      70
      44
      37
      21
      19
      10
      12
      11
       2
       9
      10
       6
       8
       7
      10
      11
       8
       8
       8
       8
       7
       9
       6
      15
       9
       7
       9
       9
       5
      12
       9
       6
       6
       9
       5
       9
       9
       6
      12
       8
      13
      10
       9
      11
      12
       8
       7
       9
      13
      14
       5
       8
       7
       7
       5
       7
       2
       6
       9
       9
       9
       2
       6
       5
      11
       8
       5
      13
       3
      10
       9
       6
       5
       6
      10
       9
       7
      11
       8
      11
       9
       4
       6
       8
       8
      16
       8
       5
       7
       4
       7
       8
       8
       7
      12
       9
       7
       4
       8
       7
       9
       8
       3
       8
      11
       5
       8
      10
      11
       1
      11
       8
      11
      12
      10
      10
      12
      12
      23
      26
      22
      25
      19
      19
      17
      17
      11
       8
       3
      10
       4
       8
      10
       5
       4
      12
       9
       6
       8
       6
       9
      10
      10
       9
       9
       8
       9
       5
       7
       8
       8
      12
       8
       6
       9
       8
       6
       9
       3
       6
       8
      10
      11
      12
      13
       6
       7
       9
      13
       8
      12
       7
      14
       7
      10
       6
       8
       9
       7
      11
       8
       9
       4
      14
      10
       3
       7
      11
       3
       8
       9
       8
       6
       9
      10
       7
       9
       9
       7
       3
       8
      11
       8
       7
      12
       6
       8
       9
       7
       4
      12
       4
       9
       5
      15
       5
       8
      11
       8
       2
       6
      13
       8
      11
      13
       6
      10
       5
       9
       7
       5
       4
       4
      11
       7
       9
       5
       5
       5
       8
      11
       8
       4
       5
       4
       5
       5
       4
       9
       9
      10
       7
       8
       8
       8
       5
       5
       3
      11
       9
      14
       7
       4
       8
       4
       7
       8
      12
      15
       8
      16
       7
       9
       6
       5
      12
       9
      13
       4
       9
       9
       6
       1
       5
       6
       7
       5
       6
       3
       3
       7
       6
       8
      11
      10
       7
       6
       4
       7
       6
      11
       7
       7
       6
      10
       7
       7
      12
      14
      12
      15
      13
       6
       9
       7
      10
       3
       8
       6
      10
      10
       4
      13
       5
       8
      10
      10
      10
      11
       5
       8
       8
      12
       5
       5
      10
      10
       6
       8
       6
       8
       6
       6
       6
       8
       7
       9
       6
      10
       5
       5
       5
       4
       3
       8
       2
       7
      10
       9
       8
       8
       4
       5
       5
       9
       6
       8
       6
      10
       8
       7
       6
      10
      11
      10
       5
       5
       6
       6
       9
       8
      11
      10
       8
       5
       7
       8
       3
       9
       8
       4
       2
       7
       9
       4
       5
       8
       7
      10
       6
      12
       6
       7
       9
       6
       8
       8
       8
       3
       8
      10
      15
      29
      31
      39
      32
      44
      48
      55
      47
      40
      37
      19
      26
      12
      14
       9
      12
       7
       5
       6
       7
      12
       5
       3
       4
       2
       6
       4
       5
       9
       5
       6
       5
       6
       7
       9
       7
       7
       8
       1
       5
       7
       6
       7
       8
       3
       9
       3
       5
       8
       4
       5
      10
       3
       5
       9
       6
       7
       9
      19
      12
       5
      11
       9
       5
       4
       4
       9
       9
       3
       7
       7
       5
      10
       8
       6
      10
       6
       4
      11
       4
       5
      11
       4
       6
       8
       3
       4
       5
      10
       5
       5
       5
       4
       7
       7
      10
       3
       6
       6
       7
       8
       9
      10
       5
       5
      10
       7
       5
      12
       9
       3
       6
       4
       8
       8
       4
       6
       5
       8
       4
       1
       4
      10
      11
       3
       4
       8
       9
       7
       3
       7
       3
       7
       7
       3
       6
       7
       5
      11
       6
       9
       3
       2
       6
       6
      10
       4
       5
       8
       2
       8
      11
      10
       9
      15
      12
      16
      18
      16
      10
      20
      18
      16
      16
       8
       8
       7
       5
       3
       8
      10
       5
       8
      10
      11
       5
       4
       2
       4
       4
       5
       6
       4
       6
       6
       7
       6
       2
       5
      10
       5
       7
       7
       7
       4
       4
       5
       6
       6
       8
      10
       8
       3
       5
       6
       6
       7
       1
       9
      10
       4
       4
       8
       6
       6
       5
       3
       3
       6
       2
       6
       5
       3
       5
       8
       3
       4
       7
       9
       8
       8
      12
       7
       6
       3
       6
       6
       6
       9
       6
       5
      12
       2
       4
       3
       6
       8
       5
       6
       4
       5
       7
       2
       3
       4
       5
       4
       2
       5
       3
       3
       3
       5
       9
       3
       4
       3
       8
       5
       6
       7
       8
       9
      11
       5
       6
       9
       4
       4
       9
       5
       5
      10
       7
       6
       5
      13
       6
       6
       8
       5
       5
      12
       9
       5
       8
       8
       7
       6
       7
       4
       9
       6
       5
       7
       7
       4
       5
       7
       4
       2
       4
       8
       5
       6
       7
      10
       6
       9
       5
       8
      10
      10
       5
       8
       5
       5
       1
       4
       7
       4
       3
       3
      10
       5
       7
       7
       3
       6
       3
       6
       4
       5
       6
       6
       7
       3
      11
       6
       8
       2
       6
       3
      10
       7
       5
       4
       6
       2
       4
       8
       4
       5
       9
       4
       8
       8
       5
       8
       5
       4
       4
      10
       2
       5
       5
       8
       9
       7
       6
       6
       6
       7
       6
       6
       5
       9
       3
       8
       9
       6
       6
       3
       7
       5
       9
       5
       1
       3
       7
       3
       7
       2
       4
       9
       6
       9
       3
       9
       4
       7
       6
       4
       8
       7
       3
       4
       7
      11
       5
      10
       6
       1
       5
       8
       4
       7
       9
       6
       4
       2
       2
      10
       5
       1
      11
       3
       6
       3
       5
       4
       6
       4
       4
       4
       6
       7
      10
      10
      10
       3
       5
       7
       7
      10
       7
       3
       5
       3
       8
       1
       6
       3
       4
       5
       7
       6
       7
       4
       6
       6
       9
       7
       6
       2
       7
       3
       6
       7
      10
       6
      11
       4
       4
       6
       4
       6
       4
       7
       7
       7
       7
       8
       9
       9
       6
      10
      12
      12
       8
      17
      18
      20
      35
      35
      36
      39
      29
      29
      12
      18
      18
      11
      10
       6
       7
       9
       7
       6
       5
       3
       3
      10
       6
       4
       6
       4
      14
       7
       9
       8
      13
       8
       8
      14
       8
       9
      11
      11
       7
       7
       5
       6
       3
       4
       5
       7
       3
       3
       5
       8
       4
       7
       4
       4
       5
       8
       4
       1
       9
       5
       4
       6
       6
       6
       3
       8
       5
       9
       7
       2
       3
       6
       7
       4
       4
      11
       5
       6
       9
       6
       5
      12
       6
       8
      10
       8
      11
       9
      15
      15
      23
       6
      16
      14
       5
       5
       7
       9
      12
       3
       3
       6
       4
       9
       9
      11
      10
      13
      13
      22
      14
      19
      24
      13
      21
      21
      14
      14
      13
       8
      10
       5
       7
       5
       7
       5
       6
       3
       4
       5
       7
       5
       6
       4
       4
       6
       6
       5
       6
       8
       6
       5
       3
       4
       4
       7
       3
       6
       5
       5
       4
       6
       3
       9
       2
       0
       6
       8
       4
       6
       7
       5
       5
      10
       6
       2
       7
       8
       5
       7
       5
       5
       6
       6
       4
      11
       4
       7
       3
      10
      10
       9
       4
       4
       5
       3
       1
       8
       6
       4
       4
       0
       4
       8
       4
       7
       5
       3
       7
       6
       7
       5
       5
       5
       8
       6
      10
       5
       6
       2
       4
       8
       5
       7
       6
       3
      11
       3
      10
       3
       6
       5
       7
       8
       5
       3
       3
       4
       5
       4
       6
       3
      14
       3
      10
       4
       8
       4
       5
       6
       7
       5
       4
       6
       4
       3
       4
       8
       5
       4
       8
       6
       6
       6
       4
       6
       7
       8
       9
       7
       4
       8
       8
       4
       5
       7
       7
       6
       3
       5
       1
       4
       8
       6
       3
       9
       4
       4
       6
       9
       3
       5
       7
       4
       8
       4
       6
      12
       4
       5
       7
       3
       9
      13
      11
       8
      15
      23
      29
      22
      22
      24
      22
      16
      17
      14
      16
      11
      11
       9
       6
       4
       7
       5
       6
       6
       8
       6
       3
       9
       2
       3
       5
       5
       5
       3
       5
       7
       5
       4
       6
       6
       4
       5
       6
       1
       7
       5
       9
       6
       9
       9
       7
       8
       4
      10
       8
       3
       6
       4
       5
       3
       8
      10
       6
       5
       2
       4
       5
       4
       3
       4
       9
       5
       3
       4
       4
       8
       5
      11
       9
       6
      11
       7
       7
       8
       4
      10
       4
       5
       1
       4
       6
       7
       3
       6
       3
       5
       6
       4
       3
      15
       9
       7
       4
       2
       6
       7
       9
       7
       9
       3
       7
       7
       7
       6
       7
       4
       2
       4
       8
       7
       5
       7
       9
       9
       6
       5
       4
       6
       8
       3
       5
       4
       3
       4
       7
       6
       9
       6
       6
      10
       3
       6
       9
       8
       6
       3
       8
       6
       8
      10
       6
       7
       4
       8
       9
       7
       9
       3
       8
       6
       5
       4
       6
       5
       9
       7
       4
       5
       5
       3
       7
       5
       3
      14
      10
      11
      12
      10
       9
      17
      17
      14
      17
      18
      17
      19
       9
      16
      10
       4
      11
       9
       5
       7
      10
       6
       4
       3
       9
       6
       5
       6
       4
       2
       9
       5
       4
       3
       3
       6
       4
       6
       9
       6
       6
       6
       5
       5
       4
       2
       3
       2
       3
       3
       3
       2
       8
       4
       8
       9
       0
       3
       4
       5
       5
       6
       2
       7
       4
       1
       7
       4
       7
       4
       5
       5
       5
       2
       6
       4
       8
       9
       8
       5
      11
       5
       5
       8
       1
       6
       0
       5
       3
       6
       4
       3
       3
       4
       2
       6
       4
       4
       6
       5
       7
       6
       7
       7
       4
       5
       0
       3
       8
       8
       2
       8
       4
       8
       7
       9
       9
       3
      10
       7
       9
       5
       2
       6
       8
       1
       2
       7
       8
       4
       5
       6
       9
       4
       4
       2
       8
       9
       5
       6
       5
       7
       7
       4
       4
       2
       7
       4
       1
       3
       4
       2
       3
       5
       6
       5
       4
       2
       3
       9
       5
       2
       4
       3
       4
       3
       5
       3
       6
       3
       4
       3
       3
       3
       1
       5
       1
       5
       5
       4
       2
       6
       1
       5
       5
       3
       1
       1
       1
       3
       3
       4
       2
       6
       5
       3
       4
       5
       4
       3
       3
       4
       6
       4
       5
       4
       3
       2
       2
       3
       3
       5
       7
       7
       2
       7
       4
       3
       3
       5
       4
       2
       4
       2
       4
       3
       2
       4
       7
       3
       6
       2
       5
       3
       2
       4
       8
       3
       9
       2
       7
       4
       2
       1
       5
       4
       6
       4
       5
       7
       3
       8
       5
       5
       4
       3
       6
       4
       9
       5
       6
       7
       2
       4
       5
       7
       6
       9
      12
      10
       7
       8
       4
       7
       4
       4
       8
       8
       2
       4
       5
       1
       4
       8
       8
       7
       4
       2
       2
       3
       4
       8
       6
       4
       9
       7
       7
       2
       7
       8
       8
       3
      12
       7
       7
      11
       5
       6
       3
      11
       7
       7
       3
       4
       5
       8
       9
       5
       8
       7
       7
       8
       3
      11
       6
       9
      10
       5
       8
      11
       4
       2
       8
       5
       3
       4
       4
       7
       2
       7
       3
       4
       5
       9
       0
       4
       3
       6
       3
       6
       5
       4
       7
       4
       1
       3
       0
       4
       2
      10
       3
       3
       4
       4
       5
       3
       2
       3
       5
       5
       5
       3
       4
       5
       2
       4
       5
       3
       6
       4
       8
       5
       2
       0
       2
       5
       5
       1
       1
       4
       5
       3
       3
       7
       6
       3
       4
       3
       5
       4
       9
       5
       2
       2
       3
       6
       4
       4
       4
       6
       5
       6
       4
       2
       9
       5
       6
       3
       0
       7
       5
       6
       4
       5
       3
       5
       3
       6
       3
       3
       1
       1
       4
       4
       0
       3
       2
       4
       3
       9
       3
       4
       1
       1
       4
       5
       5
       4
       3
       4
       1
       7
       8
       3
       0
       3
       4
       3
       3
       2
       5
       4
       6
       3
       5
       4
       5
       1
       1
       2
       4
       2
       2
       2
       2
       2
       3
       1
       4
       2
       4
       1
       4
       3
       3
       4
       4
       1
       2
       3
       4
       2
       3
       3
       6
       2
       4
       4
       6
       2
       2
       2
       3
       2
       2
       3
       5
       4
       2
       0
       4
       5
       2
       5
       1
       2
       4
       2
       3
       3
       6
       2
       1
       3
       5
       3
       3
       2
       1
       3
       2
       6
       3
       5
       3
       4
       4
       2
       5
       4
       4
       5
       5
       4
       4
       7
       5
      10
       7
       5
       8
       2
       5
       9
       5
       4
       1
       5
       3
       8
       4
       5
       4
       3
       2
       7
       5
       6
       4
       5
       4
       2
       4
       3
       3
       0
       0
       5
       1
       2
       1
       3
       2
       3
       4
       4
       0
       0
       4
       0
       3
       1
       3
       4
       1
       6
       6
       2
       2
       1
       1
       1
       0
       7
       4
       2
       1
       0
       3
       4
       5
       2
       2
       6
       0
       6
       4
       4
       3
       1
       2
       1
       3
       3
       3
       3
       5
       1
       2
       4
       2
       3
       5
       3
       6
       6
       6
       4
       2
       3
       5
       3
       2
       2
       8
       4
       0
       2
       3
       1
       1
       1
       2
       3
       1
       3
       1
       2
       0
       7
       0
       6
       0
       3
       4
       3
       3
       2
       6
       3
       3
       4
       8
       3
       2
       2
       6
       3
       3
       5
       4
       1
       1
       2
       3
       3
       4
       2
       2
       1
       2
       1
       2
       3
       3
       3
       3
       5
       5
       4
       3
       2
       2
       4
       4
       3
       3
       0
       3
       5
       1
       0
       4
       5
       4
       4
       4
       1
       4
       0
       1
       2
       3
       6
       2
       1
       7
       2
       6
       5
       1
       4
       7
       3
       4
       2
       1
       4
       4
       1
       5
       3
       3
       0
       1
       3
       3
       5
       2
       3
       1
       5
       7
       2
       4
       2
       4
       3
       3
       3
       2
       2
       1
       1
       4
       2
       1
       4
       3
       4
       3
       6
       5
       2
       1
       1
       5
       5
       4
       4
       2
       1
       2
       0
       2
       3
       5
       4
       8
       6
      14
      11
       7
      15
      20
      18
      11
      15
      13
      16
      18
      10
       7
       7
       5
       9
       7
       4
       2
       2
       2
       2
       2
       1
       4
       5
       3
       1
       2
       6
       2
       4
       1
       3
       7
       1
       5
       4
       6
       3
       4
       2
       2
       5
       3
       4
       0
       4
       4
       1
       7
       5
       3
       1
       3
       4
       2
       1
       1
       2
       2
       3
       3
       3
       1
       1
       1
       5
       5
       3
       6
       0
       1
       1
       3
       3
       3
       2
       5
       5
       1
       1
       7
       1
       1
       1
       2
       2
       2
       3
       2
       1
       5
       2
       3
       4
       3
       3
       6
       2
       2
       1
       4
       2
       2
       4
       3
       4
       0
       5
       3
       1
       2
       2
       6
       2
      11
       7
       5
      10
       8
      10
      14
      14
      26
      34
      36
      40
      39
      66
      69
      86
      85
      64
      44
      55
      58
      45
      31
      24
      25
      17
      12
       5
       3
       3
       3
       5
       3
       0
       3
       1
       1
       5
       2
       2
       3
       6
      10
       0
       3
       0
       1
       2
       1
       0
       6
       2
       2
       2
       2
       3
       0
       2
       4
       1
       0
       1
       4
       0
       4
       3
       2
       1
       5
       4
       1
       2
       2
       1
       4
       2
       4
       4
       1
       2
       2
       1
       2
       4
       2
       2
       3
       2
       1
       3
       3
       1
       0
       5
       3
       3
       4
       3
       2
       3
       4
       0
       4
       1
       0
       3
       2
       1
       1
       4
       2
       1
       2
       4
       1
       2
       5
       2
       1
       0
       1
       1
       0
       2
       5
       6
       1
       2
       0
       4
       3
       1
       2
       2
       3
       2
       1
       2
       2
       1
       5
       3
       5
       2
       1
       4
       2
       1
       2
       3
       2
       2
       4
       0
       3
       5
       0
       4
       2
       1
       2
       3
       3
       1
       6
       0
       3
       1
       3
       2
       1
       2
       0
       4
       6
       1
       3
       1
       0
       2
       4
       5
       2
       5
       1
       4
       5
       6
       2
       0
       5
       2
       7
       1
       4
       3
       2
       2
       5
       0
       0
       2
       2
       1
       1
       1
       3
       6
       5
       3
       5
       2
       2
       1
       1
       1
       1
       1
       3
       3
       4
       2
       1
       2
       5
       0
       5
       2
       2
       1
       1
       1
       1
       1
       2
       1
       2
       3
       0
       1
       5
       3
       3
       3
       1
       3
       3
       2
       2
       1
       2
       6
       0
       4
       3
       0
       2
       1
       5
       0
       2
       0
       0
       2
       2
       5
       3
       3
       1
       4
       5
       0
       5
       3
       2
       5
       4
       5
       0
       2
       2
       6
       6
       4
       5
       2
       2
       2
       2
       5
       2
       4
       2
       1
       4
       0
       2
       5
       3
       2
       3
       4
       4
       9
       1
       3
       7
       6
      12
      16
      17
      12
      13
      10
       9
       9
       6
      12
       5
       5
       7
       3
       3
       6
       6
       2
       4
       3
       2
       1
       1
       3
       2
       3
       2
       2
       1
       1
       0
       5
       2
       4
       4
       0
       2
       0
       0
       0
       1
       3
       1
       0
       1
       0
       3
       2
       3
       2
       5
       6
       2
       4
       1
       1
       3
       1
       1
       0
       3
       4
       0
       0
       0
       4
       1
       1
       3
       1
       4
       1
       3
       4
       5
       1
       3
       1
       3
       6
       1
       0
       7
       4
       3
       1
       2
       2
       1
       1
       1
       2
       3
       1
       3
       3
       4
       6
       0
       6
       6
       3
       3
       2
       3
       3
       4
       4
       3
       2
       2
       4
       2
       5
       4
       0
       1
       0
       1
       5
       1
       5
       1
       1
       1
       2
       3
       2
       0
       3
       2
       3
       1
       2
       2
       1
       2
       0
       3
       0
       2
       1
       7
       1
       3
       1
       4
       2
       4
       2
       0
       6
       4
       3
       2
       4
       4
       2
       4
       4
       2
       2
       4
       1
       4
       2
       3
       3
       3
       1
       3
       1
       2
       1
       3
       3
       4
       4
       3
       3
       5
       3
       3
       3
       6
       0
       2
       2
       3
       1
       1
       2
       2
       1
       3
       2
       3
       1
       1
       1
       5
       1
       2
       1
       3
       4
       4
       1
       2
       1
       0
       2
       5
       4
       2
       6
       3
       2
       2
       2
       3
       1
       6
       1
       3
       3
       6
       3
       2
       3
       4
       3
       3
       3
       1
       4
       4
       3
       4
       2
       1
       5
       2
       4
       2
       2
       4
       1
       1
       1
       3
       1
       3
       4
       5
       2
       3
       0
       2
       4
       0
       3
       4
       0
       0
       1
       1
       1
       2
       0
       3
       2
       2
       2
       1
       2
       0
       3
       4
       1
       1
       6
       2
       2
       2
       2
       3
       4
       7
       3
       3
       4
       3
       3
       2
       2
       2
       6
       0
       2
       4
       4
       3
       4
       1
       3
       1
       2
       5
       2
       6
       3
       3
       4
       3
       2
       3
       2
       5
       5
       3
       5
       3
       3
       6
       2
       2
       3
       2
       4
       3
       1
       1
       0
       3
       4
       4
       1
       2
       6
       2
       3
       0
       1
       2
       2
       3
       2
       3
       2
       1
       4
       2
       4
       3
       6
       4
       3
       3
       2
       2
       4
       0
       1
       0
       0
       4
       1
       3
       3
       1
       1
       2
       3
       2
       2
       2
       3
       1
       4
       2
       5
       2
       0
       4
       2
       3
       2
       3
       1
       1
       3
       0
       1
       3
       2
       5
       3
       4
       3
       1
       3
       1
       4
       4
       4
       2
       4
       3
       3
       4
       3
       0
       2
       4
       2
       2
       3
       4
       3
       5
       2
       5
       4
       3
       0
       1
       2
       2
       2
       6
       3
       2
       3
       2
       1
       1
       1
       3
       4
       2
       1
       2
       0
       3
       2
       2
       3
       4
       0
       3
       2
       5
       7
       2
       1
       6
       1
       2
       0
       4
       2
       0
       1
       3
       1
       3
       1
       2
       5
       2
       1
       3
       1
       1
       2
       2
       6
       2
       2
       1
       0
       0
       2
       3
       1
       1
       1
       1
       1
       3
       0
       1
       3
       2
       0
       1
       3
       2
       2
       4
       2
       3
       4
       2
       3
       2
       0
       2
       5
       0
       2
       2
       3
       2
       3
       2
       1
       2
       3
       3
       1
       1
       3
       1
       0
       3
       1
       2
       0
       4
       0
       4
       2
       2
       3
       1
       0
       1
       0
       2
       4
       2
       1
       4
       3
       1
       1
       2
       0
       2
       2
       3
       5
       3
       3
       5
       1
       4
       2
       2
       3
       2
       1
       2
       3
       1
       1
       2
       2
       1
       1
       7
       4
       3
       2
       2
       4
       2
       2
       1
       1
       1
       3
       2
       1
       1
       5
       3
       3
       3
       3
       2
       4
       2
       0
       2
       1
       0
       2
       0
       0
       1
       2
       2
       0
       1
       2
       2
       4
       1
       2
       1
       2
       3
       1
       2
       2
       3
       0
       1
       0
       0
       2
       4
       0
       3
       4
       2
       6
       2
       2
       6
       5
       2
       3
       3
       2
       2
       0
       2
       2
       1
       3
       0
       1
       2
       1
       3
       0
       5
       1
       3
       6
       2
       3
       2
       5
       2
       1
       4
       3
       0
       2
       1
       2
       2
       1
       6
       4
       2
       4
       4
       2
       6
       2
       2
       0
       1
       0
       4
       2
       2
       2
       1
       1
       2
       4
       1
       1
       2
       0
       0
       0
       3
       1
       2
       3
       0
       2
       3
       2
       1
       2
       1
       2
       0
       3
       4
       3
       4
       3
       1
       1
       1
       0
       1
       1
       2
       1
       2
       0
       2
       1
       3
       2
       4
       0
       3
       2
       0
       0
       3
       2
       4
       1
       1
       0
       2
       2
       5
       5
       4
       3
       3
       1
       5
       1
       4
       2
       0
       3
       1
       3
       2
       5
       3
       4
       1
       1
       1
       2
       3
       0
       3
       5
       2
       4
       4
       1
       2
       4
       2
       2
       2
       2
       1
       1
       3
       2
       0
       1
       0
       2
       2
       0
       0
       2
       1
       0
       1
       3
       2
       1
       3
       1
       1
       2
       2
       2
       1
       1
       3
       2
       1
       7
       2
       1
       2
       0
       3
       1
       1
       2
       1
       2
       2
       3
       0
       3
       2
       0
       3
       1
       0
       0
       1
       5
       0
       0
       2
       1
       1
       5
       1
       0
       4
       3
       2
       2
       2
       3
       2
       4
       3
       1
       1
       2
       0
       1
       3
       1
       3
       1
       0
       2
       1
       2
       1
       2
       3
       2
       1
       3
       1
       2
       1
       1
       1
       1
       1
       2
       2
       1
       0
       2
       1
       1
       3
       2
       6
       2
       2
       2
       1
       1
       1
       3
       5
       1
       0
       1
       2
       2
       2
       4
       2
       0
       2
       3
       5
       4
       1
       2
       2
       0
       1
       0
       0
       0
       7
       3
       2
       1
       2
       3
       1
       4
       4
       4
       1
       5
       4
       2
       5
       0
       2
       3
       1
       2
       1
       2
       0
       2
       0
       2
       1
       1
       1
       3
       5
       2
       2
       3
       1
       2
       2
       3
       3
       0
       2
       2
       0
       2
       4
       2
       1
       0
       3
       2
       4
       2
       7
       1
       4
       2
       3
       1
       5
       5
       9
       4
       7
       6
       4
       8
       9
       4
       2
       4
       4
       3
       2
       2
       5
       3
       3
       1
       1
       2
       3
       1
       1
       0
       2
       0
       2
       3
       1
       2
       1
       0
       2
       0
       1
       0
       0
       0
       1
       3
       1
       2
       0
       2
       2
       0
       6
       3
       1
       2
       1
       1
       1
       0
       3
       1
       1
       1
       2
       2
       0
       3
       0
       2
       0
       1
       2
       2
       0
       1
       1
       2
       3
       0
       1
       3
       2
       0
       3
       0
       1
       2
       3
       0
       1
       0
       1
       0
       2
       3
       4
       5
       0
       0
       1
       1
       2
       1
       1
       0
       1
       0
       1
       2
       1
       1
       0
       0
       4
       2
       3
       4
       0
       3
       1
       2
       0
       2
       2
       2
       2
       1
       1
       1
       1
       4
       1
       2
       2
       1
       0
       4
       1
       0
       3
       1
       2
       1
       1
       1
       1
       2
       0
       4
       3
       4
       1
       4
       2
       2
       1
       2
       2
       2
       0
       1
       2
       2
       0
       1
       0
       3
       3
       1
       0
       2
       3
       1
       0
       1
       0
       2
       2
       3
       0
       0
       3
       3
       2
       1
       4
       0
       0
       2
       3
       1
       1
       0
       0
       2
       1
       3
       1
       0
       1
       0
       5
       1
       1
       0
       1
       3
       4
       0
       1
       4
       0
       1
       1
       0
       2
       1
       0
       0
       0
       2
       2
       4
       3
       1
       1
       1
       1
       2
       1
       2
       2
       0
       2
       0
       2
       0
       0
       1
       1
       3
       3
       1
       3
       1
       1
       4
       3
       1
       3
       0
       2
       2
       2
       2
       0
       2
       0
       0
       1
       2
       3
       2
       2
       2
       0
       4
       2
       0
       3
       1
       1
       3
       3
       0
       1
       1
       3
       1
       5
       2
       4
       1
       2
       3
       0
       2
       4
       2
       2
       1
       1
       2
       2
       3
       4
       0
       1
       1
       3
       8
       4
       2
       2
       4
       8
       4
       4
      13
      12
      11
      13
      18
      11
      20
      18
      20
      13
      11
       9
      10
      11
      12
       7
      15
       2
       5
       1
       3
       1
       2
       1
       1
       1
       0
       1
       2
       4
       1
       0
       4
       2
       2
       0
       0
       1
       0
       2
       0
       0
       2
       1
       2
       1
       0
       0
       0
       3
       1
       4
       1
       1
       1
       1
       3
       1
       4
       3
       1
       2
       5
       1
       3
       1
       2
       1
       0
       4
       1
       1
       0
       2
       2
       0
       3
       0
       2
       0
       0
       2
       2
       1
       2
       2
       0
       2
       1
       3
       3
       3
       1
       1
       0
       1
       3
       1
       2
       1
       1
       1
       3
       1
       2
       2
       2
       2
       2
       1
       1
       3
       3
       2
       1
       1
       2
       3
       1
       1
       3
       2
       0
       1
       1
       3
       0
       2
       4
       0
       1
       1
       1
       1
       3
       0
       2
       2
       5
       1
       2
       0
       1
       0
       0
       0
       1
       1
       2
       1
       1
       0
       2
       2
       2
       3
       1
       4
       1
       3
       4
       2
       1
       2
       2
       4
       0
       1
       2
       1
       1
       3
       0
       2
       3
       1
       2
       1
       0
       0
       0
       0
       0
       0
       0
       0
       0
       0
       0
       0
       0
       0
       0
       0
       0
       0
       0
       0
       0
       0
       0
       0
       0
       0
       0
       0
       0
       0
       0
       0
       0
       0
       0
       0
       0
       0
       0
       0
       0
       0
       0
       0
       0
       0
       0
       0
       0
       0
       0
       0
       0
       0
       0
       0
       0
       0
       0
       0
       0
       0
       0
       0
       0
       0
       0
       0
       0
       0
       0
       0
       0
       0
       0
       0
       0
       0
       0
       0
       0
       0
       0
       0
       0
       0
       0
       0
       0
       0
       0
       0
       0
       0
       0
       0
       0
       0
       0
       0
       0
       0
       0
       0
       0
       0
       0
       0
       0
       0
       0
       0
       0
       0
       0
       0
       0
       0
       0
       0
       0
       0
       0
       0
       0
       0
       0
       0
$ROI:
0
$PRESETS:
None
0
0
$ENER_FIT:
-2.173939 0.279251
$MCA_CAL:
3
-2.173939E+000 2.792507E-001 0.000000E+000 keV
$SHAPE_CAL:
3
1.571259E+001 -1.155430E-003 0.000000E+000
