$SPEC_ID:
226Ra
$SPEC_REM:
DET# 1
DETDESC# MCB 132 Input 1
AP# Maestro Version 6.06
$DATE_MEA:
02/01/2022 12:05:38
$MEAS_TIM:
168073 168091
$DATA:
0 8191
       0
       0
       0
       0
       0
       0
       0
       0
       0
       0
       0
       0
       0
       0
       0
       0
       0
       0
       0
       0
       0
       0
       0
       0
       0
       2
    2771
   16557
    1608
     731
     734
     738
     768
     792
     810
     869
     876
     860
     822
     857
     853
     828
     900
     916
     755
     696
     691
     659
     679
     655
     665
     644
     657
     654
     619
     572
     601
     541
     598
     596
     608
     548
     538
     525
     497
     509
     505
     505
     506
     507
     483
     435
     473
     491
     474
     450
     452
     468
     442
     486
     428
     458
     432
     421
     438
     415
     417
     415
     432
     484
     422
     414
     399
     410
     383
     418
     415
     353
     394
     392
     380
     386
     375
     354
     336
     363
     382
     332
     351
     356
     381
     383
     358
     363
     358
     367
     340
     351
     368
     364
     340
     375
     347
     352
     343
     330
     312
     358
     352
     338
     326
     339
     316
     326
     314
     277
     322
     300
     332
     359
     335
     295
     313
     346
     310
     288
     301
     324
     326
     285
     284
     315
     299
     293
     312
     298
     303
     322
     299
     271
     324
     306
     340
     324
     311
     318
     341
     296
     304
     328
     368
     448
     622
     652
     505
     412
     324
     337
     308
     322
     287
     309
     322
     348
     384
     363
     358
     393
     386
     317
     333
     310
     380
     360
     382
     354
     428
     468
     460
     408
     378
     382
     341
     332
     341
     349
     361
     350
     329
     335
     365
     348
     351
     345
     345
     398
     363
     380
     401
     428
     400
     413
     353
     403
     404
     423
     429
     408
     404
     479
     670
    1080
    1697
    1840
    1499
     898
     553
     414
     403
     426
     421
     421
     404
     402
     401
     417
     444
     511
     574
     581
     534
     470
     442
     410
     481
     449
     448
     459
     451
     452
     446
     476
     485
     469
     445
     509
     524
     588
     585
     495
     490
     598
     785
    1136
    1491
    1362
    1006
     667
     545
     567
     875
    1372
    1924
    1866
    1288
     735
     508
     414
     491
     487
     555
     615
     519
     445
     506
     565
     675
     727
     636
     542
     410
     406
     435
     453
     602
     852
    1129
    1153
     990
     787
     638
     558
     465
     458
     411
     450
     573
     704
     840
     879
     745
     634
     515
     489
     435
     469
     505
     589
     678
     659
     554
     484
     420
     447
     549
    1021
    1849
    2825
    3104
    2619
    1665
    1022
     669
     559
     557
     629
     649
     536
     447
     424
     346
     386
     328
     313
     373
     394
     428
     509
     561
     532
     495
     463
     358
     294
     347
     360
     339
     326
     309
     316
     338
     324
     329
     346
     348
     376
     345
     335
     298
     307
     317
     347
     347
     388
     398
     329
     366
     333
     337
     309
     334
     336
     418
     355
     386
     405
     412
     402
     411
     411
     386
     396
     389
     364
     392
     425
     423
     363
     445
     479
     530
     534
     508
     424
     393
     350
     331
     387
     358
     368
     377
     363
     356
     339
     353
     369
     341
     354
     343
     313
     387
     359
     382
     382
     357
     337
     375
     387
     333
     409
     370
     407
     370
     382
     402
     389
     385
     355
     371
     357
     334
     345
     362
     331
     363
     399
     357
     347
     353
     327
     349
     372
     350
     346
     378
     396
     335
     345
     375
     349
     370
     373
     331
     331
     365
     359
     351
     410
     373
     382
     368
     350
     347
     346
     315
     337
     344
     332
     353
     340
     383
     361
     366
     364
     371
     379
     368
     341
     346
     333
     353
     340
     358
     345
     341
     349
     361
     363
     367
     352
     364
     338
     330
     364
     380
     360
     361
     386
     387
     487
     570
     741
     756
     645
     565
     435
     382
     373
     368
     395
     359
     408
     327
     339
     366
     336
     372
     367
     365
     378
     368
     349
     378
     358
     358
     340
     353
     347
     386
     338
     334
     351
     313
     332
     384
     345
     383
     436
     485
     492
     474
     383
     359
     327
     374
     368
     369
     369
     376
     344
     324
     349
     338
     389
     363
     373
     357
     356
     326
     339
     355
     327
     325
     335
     338
     327
     342
     314
     362
     377
     451
     470
     461
     462
     380
     343
     319
     344
     344
     305
     334
     321
     324
     299
     321
     311
     322
     306
     314
     309
     328
     342
     305
     293
     322
     331
     330
     301
     289
     293
     311
     330
     273
     318
     358
     340
     309
     326
     347
     308
     291
     321
     302
     309
     308
     313
     298
     284
     312
     317
     324
     290
     349
     303
     300
     332
     298
     307
     312
     319
     329
     291
     307
     306
     307
     288
     294
     277
     312
     343
     328
     319
     308
     306
     318
     331
     293
     337
     475
     871
    1446
    2140
    2569
    2370
    1689
    1108
     531
     368
     281
     306
     283
     310
     273
     292
     289
     296
     278
     263
     239
     250
     295
     279
     256
     273
     278
     279
     264
     255
     275
     292
     306
     255
     275
     324
     264
     268
     279
     272
     302
     269
     265
     303
     272
     275
     277
     265
     271
     266
     268
     287
     251
     238
     234
     265
     260
     270
     264
     252
     250
     282
     298
     309
     252
     251
     282
     257
     259
     238
     270
     325
     323
     352
     402
     341
     292
     266
     253
     218
     244
     213
     238
     251
     263
     229
     248
     242
     249
     251
     261
     238
     236
     246
     258
     225
     209
     238
     232
     248
     231
     227
     224
     230
     189
     231
     216
     215
     193
     207
     230
     216
     225
     203
     220
     187
     238
     207
     201
     239
     218
     184
     217
     220
     211
     201
     210
     201
     206
     215
     221
     195
     203
     209
     211
     201
     211
     225
     246
     227
     194
     196
     214
     209
     208
     203
     196
     195
     231
     221
     212
     240
     202
     201
     227
     187
     182
     222
     204
     194
     208
     199
     219
     189
     213
     194
     195
     205
     204
     192
     200
     193
     210
     218
     195
     175
     202
     199
     212
     249
     243
     278
     342
     413
     409
     340
     301
     228
     201
     190
     236
     273
     353
     302
     298
     247
     225
     197
     233
     193
     229
     268
     358
     620
     848
    1074
     902
     636
     375
     235
     175
     176
     173
     185
     179
     179
     182
     190
     183
     175
     196
     193
     194
     170
     176
     176
     176
     170
     196
     172
     184
     167
     169
     188
     173
     158
     199
     164
     180
     183
     177
     164
     193
     142
     161
     168
     147
     150
     182
     163
     172
     208
     184
     177
     235
     249
     269
     271
     239
     213
     166
     171
     192
     198
     230
     234
     231
     204
     172
     186
     153
     177
     169
     161
     153
     157
     165
     166
     166
     168
     156
     157
     142
     165
     162
     165
     149
     176
     154
     153
     150
     157
     147
     142
     154
     154
     146
     162
     155
     157
     186
     252
     318
     347
     320
     304
     253
     257
     286
     278
     328
     255
     229
     179
     161
     155
     189
     170
     144
     154
     146
     158
     173
     203
     158
     166
     161
     137
     128
     151
     149
     146
     158
     160
     123
     156
     142
     182
     167
     128
     136
     122
     145
     129
     142
     166
     157
     140
     139
     127
     142
     132
     148
     160
     168
     188
     168
     144
     145
     130
     129
     144
     160
     148
     186
     144
     136
     118
     140
     140
     156
     117
     131
     129
     120
     122
     126
     140
     137
     142
     124
     122
     119
     146
     134
     123
     129
     128
     135
     145
     180
     238
     445
     829
    1333
    1769
    1849
    1325
     841
     410
     224
     136
     113
     136
     138
     149
     120
     129
     121
     137
     154
     194
     194
     200
     176
     183
     132
     112
     113
     138
     119
     161
     173
     138
     137
     115
     130
     136
     131
     146
     119
     150
     122
     129
     110
     134
     115
     122
     127
     109
     112
     141
     142
     115
     116
     106
     122
     120
     105
     100
     122
     121
     131
     117
     129
     123
     117
     126
     144
     130
     128
     131
      87
     119
     122
     134
     123
     136
     125
     106
     137
     140
     105
     111
     112
      89
     125
     123
     102
     105
     107
     119
     110
      96
     103
     117
     105
     103
     116
     113
     106
     120
     108
     108
     110
     123
     141
     157
     154
     153
     136
     114
     126
     100
      84
     121
     123
     109
     120
     108
     130
     108
     121
     125
     116
     117
     131
     135
     142
     170
     161
     160
     130
     115
     119
     111
     120
     124
     109
     121
     103
     140
     113
     130
     123
     108
     110
     118
     120
      93
      96
     105
     109
     120
     125
     109
     113
     128
     113
     184
     158
     150
     128
     122
     107
     111
     109
      96
     107
     113
      95
     108
      98
     110
      86
     110
     110
     116
     100
     114
     127
     105
     131
     106
      94
     111
     113
      96
      95
     113
     102
     108
     110
     107
     108
     105
     117
     104
     100
     108
     106
     130
     172
     228
     454
     868
    1494
    2251
    2883
    2737
    2109
    1288
     602
     328
     149
     105
     107
      92
     105
      96
      90
     100
      81
     109
     102
     101
      95
      93
      84
     100
      90
      84
      66
      88
     102
      73
      94
      89
     100
      88
      77
     104
      96
      92
     104
      73
     103
     106
      94
      90
      82
     105
     104
      90
      85
      91
     104
      93
      81
      85
      96
     105
     104
      96
      85
     100
      80
      84
     102
      92
      86
      92
      82
      86
      80
      92
      95
      77
      98
      95
      86
      79
      88
      95
     105
      86
      86
     112
      94
     100
      78
      67
     104
      88
      84
      90
      84
      73
      90
      76
     102
      85
     102
      94
      93
      83
      88
     100
      85
      73
      92
      84
      87
     100
      91
      67
      82
      90
      96
      84
      75
      86
      79
      99
      95
      98
      68
      94
      76
     115
     103
     100
      98
     108
     118
     114
     105
      93
     122
     108
     110
     114
     107
     118
      96
     104
     101
      76
      90
      72
      82
      74
      79
      77
      94
      70
      84
      90
      67
      89
      95
      89
      81
      85
      91
      97
      96
     103
      84
      74
      77
     100
      90
     100
      77
      75
      93
      76
      75
      80
      85
      90
     100
      93
      95
     134
     134
     149
     136
     152
     115
     101
      82
      91
      71
     104
      96
     119
     119
     126
     116
      93
     123
      97
      84
      79
      84
      89
      76
      95
      84
      91
      91
      79
      94
      96
      75
      95
      80
      88
      70
      83
      94
      80
      78
      89
      97
      94
      92
      80
      86
      96
      73
      78
      84
      72
      77
      82
      84
      71
     107
      77
      87
      83
      85
     100
      69
      84
      89
      89
      86
      81
      80
      87
      76
      78
      79
      98
      86
      88
      93
      74
      85
      90
      87
      87
      79
      74
      80
      92
      88
      97
      96
      93
      90
      89
      99
     101
     101
      95
      92
     118
      99
      79
      78
      79
      83
      84
      78
      67
      74
      85
      62
      61
      62
      90
      90
      91
     127
     205
     242
     318
     371
     312
     224
     160
     111
      84
      81
      70
      75
      72
      78
      66
      75
      65
      76
      77
      66
      60
      74
      66
      71
      71
      80
      76
      64
      71
      81
      64
      63
      53
      73
      71
      79
      74
      73
      66
      87
      61
      89
      80
      66
      78
      87
      66
      94
      76
      66
      54
      68
      57
      69
      74
      75
      57
      76
      61
      65
      61
      75
      51
      72
      56
      78
      72
      72
      57
      62
      63
      75
      71
      68
      86
      75
      62
      74
      70
      77
      62
      72
      75
      77
      77
      75
      64
      77
      87
      53
      63
      69
      58
      60
      61
      70
      67
      71
      65
      66
      78
      73
      84
      84
      66
      89
      81
      60
      62
      73
      81
      65
      50
      61
      65
      78
      58
      78
      51
      60
      61
      72
      58
      70
      64
      85
      59
      62
      56
      68
      87
      79
      67
      69
      75
      66
      51
      69
      71
      49
      52
      73
      76
      58
      76
      61
      71
      84
      70
      63
      68
      68
      61
      72
      67
      52
      66
      55
      55
      57
      73
      57
      54
      53
      60
      70
      63
      65
      81
      77
      76
      71
      64
      57
      56
      61
      59
      58
      55
      63
      52
      65
      63
      65
      58
      69
      53
      40
      63
      64
      62
      76
      62
      78
      73
      66
      60
      60
      54
      57
      65
      49
      48
      63
      52
      48
      59
      47
      54
      49
      62
      55
      53
      55
      63
      63
      49
      48
      54
      51
      52
      58
      44
      55
      60
      56
      56
      48
      49
      63
      58
      61
      51
      55
      53
      44
      62
      46
      72
      53
      58
      60
      50
      53
      58
      52
      60
      67
      56
      55
      56
      52
      48
      42
      63
      53
      64
      69
      60
      54
      56
      57
      62
      51
      54
      42
      65
      58
      58
      69
      85
     116
     136
     171
     210
     257
     308
     304
     301
     350
     326
     300
     267
     202
     180
     139
     107
      93
     101
      61
      71
      58
      50
      59
      68
      45
      55
      57
      43
      58
      50
      45
      47
      50
      41
      42
      50
      56
      58
      62
      44
      42
      48
      60
      47
      49
      45
      65
      58
      49
      59
      42
      38
      54
      39
      53
      40
      47
      41
      43
      39
      46
      46
      51
      38
      61
      48
      63
      71
      44
      55
      48
      54
      57
      44
      52
      45
      46
      47
      60
      41
      50
      53
      46
      49
      58
      51
      54
      52
      52
      64
      60
      55
      41
      42
      43
      44
      49
      41
      55
      40
      45
      46
      48
      60
      58
      41
      49
      48
      41
      42
      37
      41
      40
      29
      51
      36
      47
      50
      49
      34
      56
      41
      46
      67
      58
      60
      52
      51
      45
      34
      51
      48
      46
      46
      49
      55
      55
      42
      49
      58
      45
      41
      53
      36
      51
      37
      51
      36
      58
      47
      60
      49
      43
      49
      44
      34
      42
      52
      51
      38
      39
      48
      51
      40
      49
      41
      54
      43
      46
      43
      59
      40
      42
      38
      33
      44
      66
      45
      44
      33
      38
      45
      36
      47
      46
      38
      32
      49
      45
      30
      49
      42
      47
      46
      55
      54
      36
      51
      53
      42
      39
      39
      34
      46
      54
      43
      52
      53
      48
      52
      46
      42
      45
      58
      52
      73
      61
      73
      84
      79
      79
      48
      49
      49
      66
      47
      48
      42
      36
      32
      48
      37
      38
      54
      42
      54
      47
      38
      54
      42
      42
      46
      33
      54
      50
      41
      36
      44
      50
      47
      45
      33
      52
      46
      65
      50
      52
      43
      40
      42
      52
      37
      58
      52
      49
      85
      76
      69
      73
      59
      55
      40
      44
      54
      48
      55
      36
      32
      45
      42
      44
      43
      35
      43
      34
      39
      61
      40
      54
      41
      42
      36
      29
      43
      38
      36
      43
      31
      40
      37
      41
      37
      25
      44
      46
      32
      31
      41
      48
      46
      49
      34
      45
      47
      40
      39
      46
      48
      37
      55
      42
      43
      39
      46
      30
      52
      39
      44
      44
      45
      50
      43
      40
      35
      39
      39
      42
      41
      53
      34
      53
      49
      44
      54
      41
      47
      43
      39
      52
      56
      45
      53
      84
     128
     230
     414
     681
    1005
    1455
    1660
    1712
    1357
    1089
     703
     412
     192
     104
      60
      52
      47
      47
      44
      69
      79
     120
     170
     225
     215
     201
     164
     155
      88
      67
      59
      45
      42
      36
      45
      39
      40
      36
      33
      33
      30
      34
      46
      37
      40
      34
      37
      44
      32
      43
      33
      30
      28
      31
      37
      41
      37
      43
      34
      34
      31
      30
      45
      40
      39
      32
      36
      44
      28
      33
      33
      24
      48
      36
      41
      24
      29
      47
      48
      33
      27
      32
      41
      26
      37
      36
      38
      44
      33
      26
      32
      32
      37
      40
      42
      38
      40
      42
      35
      39
      44
      27
      31
      29
      26
      38
      28
      36
      35
      34
      26
      31
      29
      25
      31
      28
      37
      35
      33
      37
      30
      33
      41
      35
      34
      36
      40
      38
      35
      27
      27
      41
      26
      38
      31
      31
      37
      41
      36
      32
      37
      53
      36
      40
      46
      33
      31
      34
      35
      39
      28
      25
      40
      37
      24
      34
      42
      33
      33
      27
      35
      32
      43
      39
      32
      27
      32
      31
      29
      24
      36
      38
      30
      33
      38
      40
      41
      24
      34
      43
      36
      42
      43
      34
      23
      23
      46
      36
      58
      72
     119
     214
     208
     261
     233
     230
     167
     157
      90
      67
      46
      38
      33
      57
      49
      61
      63
      84
      79
      79
      73
      61
      37
      36
      37
      45
      38
      42
      37
      38
      27
      32
      35
      35
      34
      41
      31
      33
      35
      32
      30
      28
      26
      25
      29
      30
      36
      26
      33
      22
      28
      35
      33
      30
      33
      31
      32
      27
      42
      28
      28
      39
      33
      37
      25
      32
      29
      40
      30
      31
      38
      37
      28
      36
      35
      31
      30
      37
      34
      32
      36
      38
      21
      41
      38
      26
      44
      40
      25
      29
      34
      39
      33
      29
      36
      33
      35
      23
      23
      39
      39
      32
      23
      34
      32
      35
      35
      24
      44
      28
      47
      38
      38
      36
      31
      33
      33
      43
      35
      29
      34
      28
      29
      28
      24
      25
      33
      41
      28
      43
      30
      38
      30
      31
      34
      35
      47
      29
      33
      27
      29
      31
      40
      35
      44
      33
      37
      31
      34
      43
      60
      52
      50
      50
      44
      33
      47
      26
      35
      39
      36
      30
      38
      33
      39
      28
      28
      29
      29
      31
      39
      28
      39
      31
      37
      34
      33
      22
      43
      30
      27
      39
      41
      28
      33
      37
      26
      46
      30
      32
      30
      28
      35
      45
      38
      31
      35
      38
      20
      42
      32
      23
      23
      22
      39
      26
      37
      30
      42
      32
      39
      45
      43
      47
      48
      39
      41
      47
      55
      67
     137
     140
     192
     184
     170
     143
     104
      82
      67
      47
      33
      35
      32
      26
      29
      38
      39
      30
      45
      49
      38
      36
      24
      29
      27
      35
      27
      30
      23
      24
      24
      40
      30
      28
      44
      27
      35
      32
      30
      34
      27
      29
      34
      34
      32
      33
      31
      33
      20
      26
      34
      20
      27
      30
      32
      27
      36
      34
      30
      27
      30
      28
      32
      32
      35
      30
      26
      37
      30
      40
      36
      39
      44
      42
      34
      35
      40
      42
      37
      42
      24
      32
      39
      35
      21
      36
      40
      25
      27
      24
      28
      30
      33
      31
      33
      32
      26
      28
      35
      37
      22
      23
      31
      28
      29
      31
      24
      43
      26
      38
      44
      28
      31
      26
      23
      22
      32
      33
      34
      32
      23
      26
      24
      26
      34
      36
      29
      27
      26
      24
      19
      41
      36
      30
      32
      22
      33
      41
      25
      23
      22
      26
      36
      32
      17
      26
      39
      31
      24
      27
      26
      48
      23
      31
      41
      40
      64
      72
      67
      93
      80
      95
     102
     150
     147
     145
     149
     151
     131
      81
      72
      44
      47
      39
      39
      31
      21
      28
      30
      27
      21
      31
      19
      21
      38
      22
      28
      24
      38
      28
      35
      34
      29
      28
      25
      29
      35
      27
      31
      18
      37
      22
      36
      21
      23
      24
      29
      24
      25
      27
      32
      30
      26
      22
      33
      33
      30
      35
      30
      32
      29
      37
      25
      30
      37
      46
      42
      46
      62
      57
      59
      52
      47
      43
      26
      38
      24
      23
      23
      24
      36
      32
      26
      28
      29
      32
      24
      32
      32
      24
      29
      29
      18
      34
      25
      29
      20
      27
      37
      25
      39
      21
      36
      36
      25
      32
      30
      29
      33
      30
      36
      30
      23
      27
      36
      22
      20
      36
      21
      28
      36
      29
      28
      29
      26
      32
      27
      38
      38
      29
      31
      35
      32
      25
      28
      32
      34
      51
      46
      62
      64
      67
      69
      50
      41
      36
      26
      29
      22
      26
      27
      29
      25
      22
      36
      21
      26
      25
      25
      23
      27
      26
      29
      19
      21
      26
      20
      26
      18
      21
      31
      25
      32
      23
      28
      34
      30
      23
      20
      21
      29
      24
      23
      35
      21
      30
      28
      25
      37
      19
      28
      23
      22
      25
      33
      22
      30
      29
      29
      30
      30
      23
      29
      41
      28
      20
      38
      25
      27
      28
      34
      36
      23
      28
      27
      33
      38
      34
      21
      20
      27
      24
      26
      20
      27
      27
      21
      27
      30
      38
      42
      39
      33
      33
      30
      29
      20
      36
      27
      29
      27
      29
      36
      29
      28
      31
      27
      26
      26
      24
      34
      28
      31
      27
      29
      42
      46
      42
      47
      21
      40
      41
      31
      39
      35
      26
      18
      26
      23
      27
      36
      36
      37
      18
      31
      24
      25
      29
      31
      24
      29
      29
      27
      28
      34
      30
      27
      27
      27
      24
      24
      26
      22
      28
      26
      26
      30
      43
      25
      21
      28
      29
      21
      28
      22
      27
      24
      27
      29
      29
      15
      29
      41
      34
      29
      28
      31
      28
      29
      24
      24
      26
      31
      24
      32
      26
      27
      23
      31
      23
      23
      24
      26
      38
      25
      34
      31
      42
      40
      32
      21
      28
      30
      27
      24
      32
      25
      29
      22
      26
      22
      28
      23
      32
      29
      25
      28
      25
      24
      30
      29
      32
      23
      25
      29
      23
      27
      22
      30
      32
      22
      23
      40
      26
      23
      25
      22
      24
      21
      23
      36
      22
      35
      23
      28
      22
      25
      17
      23
      15
      31
      29
      23
      25
      19
      29
      25
      18
      27
      30
      25
      28
      36
      25
      25
      34
      30
      31
      24
      26
      24
      30
      31
      24
      24
      28
      26
      30
      23
      29
      32
      24
      22
      21
      21
      26
      23
      19
      23
      30
      31
      28
      24
      27
      29
      30
      23
      28
      18
      22
      33
      27
      33
      25
      13
      26
      22
      24
      25
      20
      23
      21
      24
      30
      23
      29
      27
      20
      22
      21
      27
      24
      22
      28
      29
      23
      20
      27
      28
      25
      23
      23
      22
      30
      28
      28
      30
      20
      30
      27
      18
      23
      19
      19
      28
      34
      22
      27
      16
      35
      23
      20
      28
      30
      30
      30
      30
      38
      20
      20
      30
      18
      27
      28
      17
      25
      30
      31
      16
      30
      40
      33
      37
      35
      26
      51
      48
      53
      55
      43
      32
      40
      37
      36
      22
      18
      30
      24
      29
      26
      19
      25
      22
      30
      35
      12
      25
      20
      14
      28
      18
      17
      16
      30
      18
      19
      21
      24
      24
      19
      18
      22
      27
      32
      23
      28
      24
      29
      28
      21
      32
      21
      26
      32
      28
      34
      24
      20
      25
      28
      24
      28
      31
      21
      26
      18
      26
      18
      22
      19
      24
      17
      18
      22
      19
      20
      37
      15
      19
      16
      27
      20
      30
      33
      42
      59
      68
      78
      73
      67
      78
      64
      52
      49
      33
      23
      21
      24
      18
      15
      25
      21
      33
      22
      21
      33
      21
      25
      27
      31
      22
      34
      25
      23
      26
      19
      24
      20
      21
      23
      18
      14
      15
      29
      23
      16
      25
      26
      33
      16
      23
      23
      19
      25
      20
      29
      22
      28
      23
      29
      28
      25
      27
      20
      22
      13
      23
      21
      27
      26
      22
      23
      28
      11
      26
      28
      20
      17
      19
      23
      20
      19
      20
      16
      16
      18
      12
      29
      13
      15
      15
      20
      15
      22
      17
      20
      20
      28
      14
      25
      18
      25
      14
      19
      33
      26
      24
      26
      29
      22
      22
      33
      27
      24
      33
      24
      28
      31
      33
      29
      29
      28
      22
      19
      27
      24
      32
      24
      25
      26
      35
      27
      38
      35
      31
      38
      32
      33
      32
      15
      28
      29
      27
      22
      21
      25
      23
      28
      20
      22
      19
      28
      18
      22
      19
      21
      27
      21
      19
      20
      21
      21
      21
      14
      21
      21
      22
      18
      15
      14
      16
      21
      16
      22
      18
      33
      22
      20
      18
      23
      23
      22
      25
      19
      12
      27
      18
      16
      27
      16
      17
      24
      23
      23
      20
      11
      18
      31
      16
      22
      19
      23
      27
      12
      16
      15
      13
      14
      20
      22
      18
      15
      23
      19
      19
      19
      24
      20
      21
      23
      25
      22
      12
      19
      16
      24
      19
      18
      23
      25
      15
      16
      20
      20
      17
      19
      18
      17
      13
      27
      31
      31
      38
      42
      63
      73
      86
     102
      88
      84
      68
      75
      55
      35
      33
      29
      22
      20
      18
      17
      15
      13
      25
      25
      14
      22
      23
      22
      24
      25
      17
      18
      20
      25
      26
      11
      21
      21
      17
      27
      22
      27
      24
      17
      23
      25
      22
      17
      17
      20
      14
      30
      13
      12
      24
      19
      21
      16
      22
      29
      24
      20
      19
      19
      19
      21
      19
      13
      16
      18
      10
      19
      23
      15
      20
      23
      20
      22
      21
      25
      24
      29
      15
      18
      18
      12
      18
      15
      26
      21
      27
      30
      24
      10
      16
      40
      18
      23
      13
      18
      19
      15
      17
      17
      29
      20
      24
      19
      16
      17
      14
      16
      26
      19
      12
      21
      25
      24
      21
      23
      17
      28
      16
      16
      17
      17
      20
      21
      21
      21
      16
      17
      23
      16
      13
      16
      24
      19
      15
      20
      20
       7
      18
      21
      23
      27
      13
      18
      21
      21
      23
       8
      15
      23
      19
      16
      20
      18
      26
      19
      24
      19
      15
      19
      21
      21
      21
      17
      18
      15
      19
      16
      28
      14
      18
      22
      27
      21
      15
      22
      20
      17
      26
      22
      13
      19
      26
      20
      22
      25
      26
      22
      22
      26
      24
      22
      20
      15
      25
      15
      17
      18
      14
       9
      18
      18
      23
      17
      28
      24
      11
      24
      12
      19
      21
      14
      16
      19
      16
      22
      11
      13
      21
      20
      22
      27
      22
      13
      18
      17
      22
      32
      30
      15
      31
      30
      19
      22
      25
      31
      24
      21
      14
      16
      23
      26
      20
      16
      18
      17
      17
      16
      35
      23
      14
      24
      24
      26
      27
      24
      16
      22
      16
      24
      20
      23
      12
      24
       9
      14
      18
      20
      16
      23
      16
      11
      29
      21
      14
      30
      10
      19
      17
      17
      14
      20
      19
      17
      21
      11
      17
      14
      13
      19
      19
      16
      20
      14
      15
      14
      17
      15
      17
      16
      19
      14
      18
      19
      14
      22
      20
      14
      18
      13
      24
      11
      18
      19
      21
      10
      19
      15
      17
      16
      11
      12
      16
      23
      23
      11
      16
      10
      12
      14
      18
      16
      18
      22
       8
      11
      19
      21
      13
      16
      18
      10
      18
      19
      11
       6
      19
      14
      19
      27
      15
      13
      12
      17
      16
      17
      12
      24
      16
      23
      13
      16
      17
      19
      17
      18
      25
      15
      20
      17
      18
      30
      23
      14
      26
      15
      18
      21
      12
      19
      19
      20
      18
      16
      15
      15
      22
      18
      16
      18
      22
      13
      21
      12
      14
      12
      13
      18
      17
      24
      13
      16
      22
      23
      19
       9
      14
      16
      14
      19
      22
      15
      24
      12
      13
      22
      22
      31
      25
      26
      25
      27
      38
      41
      56
      86
     121
     150
     189
     213
     244
     239
     245
     222
     184
     137
     117
      80
      58
      35
      24
      25
      14
      19
      15
      12
      18
      18
       5
      20
      19
      21
      11
      16
      10
      10
      19
      17
      17
      17
      21
      14
      19
      11
      16
      18
      13
      16
      20
      10
      12
      25
      15
      13
      23
      12
      17
      20
      20
      15
      18
      19
      21
      17
      20
      17
      19
      19
      10
      15
      21
      15
      13
      10
      13
      26
      21
       8
      16
      17
      19
      13
      14
      13
      19
      14
      15
      21
      22
      19
      17
      16
      22
      16
      10
      19
      12
      19
      26
      11
      16
      16
      11
      16
      17
      16
      14
       9
      18
      17
      19
      20
      12
      15
      17
      20
      19
      19
      20
      20
      12
      19
      13
      20
      13
      18
      14
      16
      21
      20
      18
      32
      38
      41
      29
      50
      33
      38
      31
      33
      30
      31
      16
      17
      24
      19
      15
      16
      15
      15
      32
      13
      11
       8
      17
      16
      17
      12
      19
      19
      17
      16
      16
      14
      21
      15
      20
      16
      12
      15
      13
      12
      12
      11
       7
      14
      12
      19
      17
      13
      18
      10
      17
      17
      13
      11
      12
      11
      17
      11
      11
      13
      12
      16
      19
      16
      18
      12
      24
      19
      15
      17
      11
      17
      10
      15
      10
      10
      16
      16
      11
      10
      15
      21
      10
      20
      18
      12
      15
      17
      13
       7
      21
      11
      14
      15
      25
      14
      19
      18
      20
      25
      10
      19
      20
      15
      15
      11
      17
      17
      16
      22
      11
      15
      17
      21
      11
       9
      18
      16
      10
      10
      13
      10
      16
      13
      13
      14
      14
      12
      15
      11
      15
       6
      16
      20
      15
       8
      14
      14
      11
      10
      14
      18
       9
      16
      12
      16
      13
      12
      20
      13
      18
      18
      16
      13
       9
      15
      19
      15
      22
      14
      15
      13
       8
      13
      13
       9
      11
      18
      12
      12
      19
      16
      16
      13
      12
      12
      15
      20
      13
      18
      17
      15
      11
      12
      12
      15
      20
      15
      21
      20
      21
      19
      21
      22
      15
      25
      20
      20
      16
      20
      12
      16
      24
      14
      19
      19
      14
      16
      11
      22
      19
      18
      11
      16
      10
      16
      16
      13
      12
      23
       9
      10
      15
      16
      23
      17
      19
      16
      24
      14
      17
      13
      19
      13
      18
      16
      13
      13
      13
      21
      22
      16
      15
      10
      21
      12
      16
      16
      10
      13
      17
      10
       8
      15
      11
      17
      16
      18
       8
      17
      16
      20
      15
      20
      10
      21
      13
      12
      15
      11
      20
      17
       9
       9
      18
      17
      15
       7
      14
      14
      12
      20
      16
      22
      18
      14
      13
      19
      13
      14
      19
      22
      21
      24
      28
      36
      37
      72
      65
      81
      98
      92
      94
      67
      77
      52
      46
      48
      27
      23
      19
       9
      16
      17
      15
      13
      20
      11
      13
      13
      15
      13
      18
       8
      16
      13
      19
      15
      12
      10
      10
      17
      14
      16
      14
      11
      13
      12
      13
       8
      13
       9
      11
      18
      18
       9
      11
      14
      14
      21
      14
      20
      11
      17
      22
      18
      12
      14
       9
      18
      17
      16
      14
      17
      13
      16
      11
      11
      16
      14
      21
      15
      17
      14
      12
      17
      13
       9
      12
      15
      10
      16
      18
      12
       6
      11
       8
      13
      21
      17
      12
       8
      15
      19
      18
       9
      16
       8
      13
      15
      14
      10
      15
      19
      12
      17
      10
      17
       7
      15
      13
      15
      10
       9
      14
      13
       8
      12
      15
      14
      14
      16
      13
       8
      16
       8
      12
       7
       7
      17
      12
      17
      17
      12
      12
      11
      20
      12
      17
      19
      15
      10
      13
      15
       8
      18
      13
      21
      17
      22
      27
      24
      28
      22
      26
      26
      33
      25
      33
      22
      21
      19
      20
      19
      14
      14
      14
      17
      12
      13
      10
       6
      14
      11
       6
      12
      13
      15
      14
      15
      11
       7
      13
       9
      12
      10
      14
      17
      20
       8
       9
      12
      14
      18
       8
      10
      10
      10
       8
      12
      14
      10
      17
       7
       8
      10
      11
      15
      19
       7
      12
      12
       9
      11
      17
      15
       9
      11
      18
       9
      11
      10
      12
      11
       7
      19
      18
      17
      11
      14
      13
       9
      18
      15
      14
       8
      16
      14
      16
      12
      14
       8
       9
       8
      14
      12
      10
      14
      11
      15
      18
      17
       7
      15
      10
      12
      11
      10
      10
       7
       7
      17
      10
       9
      10
       9
      14
      13
      12
      11
      12
      10
      12
      15
      17
       7
      15
      13
      11
      14
      12
       8
      16
      11
      17
      17
      13
      19
      18
      11
      11
      20
      13
      13
      14
      10
      11
      13
       8
      11
      12
       6
       8
      11
      14
      16
       9
      11
       8
       9
      12
       9
      13
      13
       9
      10
      20
       9
      13
      12
      23
      16
      11
      14
       5
      11
      11
       9
      10
      18
      12
      15
      10
      18
       6
       7
       9
       9
      12
      12
      14
       8
      15
      13
      13
       7
      15
      10
      13
      11
      15
      15
      10
      15
      15
      11
      16
       8
      11
       9
      13
      20
      13
      12
       8
      14
      17
      11
      18
      10
      12
      12
      12
      15
      17
       9
       9
       4
       7
       9
      12
      11
       8
      15
      12
      10
      13
      15
       7
       7
       9
      13
       9
      10
      12
       8
       8
      11
      12
      14
      12
      16
      13
      12
      10
      12
       8
      16
      15
       9
      12
       9
      11
      10
       9
      10
       9
      11
      15
      13
       9
      19
      11
      11
      14
      14
       8
      10
      14
      16
       8
      12
      10
      12
      11
       8
       9
      11
      10
      19
      13
       7
      13
       9
       9
       9
       8
      11
      12
      12
      10
      13
      12
      11
      12
      15
       8
       7
       9
      10
       9
       7
      11
      11
      10
       7
      12
       9
      11
      15
       7
       8
      12
      12
      10
      15
      10
      17
      14
       8
      15
       8
      13
      12
       9
      13
      12
      14
      20
       7
      12
      15
      13
      21
      36
      31
      40
      45
      60
      52
      68
      57
      41
      47
      36
      31
      19
      21
      12
       9
      14
      14
       9
       9
      12
       6
       5
      11
      17
       7
      11
      15
      18
      18
      20
      29
      24
      17
      24
      23
      20
      29
      13
      21
      13
      15
      12
      12
       8
      17
      10
       8
      15
       9
      13
      15
      10
       9
      10
      14
      11
       9
      11
      14
      10
      10
      15
      12
      10
      14
      13
      15
      10
      12
       9
      10
      16
       9
      16
      10
       5
       8
       7
      12
       6
      12
      15
      18
      16
      17
      12
      28
      24
      36
      29
      20
      36
      20
      23
      19
      21
      15
      19
      12
      12
      12
       9
       7
      14
      12
      11
      16
      19
      29
      29
      27
      33
      31
      43
      32
      41
      28
      34
      28
      28
      18
      17
       9
      10
      13
      10
       9
       9
      15
      18
       3
       9
      12
      10
      13
      17
      18
      12
      13
      11
      15
       7
      11
       7
       9
       7
      18
       9
       7
      17
      11
       7
       7
      12
       7
      12
      16
      15
       5
      11
       9
      11
      11
      13
      10
      10
      13
      10
      10
       9
      10
       8
      18
      10
      14
       6
      14
      12
      15
      13
      11
      14
       6
      10
       6
       9
      10
      14
      10
       7
      10
      15
       8
       9
      10
      12
       8
      16
       9
       6
      11
       9
      12
      12
       6
      14
      13
      12
       8
      11
      17
      12
       7
      12
      12
      13
       9
      11
       8
       9
       9
      10
      13
      15
      13
       8
      15
      13
       9
      15
       8
      13
       9
       8
      14
      13
      10
      15
      19
       6
      12
      12
      10
      14
       8
      11
       8
       6
      14
       8
      15
      13
      11
       9
       6
       7
      14
      13
      15
      10
      13
      15
      16
      14
      11
      12
       8
      10
      14
      15
      15
       8
       8
      13
      10
      11
       8
      17
      10
      10
      11
      11
      10
       6
       8
       9
       9
      11
      11
       8
      11
      11
      14
      13
      22
      17
      28
      29
      37
      43
      50
      45
      55
      37
      50
      39
      32
      31
      19
      24
      20
      22
      12
      11
       9
       7
      10
       5
       7
       7
      10
      14
      15
       8
       6
       6
      12
      14
      14
      11
      19
       8
      18
      10
      14
      14
      13
      17
      13
      18
       9
      11
      13
      14
      11
      16
       5
       9
      14
      11
       5
      10
      11
       9
      13
       7
      10
      15
       9
      13
       4
      14
      13
      18
      11
       7
       8
      10
      13
      12
      16
       7
      11
      15
      14
       7
      18
      10
       8
      12
      18
       9
      10
      20
       4
      15
       8
       9
       8
       9
       9
       6
       8
      13
      11
       6
      11
       8
      19
      11
       7
      12
      12
       9
       9
       8
      13
       4
       7
      14
       9
      12
      15
       9
       8
      12
      11
      14
       6
      12
      12
      12
      10
       9
      16
       9
      14
      16
       8
       9
       9
      14
       8
      18
      14
      14
       8
       6
      15
      11
      11
       8
      15
       5
      13
       8
      11
      11
      10
      13
      13
      10
      10
      10
       3
      11
      14
       5
       8
      11
       9
      10
       6
       6
       9
      19
      20
      15
      15
      23
      30
      32
      25
      27
      21
      41
      41
      40
      37
      23
      20
      16
      13
      16
      12
      14
      11
      13
      10
      12
      14
       6
      12
      16
      12
      15
      11
       7
      10
       3
       9
       7
       5
      12
      10
      13
      19
      13
       4
       7
      16
      12
      15
      14
       8
      10
      17
      11
       9
      12
      10
      11
       9
       6
      10
       9
      11
      11
      13
       5
      10
      13
       8
      17
      15
       5
      12
      11
       9
      11
      12
      10
       7
      11
      12
      10
       9
      12
      17
      11
      14
      12
      11
      11
      12
       7
      11
       7
       9
      13
      15
      15
      16
       8
       9
      11
      12
      11
      10
      13
      10
       7
      14
       9
      11
      12
      14
       5
      11
      14
      16
      11
      13
       7
      17
      15
      12
      14
      12
      10
       5
      14
      13
      14
      18
      17
      22
      11
      16
      13
       8
      14
      17
      13
       8
       7
       6
       9
      13
       3
       5
      12
      11
       6
       7
       8
      13
       3
       7
       5
       4
      11
       7
       8
      13
       2
       8
       7
       7
       8
       5
      11
      13
      12
       4
       7
       9
      11
      10
       8
       8
       5
       6
      11
      13
       7
       4
       8
       6
      14
      10
       8
       7
       8
       8
       8
       7
       4
       9
      11
      13
       8
       8
      18
      11
      11
       7
       6
      12
       7
       6
       4
       5
       9
      11
       5
      12
       4
      17
       5
       7
       8
       8
       8
       9
      11
      11
      15
       3
       8
       6
      11
      10
       3
      10
      10
       6
       9
       8
       6
      10
       9
       3
       7
       9
       7
       7
      10
       6
       4
       7
       6
       7
       8
       6
       5
       8
       5
      10
      10
       5
       5
      10
       2
       2
      11
       5
      12
       5
       4
      10
      14
       8
      14
      14
      10
      11
      12
      11
      17
      15
      17
      17
      13
      11
      12
       8
      18
       8
       7
       7
       8
       6
      11
      12
      11
      11
       3
       8
       9
      17
       8
      12
       7
      10
       5
       9
       6
       7
      10
       8
      11
      14
       5
      14
      14
      10
      14
       7
      14
      15
      12
       7
      11
      10
      16
       8
       6
      13
       9
      11
       9
      16
       4
       9
       6
      18
       6
      11
      11
      14
      13
      11
      11
      10
      10
      17
      12
       8
      12
      10
      13
       5
       8
       8
       9
       9
      10
       9
       5
       6
      13
      11
      10
       6
       8
       8
      13
       7
       6
       7
       2
      13
      11
       4
       5
       8
       7
       7
       4
      14
       5
      10
      13
       3
      12
       7
       9
       8
      13
       8
      10
       5
       7
       8
       7
      11
      12
       5
       7
       6
       9
       7
       4
       7
       7
      11
       7
       4
       8
       7
      13
      12
       9
       8
      12
      11
      11
       7
       7
       9
      14
       3
       9
       5
       9
       3
       5
       6
       5
       7
       8
       4
       7
       5
       7
       7
       4
       8
       5
      10
       9
       5
       5
       7
       9
       7
       5
       7
       5
      10
       7
      10
       5
       8
       6
       7
       6
       6
       6
      10
      10
       8
       7
       5
       7
       8
       6
      10
       7
      12
       7
      11
       5
      13
       7
       9
       3
       6
       4
       5
       9
       8
       6
       3
       6
       4
       8
       2
       4
       8
       8
       8
       9
      10
       5
       6
       5
       6
       7
       6
       3
       8
       1
       4
       8
      14
       8
       5
       9
      15
       9
       1
       6
       7
       4
       5
       6
       5
       7
       2
       5
       8
       4
      10
       6
       5
       8
       8
      11
       6
       3
       2
       6
       8
       7
       3
       4
       6
      10
       6
      10
       8
      10
       9
       3
       7
       4
       6
       5
       1
       7
      13
      11
       7
      12
      14
      17
      21
      12
      14
      10
      19
      18
       9
      12
       9
      20
       9
      10
       8
       7
      11
       5
       7
       6
       4
       7
      10
       9
       6
       6
       4
       8
       2
       4
      14
       3
       5
       5
       6
       3
       7
       3
       4
       4
       8
       6
       7
       8
       6
       6
       6
       3
       4
       8
      11
       7
      10
       9
       5
       3
       9
      11
       5
       4
      10
       7
       5
       9
       7
       4
       3
       7
       1
       8
       9
       9
       4
       5
       3
       9
       6
       8
       4
       7
       5
       9
      10
      11
       7
       9
       8
      12
       7
       3
       7
       9
       7
       6
       9
       8
       7
       6
       4
       4
       4
       8
       6
       5
       4
       5
       7
       3
      11
      10
       4
       2
       9
       7
      10
       8
       4
       7
       6
       6
       8
       9
       7
       7
       6
       6
       3
       8
       8
      11
       4
       3
       6
       7
       4
       7
       4
       4
       7
       5
       7
       6
       9
       2
       5
       5
       3
       6
       5
       3
       7
       4
       3
       5
       5
       4
       3
       6
       4
       6
       5
       9
       4
       6
       5
       8
       2
       3
       8
       5
       3
       4
       2
       5
       3
      10
       6
       5
       8
       9
       0
       4
       6
       4
       6
       9
      10
       4
       8
       5
       4
       3
       6
       5
       7
       3
       5
       6
       5
       5
       6
       2
       7
       6
       6
       6
       1
       7
       9
       5
       7
       8
       6
      13
       5
       9
       6
       9
       3
      11
       4
      11
       2
       8
       8
      11
       5
       7
       6
       4
       5
       6
      11
       6
       6
       7
      12
       3
      14
      11
      11
      12
      21
      23
      21
      31
      33
      31
      27
      27
      23
      26
      25
      19
      17
      14
       9
      13
       7
       6
       8
       4
       1
      11
       8
      12
       4
       7
       6
       1
       8
       7
       4
       4
      10
       6
       9
       6
       8
       8
       5
       7
       2
      13
       4
       3
       4
       5
       6
       2
       5
       3
       5
       1
       6
       6
       7
       7
       2
       5
       4
      10
       3
       8
       4
       3
       4
       6
       3
       8
       3
       7
       7
       7
       5
      11
       4
       7
       6
       3
       2
       3
       4
       5
       5
       9
       9
       7
       3
       7
       9
       3
       1
       6
       4
       5
       9
       2
       6
       6
       5
       5
       6
       3
       2
       3
       5
       3
       3
       9
       4
       9
       3
       5
       8
       8
       8
      10
       3
      12
       7
      24
      15
      26
      38
      44
      55
      94
      79
     105
     118
     123
     112
     118
     139
     115
     115
     107
      90
      54
      59
      28
      34
      19
      18
      10
       6
       6
       2
       5
       3
       4
       6
       6
       3
       5
       8
       3
       2
       2
       7
      11
       2
       7
       4
       4
       7
       3
       3
       4
       7
       4
       6
       3
       5
       3
       1
       5
       7
       4
       3
       3
      10
       6
       7
       3
       3
       4
       6
       5
       6
       7
       5
       5
       7
       2
       5
       4
       2
       3
       4
       3
       5
       3
       7
       5
       6
       1
       4
       4
       6
       6
       4
       5
       4
       7
       8
       6
       4
       3
       4
      12
       6
       5
       4
       1
       7
       5
       3
       6
       0
       3
       5
       5
       5
       6
       4
       4
       4
       5
       7
       6
       3
       4
       8
       6
       4
       5
       9
       3
      10
       3
       4
       4
       8
       3
       7
       2
       6
       5
       5
       8
       7
       3
      12
       6
       5
       3
       5
       7
       4
       6
       3
       3
       4
       7
       7
       7
       9
       4
       3
       5
       7
       6
       4
       5
       6
       6
       5
       8
       5
       6
       5
       2
       4
       2
       7
       4
       6
       5
       4
       4
       7
       5
       5
       4
       4
       4
       1
      11
       6
       1
       4
       2
       7
       7
      10
       7
       9
       9
       3
       3
       7
       5
       6
       4
       6
       8
       4
       5
       7
       6
       5
       6
       4
       3
       6
       5
       2
       4
       2
       8
       8
       2
       4
       8
       5
       8
       4
       7
       6
       8
       2
       2
       5
       4
       4
       7
       6
       6
      10
       2
       1
       6
       2
       2
       3
       5
       7
       5
      10
      11
       3
       6
       3
       6
       6
      11
       4
       4
       4
       6
       5
       6
       3
       6
       5
       3
       3
       6
       3
       8
       7
      10
       4
       7
       7
       5
       6
       5
       6
       7
       3
      13
      11
       9
       4
       9
       8
       7
       3
       2
       7
       9
       4
       4
       9
       8
       7
      11
      11
       6
      20
       6
      21
      22
      22
      24
      12
      17
      10
      16
      22
      17
      17
      15
      15
       8
      10
      10
       3
       3
       3
       5
       7
       7
       3
       5
       8
       7
       3
       4
       7
       4
       4
       4
       3
       4
      13
       9
       7
       7
       6
       6
       4
       5
       5
       2
       4
       3
       4
       4
       3
       5
       8
       5
       5
       4
       7
       5
       4
       7
      10
       1
       5
       4
       6
       6
       6
       2
       7
       6
       4
       4
       6
       8
       4
      10
       3
       8
       6
       6
       3
       4
       4
       6
       5
       4
       4
       3
       4
       4
       2
       2
       5
       2
       5
       6
       6
       3
       7
       7
      11
       6
       5
      12
       6
       8
       5
       4
       4
       4
       4
       2
       2
       5
       7
       7
       6
       5
       3
       4
       4
       6
       5
       2
       8
       5
       5
       6
       2
       5
       4
       6
       3
       7
       5
       3
       8
       3
       7
       2
       4
       3
       2
       8
       5
       3
       3
       7
       5
       9
       6
       3
       9
       4
       6
       4
       2
       9
       5
       7
       4
       3
       7
       5
       4
       7
       2
      10
       8
       3
       6
       9
       5
       5
       4
       9
       3
      10
       8
      13
       4
       4
      10
       6
       5
       5
       8
       7
       6
       9
       5
       4
      10
       5
       3
       8
       7
       8
       5
       6
       2
       5
       5
       3
       5
       3
       5
       4
       7
       1
       1
       5
       6
       1
       4
       4
       6
       6
       4
       5
       8
       9
       6
       6
       3
       4
       7
       4
       8
       5
       8
       6
       0
       3
       3
       4
       8
       4
       8
       4
       8
       3
       3
       4
       4
       7
       6
       7
       5
       3
       5
       4
       7
       3
       5
       3
       7
       5
       4
       3
       5
       3
       5
       5
       5
       2
       5
       5
       2
       4
      10
       3
       7
       8
       4
       3
       7
       7
       4
       2
       4
       5
       3
       4
       4
       5
       4
       3
       5
       4
       8
       3
       7
       3
       4
       3
       5
       7
      11
       5
       5
       8
       9
       6
       3
       2
       9
       5
       5
       9
       6
       8
       6
       4
       3
       5
       4
       4
       6
       6
       4
       9
       3
       6
       4
       7
       5
       3
       7
       5
       4
       3
       3
       5
       5
      13
       4
       4
       4
       7
       8
       4
       6
       3
       2
       4
       6
       6
       6
       4
       3
       3
       4
       8
       4
       7
       5
       6
       3
       4
       6
       2
       8
       7
       4
       5
       3
       5
       7
       3
       1
       5
       7
       4
       3
       3
       9
       5
       5
       3
       5
       2
       5
       4
       4
       5
       6
       4
       5
       2
       3
       6
       4
       7
       5
       7
       6
       3
       2
       5
       5
       3
       7
       2
       4
       6
       3
       3
       3
       2
       7
       4
       6
       3
       0
       4
       5
       3
       6
       7
       4
       2
       3
       0
       4
       2
       5
       2
       3
       5
       3
       2
       2
       5
       4
       3
       3
       3
       3
       4
       5
       6
      10
       6
       9
       5
       6
       5
       4
       9
       8
       5
       5
       1
       2
       9
       2
       6
       7
       6
       7
       3
       5
       2
       5
       4
       6
       4
       3
       3
       4
       2
       3
       5
       4
       6
       3
       1
       3
       4
       2
       3
       3
       5
       0
       4
       0
       2
       5
       5
       4
       5
       6
       5
       3
       5
       4
       4
       3
       1
       4
       3
       3
       4
       2
       3
       4
       2
       5
       4
       2
       3
       0
       4
       2
       3
       2
       9
       4
       4
       4
       7
       5
       5
       6
       8
       8
       2
       3
       5
       4
       1
       4
       6
       4
       6
       8
       4
       2
       7
       5
       5
       5
       2
       5
       1
       6
       1
       7
       4
       3
       9
       4
       2
       5
       3
       6
      11
       3
       6
       6
       6
       5
       8
       5
       8
       2
       2
       3
       4
       4
       2
       5
       1
       3
       1
       6
       5
       7
       2
       5
       3
       2
       8
       2
       4
       2
       1
       3
       1
       4
      11
       4
       8
       3
       3
       2
       4
       4
       2
       3
       0
       1
       3
       4
       2
       3
       3
       6
       4
       5
       1
       6
       6
       4
       2
       4
       7
       2
       6
       6
       3
       4
       0
       5
       7
       6
       4
       4
       5
       5
       5
       3
       4
       4
       2
       9
       2
       2
       1
       3
       2
       5
       7
       6
       1
       2
       1
       6
       1
       4
       7
       2
       2
       4
       3
       5
       1
       2
       6
       2
       4
       7
       5
       3
       4
       4
       4
       4
       2
       3
       4
       2
       1
       5
       0
       3
       3
       5
       1
       3
       5
       6
       4
       6
       6
       3
       6
       3
       3
       6
       6
       4
       1
       7
       1
       5
       6
       1
       5
       4
       3
       7
       4
       2
       4
       4
       4
       4
       6
       2
       7
       2
       2
       4
       2
       5
       3
       4
       8
       5
       8
       1
       6
       4
       2
       5
       2
       2
       2
       4
       4
       4
       7
       5
       4
       4
       2
       1
       4
       3
       6
       8
       0
       3
       5
       6
       2
       5
       2
       2
       2
       3
       2
       2
       5
       3
       3
       0
       5
       5
       6
       6
       0
       3
       4
       7
       3
       1
       2
       7
       6
       4
       3
       1
       7
       0
       2
       1
       7
       3
       3
       1
       2
       6
       4
       5
       4
       4
       8
       7
       3
       7
       3
       1
       7
       2
       3
       3
       2
       1
       1
       3
       0
       6
       1
       3
       4
       4
       6
       4
       5
       6
       1
       6
       4
       2
       4
       6
       3
       5
       5
       5
       1
       5
       5
       2
       0
       1
       4
       5
       3
       0
       3
       7
       6
       7
       1
       5
       3
       9
       5
       6
       4
       3
       4
       4
       3
       3
       6
       4
       6
       4
       2
       3
       7
       2
       4
       3
       6
       9
       2
       8
       4
       7
       3
       3
       3
       3
       5
       4
       3
       4
       3
       7
       9
       3
       4
       6
       9
       2
       4
       6
       1
       2
       1
       5
       4
       5
       3
       4
       5
       1
       0
       2
       5
       6
       4
       7
       4
       4
       5
       1
       3
       1
       1
       4
       3
       5
       4
       3
       3
       8
       5
       4
      10
       6
       7
       4
       2
       8
       2
       8
       7
       3
       9
       9
       9
       4
       3
       3
       4
       3
       5
       7
       2
       3
       3
       5
       6
       5
       5
       4
       5
       6
       2
       5
       7
       5
       4
       7
       3
       6
       5
       5
       4
       1
       6
       5
       5
       6
       6
       6
       4
       3
       8
       5
       5
       4
       3
       6
       7
      12
      12
       9
       8
      17
      10
      10
       6
      10
      11
       8
       6
       6
       5
       3
       8
       4
       5
       8
       5
       6
       0
       5
       1
       6
       1
       4
       4
       1
       5
       1
       5
      11
       2
       2
       7
       4
       6
       0
       4
       2
       4
       3
       7
       3
       5
       6
       3
       3
       4
       6
       5
       3
       2
       4
       5
       6
       5
       6
       4
       6
       3
       5
       5
       5
       8
       1
       4
       5
       5
       3
       3
       3
       2
       1
       5
       2
       5
       1
       3
       5
       4
       3
       4
       2
       3
       4
       2
       3
       1
       3
       4
       2
       3
       7
       3
       4
       3
       4
       2
       0
       1
       2
       3
       2
       3
       2
       2
       6
       3
       4
       2
       3
       3
       5
       5
       3
       5
       5
       1
       3
       3
       2
       4
       4
       2
       3
       3
       2
       4
       3
       5
       4
       4
       3
       3
       4
       4
       2
       1
       3
       2
       7
       3
       6
       6
       3
       4
       4
       2
       4
       7
       1
       5
       4
       6
       2
       5
       2
       4
       2
       1
       5
       4
       3
       5
       1
       2
       2
       2
       2
       1
       1
       3
       3
       3
       2
       2
       2
       2
       2
       0
       1
       4
       2
       2
       2
       2
       1
       2
       5
       7
       4
       5
       5
       1
       4
       3
       1
       3
       2
       4
       4
       1
       4
       3
       5
       6
       3
       3
       2
       6
       4
       3
       4
       0
       4
       4
       7
       4
       4
       8
       3
       2
       3
       1
       2
       1
       4
       2
       3
       2
       2
       4
       6
       3
       1
       6
       1
       2
       4
       4
       3
       2
       7
       4
       4
       3
       5
       5
       2
       2
       3
       1
       3
       2
       2
       6
       2
       2
       3
       4
       4
       3
       0
       6
       2
       1
       1
       3
       2
       1
       5
       2
       3
       2
       3
       6
       6
       4
       1
       0
       2
       3
       4
       7
       3
       3
       1
       0
       2
       6
       4
       3
       4
       2
       5
       7
       8
       9
      10
      11
      12
      21
      14
      20
      20
      32
      36
      33
      36
      28
      33
      43
      22
      31
      27
      12
      20
      11
      22
      10
       8
       8
       7
       4
       4
       1
       0
       5
       5
       7
       5
       4
       2
       3
       6
       2
       4
       3
       7
       1
       2
       5
       0
       2
       3
       1
       2
       4
       4
       2
       6
       3
       2
       4
       1
       1
       3
       3
       3
       3
       1
       1
       4
       4
       6
       4
       1
       4
       3
       0
       2
       0
       2
       2
       4
       4
       3
       5
       3
       1
       1
       1
       4
       2
       4
       5
       3
       1
       3
       2
       2
       3
       1
       0
       3
       2
       0
       3
       2
       3
       4
       0
       2
       6
       2
       6
       3
       2
       6
       5
       2
       3
       4
       3
       2
       0
       2
       2
       5
       5
       4
       3
       3
       3
       1
       2
       6
       2
       1
       3
       3
       5
       2
       3
       2
       1
       4
       3
       1
       3
       2
       2
       0
       4
       4
       5
       2
       7
       2
       3
       0
       5
       2
       4
       4
       3
       2
       3
       5
       2
       2
       3
       3
       1
       2
       3
       3
       4
       3
       2
       1
       5
       3
       3
       3
       1
       3
       1
       6
       1
       0
       0
       0
       0
       0
       0
       0
       0
       0
       0
       0
       0
       0
       0
       0
       0
       0
       0
       0
       0
       0
       0
       0
       0
       0
       0
       0
       0
       0
       0
       0
       0
       0
       0
       0
       0
       0
       0
       0
       0
       0
       0
       0
       0
       0
       0
       0
       0
       0
       0
       0
       0
       0
       0
       0
       0
       0
       0
       0
       0
       0
       0
       0
       0
       0
       0
       0
       0
       0
       0
       0
       0
       0
       0
       0
       0
       0
       0
       0
       0
       0
       0
       0
       0
       0
       0
       0
       0
       0
       0
       0
       0
       0
       0
       0
       0
       0
       0
       0
       0
       0
       0
       0
       0
       0
       0
       0
       0
       0
       0
       0
       0
       0
       0
       0
       0
       0
       0
       0
       0
       0
       0
       0
       0
       0
       0
       0
       0
$ROI:
0
$PRESETS:
None
0
0
$ENER_FIT:
-2.173939 0.279251
$MCA_CAL:
3
-2.173939E+000 2.792507E-001 0.000000E+000 keV
$SHAPE_CAL:
3
1.571259E+001 -1.155430E-003 0.000000E+000
