$SPEC_ID:
226Ra
$SPEC_REM:
DET# 1
DETDESC# MCB 132 Input 1
AP# Maestro Version 6.06
$DATE_MEA:
11/12/2021 10:38:16
$MEAS_TIM:
254658 254679
$DATA:
0 8191
       0
       0
       0
       0
       0
       0
       0
       0
       0
       0
       0
       0
       0
       0
       0
       0
       0
       0
       0
       0
       0
       0
       0
       0
       0
       2
    2980
   16674
    1295
     592
     494
     535
     584
     580
     606
     634
     639
     655
     628
     590
     612
     738
     713
     687
     571
     507
     440
     425
     437
     414
     464
     421
     435
     454
     447
     402
     376
     382
     335
     357
     377
     341
     349
     351
     316
     312
     344
     323
     329
     317
     312
     302
     285
     283
     307
     249
     250
     301
     252
     279
     262
     267
     263
     266
     271
     234
     267
     246
     246
     254
     224
     242
     246
     241
     193
     261
     215
     227
     237
     206
     223
     193
     200
     183
     204
     202
     190
     187
     234
     203
     187
     185
     194
     204
     195
     204
     211
     182
     213
     182
     187
     158
     157
     201
     191
     178
     186
     194
     203
     184
     186
     176
     168
     181
     164
     174
     153
     193
     163
     176
     177
     174
     178
     166
     161
     166
     153
     167
     168
     163
     152
     178
     180
     169
     152
     163
     145
     160
     156
     169
     142
     145
     175
     170
     143
     165
     182
     179
     168
     151
     218
     279
     331
     355
     301
     231
     162
     156
     168
     156
     154
     145
     152
     157
     165
     158
     137
     168
     170
     159
     154
     174
     160
     161
     169
     175
     212
     220
     238
     196
     182
     172
     184
     143
     167
     155
     154
     160
     173
     173
     173
     146
     148
     137
     179
     173
     189
     158
     205
     241
     225
     194
     177
     164
     175
     168
     165
     143
     186
     167
     217
     345
     455
     515
     367
     262
     186
     194
     139
     147
     153
     178
     160
     168
     175
     180
     164
     160
     177
     158
     194
     156
     170
     174
     181
     186
     185
     150
     164
     167
     178
     179
     165
     191
     203
     203
     233
     255
     248
     206
     185
     205
     228
     272
     340
     337
     249
     214
     201
     196
     186
     256
     244
     237
     231
     184
     198
     168
     174
     173
     183
     174
     170
     192
     211
     195
     182
     202
     196
     190
     177
     193
     194
     219
     212
     210
     263
     270
     290
     342
     310
     243
     236
     190
     204
     193
     190
     218
     247
     260
     226
     194
     176
     180
     189
     191
     201
     216
     236
     235
     204
     189
     168
     188
     271
     410
     700
     864
     902
     697
     478
     290
     251
     202
     176
     222
     186
     174
     196
     168
     192
     191
     207
     179
     165
     205
     194
     227
     219
     212
     229
     206
     202
     211
     189
     186
     197
     165
     180
     186
     173
     200
     177
     185
     191
     193
     189
     153
     176
     166
     173
     194
     174
     197
     216
     202
     179
     173
     213
     169
     181
     196
     210
     193
     210
     203
     203
     190
     197
     221
     237
     198
     205
     201
     220
     206
     198
     244
     190
     214
     212
     224
     205
     214
     200
     186
     190
     187
     209
     218
     186
     170
     188
     158
     212
     166
     193
     201
     190
     210
     199
     201
     190
     200
     178
     208
     209
     207
     206
     224
     215
     196
     212
     186
     193
     198
     216
     200
     183
     203
     194
     191
     224
     194
     183
     207
     177
     178
     189
     188
     194
     173
     172
     191
     199
     223
     190
     208
     199
     222
     202
     206
     198
     196
     216
     223
     189
     217
     176
     200
     188
     188
     186
     215
     192
     217
     191
     184
     171
     222
     212
     220
     210
     203
     211
     204
     193
     196
     213
     180
     183
     209
     198
     197
     208
     212
     199
     244
     201
     206
     206
     170
     218
     165
     200
     192
     182
     192
     194
     232
     279
     320
     268
     247
     197
     208
     190
     172
     195
     178
     209
     180
     183
     205
     187
     176
     174
     193
     163
     199
     166
     181
     190
     201
     172
     197
     173
     206
     177
     189
     190
     183
     195
     199
     183
     194
     198
     207
     181
     190
     209
     168
     179
     184
     200
     191
     204
     172
     177
     174
     206
     186
     174
     198
     206
     183
     201
     210
     192
     168
     198
     170
     174
     175
     192
     187
     213
     185
     199
     212
     241
     249
     251
     239
     175
     180
     175
     187
     179
     189
     196
     213
     189
     184
     183
     168
     184
     192
     206
     195
     189
     182
     175
     166
     190
     182
     172
     198
     169
     196
     193
     181
     167
     192
     160
     195
     201
     187
     180
     202
     176
     188
     211
     196
     177
     191
     214
     184
     179
     190
     203
     201
     175
     196
     156
     159
     202
     158
     183
     200
     192
     172
     181
     183
     166
     189
     195
     204
     191
     203
     191
     191
     162
     180
     189
     174
     199
     232
     300
     494
     674
     805
     632
     483
     303
     187
     194
     193
     174
     168
     178
     157
     170
     176
     165
     161
     179
     179
     202
     171
     159
     157
     170
     182
     165
     169
     153
     156
     202
     169
     180
     183
     194
     160
     197
     186
     178
     160
     188
     177
     157
     180
     163
     199
     192
     170
     210
     187
     186
     159
     161
     161
     187
     172
     156
     158
     183
     167
     173
     186
     193
     191
     162
     168
     193
     177
     165
     172
     165
     184
     210
     208
     188
     181
     169
     192
     176
     177
     177
     163
     192
     157
     158
     146
     149
     164
     167
     182
     153
     161
     162
     162
     154
     141
     182
     187
     146
     144
     152
     172
     146
     148
     176
     179
     150
     158
     177
     199
     151
     150
     145
     160
     161
     170
     154
     168
     164
     175
     162
     148
     147
     170
     159
     174
     160
     137
     149
     151
     180
     148
     151
     146
     177
     174
     140
     158
     153
     131
     157
     139
     152
     176
     161
     147
     132
     135
     135
     166
     166
     177
     170
     142
     132
     171
     129
     134
     145
     158
     156
     141
     140
     142
     132
     157
     137
     152
     139
     143
     146
     157
     144
     179
     139
     164
     142
     138
     143
     141
     128
     154
     155
     174
     157
     160
     137
     131
     137
     200
     259
     321
     351
     356
     271
     224
     187
     171
     143
     165
     167
     170
     157
     139
     175
     176
     141
     126
     143
     127
     135
     134
     135
     127
     136
     133
     153
     149
     126
     133
     128
     142
     147
     108
     117
     143
     127
     144
     128
     130
     158
     125
     149
     151
     134
     119
     148
     130
     144
     152
     128
     127
     119
     153
     132
     137
     148
     124
     121
     153
     125
     142
     152
     125
     124
     133
     137
     128
     134
     146
     141
     136
     153
     140
     137
     139
     123
     151
     138
     114
     136
     132
     125
     148
     126
     133
     102
     127
     112
     124
     132
     122
     107
     116
     126
     127
     134
     135
     118
     124
     118
     146
     127
     144
     139
     105
     131
     116
     113
     141
     120
     103
     119
     129
     139
     136
     150
     151
     122
     141
     118
     120
     126
     142
     137
     151
     131
     103
     113
     139
     128
     131
     119
     112
     109
     107
     124
     111
     135
     114
     110
     157
     133
     129
     147
     140
     121
     126
     123
     103
     137
     116
     105
     113
     116
     100
     134
     136
     114
     126
     117
     117
     114
     116
     108
     110
     119
     123
     131
     127
     124
     109
     117
     113
     102
     111
     130
     109
     106
     106
     126
     107
     146
      96
      96
     110
     101
     120
     126
     125
     116
     102
     108
     112
     109
     110
     108
      98
     107
      99
     110
     125
     147
     122
     129
     144
     146
     116
     130
     113
     107
     104
     109
     119
     117
     121
     111
     129
     116
     107
     110
     102
     147
     126
     109
     124
     107
     107
     102
     103
     126
     100
     113
      98
     111
     135
     135
      86
     119
     107
     107
      97
     100
     100
     103
     104
     107
     112
     108
     106
     137
     117
      90
      96
     117
      94
     113
     118
     128
     102
     118
     113
     101
     109
     111
     115
     101
     105
      99
     104
     114
      96
     105
      93
     104
     100
     116
     103
      96
     107
     109
     109
     101
     116
      92
     105
     103
      95
     119
      99
      92
     125
     100
     116
     118
     104
      91
     114
     118
     122
      95
     103
     104
      91
     107
      97
     112
      93
     104
     105
     125
     103
     113
     108
      99
     105
      97
     107
     104
     112
      98
     107
     124
     115
     114
     110
     124
     102
     108
     101
      87
     115
      93
     105
     130
      86
      99
      85
     112
      99
     111
     101
     108
      96
      97
     102
     107
      98
     101
      86
      92
      98
     119
     115
      98
      90
     105
     110
     122
     142
     134
     101
     114
      91
     110
     108
      75
     100
      93
     109
      91
      92
      90
     119
      99
      89
     104
     103
      94
     101
      88
     108
      91
      90
      88
      81
      94
      91
      82
      98
      89
      74
     109
     103
      89
      98
      88
      78
     104
     108
      84
      88
      88
      90
     101
     122
     122
     135
     130
     112
     113
     121
      89
      98
      85
      92
      76
     106
      91
     100
     101
      78
      99
      90
      71
      91
      81
      77
      83
      91
      82
      95
     106
      87
      93
      84
      81
      84
      86
      83
      99
      86
      71
      81
      93
     100
      84
     103
      94
      77
      85
     123
      81
      95
      79
      84
      71
      80
      98
      69
      64
      82
      79
      90
      81
      89
      78
      81
      82
      98
      83
      89
      79
      78
      91
      80
     101
      89
      82
      89
      99
      77
      83
      81
      74
      95
      83
      89
      80
      88
      86
      72
      82
      79
      88
      72
      98
      87
      90
      79
      71
      85
      81
      90
      87
      80
      99
      84
      81
      74
      86
      84
      77
      76
      82
      89
      78
      85
      71
      74
      82
      75
     100
      78
      67
      84
      76
      86
      87
      82
      80
      98
      78
      88
      84
      70
      74
      70
      82
      73
      79
      90
      84
      80
      83
      84
      80
      69
      84
      84
      77
      66
      65
      94
      65
      80
      80
      94
      73
      94
      74
      68
      75
      64
      79
      79
      64
      80
      81
      78
      93
      82
      70
      91
      97
      80
      78
      73
      78
      82
      74
      72
      77
      71
      68
      90
      83
      81
      69
      85
      90
      83
      87
      73
      76
      78
      73
      78
      73
      80
      87
      78
      79
      84
      64
      74
      76
      83
      82
      78
      86
      80
      78
      63
      81
      65
      81
      69
      90
      84
      70
      91
      58
      85
      71
      71
      67
      91
      80
      53
      81
      65
      72
      86
      88
      78
      85
      78
      74
      82
      68
      68
      78
      69
      73
      85
      80
      66
      67
      73
      71
      75
      72
      84
      69
      75
      79
      75
      76
      79
      83
      72
      80
      71
      86
      70
      73
      79
      77
      77
      86
      72
      85
      83
      75
      76
      73
      68
      85
      76
      86
      84
      78
      70
      70
      76
      67
      69
      82
      84
      71
      87
      78
      77
      86
      85
     105
     154
     268
     388
     468
     516
     376
     310
     201
     126
      82
      71
      89
      83
      69
      71
      93
      65
      76
      69
      75
      66
      70
      63
      74
      64
      70
      60
      73
      74
      68
      66
      77
      86
      78
      73
      67
      67
      69
      61
      69
      76
      72
      71
      72
      71
      64
      65
      71
      58
      68
      67
      65
      76
      68
      61
      50
      71
      59
      64
      86
      83
      68
      59
      60
      68
      79
      60
      67
      73
      74
      71
      66
      76
      58
      71
      65
      78
      74
      66
      49
      71
      73
      63
      66
      75
      72
      78
      53
      70
      61
      57
      71
      64
      72
      56
      54
      72
      68
      59
      66
      89
      75
      70
      74
      57
      58
      79
     106
      67
      69
      69
      79
      70
      81
      71
      62
      74
      59
      66
      69
      59
      79
      71
      65
      70
      77
      74
      63
      66
      71
      56
      58
      50
      79
      74
      71
      59
      55
      58
      64
      66
      76
      68
      65
      65
      59
      63
      75
      55
      61
      69
      67
      64
      69
      54
      73
      85
      59
      67
      63
      60
      58
      69
      62
      62
      63
      67
      64
      76
      70
      57
      59
      60
      63
      68
      48
      65
      62
      63
      65
      65
      63
      62
      50
      64
      50
      53
      53
      52
      59
      60
      59
      65
      52
      54
      68
      65
      52
      70
      51
      56
      67
      49
      66
      46
      44
      59
      66
      52
      67
      50
      64
      57
      55
      49
      61
      58
      54
      61
      49
      71
      74
      62
      66
      66
      56
      55
      65
      60
      61
      52
      64
      61
      71
      63
      52
      49
      70
      60
      59
      57
      69
      51
      51
      76
      51
      64
      74
      52
      60
      55
      60
      53
      60
      61
      57
      53
      75
      62
      54
      68
      62
      57
      60
      65
      62
      74
      71
      93
      78
     113
     126
     134
     189
     233
     303
     287
     371
     462
     450
     412
     377
     365
     309
     266
     200
     149
     112
     115
      74
      85
      64
      54
      53
      72
      74
      59
      62
      53
      55
      47
      65
      50
      47
      48
      58
      56
      68
      52
      56
      68
      34
      55
      38
      53
      52
      43
      53
      55
      56
      52
      53
      43
      44
      43
      56
      59
      51
      49
      66
      53
      49
      41
      44
      54
      48
      58
      61
      53
      51
      49
      56
      56
      49
      44
      41
      45
      39
      63
      54
      59
      49
      38
      56
      42
      51
      41
      56
      40
      59
      49
      52
      42
      52
      55
      37
      59
      48
      54
      55
      48
      51
      53
      56
      52
      38
      49
      41
      46
      45
      50
      52
      48
      46
      42
      46
      40
      54
      35
      49
      62
      54
      52
      42
      52
      50
      44
      45
      40
      44
      43
      49
      35
      53
      49
      65
      52
      46
      49
      49
      51
      40
      54
      51
      47
      55
      45
      51
      33
      50
      51
      49
      47
      46
      45
      42
      58
      51
      45
      54
      42
      46
      50
      45
      47
      48
      53
      50
      47
      35
      38
      54
      45
      42
      61
      52
      34
      45
      50
      39
      50
      47
      41
      54
      46
      48
      44
      57
      45
      38
      49
      40
      43
      52
      49
      55
      45
      39
      41
      50
      47
      41
      46
      51
      39
      41
      37
      53
      47
      63
      47
      44
      40
      45
      66
      50
      58
      76
     117
      78
      87
      74
      80
      62
      49
      45
      50
      54
      54
      34
      42
      52
      40
      37
      44
      39
      47
      48
      39
      43
      47
      45
      53
      56
      43
      38
      60
      47
      43
      52
      60
      42
      46
      53
      41
      47
      50
      34
      36
      52
      38
      51
      42
      54
      65
      75
      89
      90
     104
     101
      71
      54
      51
      51
      37
      42
      45
      59
      44
      47
      39
      38
      43
      53
      46
      33
      46
      45
      41
      36
      47
      40
      36
      44
      41
      30
      44
      42
      48
      54
      38
      37
      37
      36
      28
      45
      29
      44
      44
      49
      40
      39
      53
      48
      54
      52
      47
      53
      54
      64
      63
      43
      56
      46
      43
      51
      50
      37
      51
      51
      35
      40
      49
      42
      40
      39
      34
      47
      48
      67
      46
      43
      44
      50
      53
      43
      67
      40
      50
      42
      48
      42
      46
      46
      40
      42
      55
      59
      67
      68
      74
      66
      54
      63
      53
      71
      49
      52
      44
      45
      32
      63
      50
      64
     103
     114
     200
     245
     306
     322
     309
     218
     141
     108
      59
      46
      48
      41
      49
      38
      38
      40
      33
      41
      45
      35
      41
      35
      46
      37
      46
      36
      35
      42
      32
      52
      41
      48
      44
      52
      36
      34
      30
      37
      58
      34
      38
      39
      30
      42
      45
      42
      48
      42
      45
      30
      43
      47
      34
      41
      32
      48
      43
      37
      44
      37
      42
      25
      39
      37
      54
      45
      43
      32
      50
      42
      39
      37
      43
      39
      50
      40
      34
      37
      34
      35
      45
      39
      33
      41
      30
      35
      38
      45
      31
      44
      42
      33
      40
      36
      37
      51
      36
      37
      36
      52
      52
      37
      40
      42
      38
      39
      28
      41
      31
      34
      42
      51
      44
      40
      32
      42
      38
      43
      39
      25
      31
      37
      34
      40
      33
      37
      39
      33
      22
      42
      52
      47
      41
      32
      51
      33
      48
      36
      46
      27
      41
      44
      30
      38
      36
      39
      51
      29
      39
      57
      37
      35
      39
      44
      43
      34
      33
      37
      40
      39
      37
      32
      37
      31
      57
      46
      72
     103
     156
     248
     307
     442
     438
     451
     337
     255
     160
     101
      84
      53
      46
      36
      32
      30
      36
      42
      35
      36
      32
      33
      34
      26
      28
      35
      32
      35
      30
      43
      31
      46
      37
      37
      44
      32
      33
      42
      31
      44
      36
      31
      33
      41
      30
      44
      41
      40
      31
      44
      30
      34
      31
      25
      26
      47
      30
      44
      34
      41
      32
      18
      35
      36
      31
      39
      37
      47
      46
      30
      28
      34
      28
      35
      37
      31
      27
      31
      35
      34
      41
      28
      31
      32
      35
      29
      29
      36
      30
      36
      35
      29
      35
      38
      37
      33
      37
      40
      39
      29
      45
      28
      37
      31
      36
      38
      47
      42
      28
      39
      22
      22
      31
      36
      37
      44
      50
      46
      49
      54
      46
      32
      36
      36
      36
      33
      51
      35
      43
      42
      36
      46
      31
      40
      34
      41
      36
      28
      32
      35
      39
      34
      39
      34
      36
      36
      32
      35
      40
      38
      31
      33
      41
      53
      40
      38
      34
      38
      37
      40
      33
      30
      46
      41
      38
      41
      51
      34
      34
      33
      34
      46
      42
      39
      43
      25
      32
      44
      39
      31
      38
      33
      36
      28
      39
      36
      37
      29
      42
      43
      20
      29
      28
      28
      40
      30
      31
      37
      26
      33
      34
      31
      37
      35
      27
      28
      29
      46
      25
      37
      38
      24
      30
      34
      32
      33
      41
      60
      75
      89
     144
     199
     269
     261
     237
     164
     166
      99
      63
      51
      46
      43
      30
      25
      36
      35
      55
      39
      33
      38
      35
      40
      46
      37
      32
      28
      25
      38
      43
      32
      35
      31
      37
      25
      28
      27
      29
      25
      27
      27
      29
      29
      36
      31
      32
      32
      43
      28
      35
      31
      37
      33
      34
      29
      19
      21
      37
      40
      33
      25
      35
      30
      31
      32
      15
      34
      29
      26
      28
      31
      35
      21
      29
      39
      33
      38
      32
      28
      35
      30
      34
      28
      30
      28
      36
      27
      35
      28
      31
      29
      18
      25
      33
      30
      28
      27
      17
      32
      34
      39
      38
      28
      32
      39
      26
      26
      32
      24
      31
      29
      25
      35
      28
      36
      35
      42
      36
      29
      39
      17
      34
      21
      31
      31
      27
      18
      42
      34
      28
      24
      31
      31
      27
      19
      29
      28
      28
      24
      25
      31
      31
      30
      27
      33
      26
      26
      25
      30
      41
      28
      36
      28
      26
      35
      33
      42
      34
      55
      45
      36
      33
      43
      37
      53
      38
      42
      31
      36
      39
      39
      22
      31
      29
      35
      35
      30
      30
      21
      38
      27
      27
      30
      32
      29
      32
      32
      30
      30
      30
      19
      26
      19
      18
      35
      31
      22
      32
      31
      25
      34
      24
      30
      26
      34
      22
      25
      36
      30
      32
      33
      29
      33
      27
      29
      31
      35
      32
      30
      27
      29
      30
      29
      32
      22
      28
      35
      31
      39
      33
      31
      35
      30
      27
      22
      30
      20
      33
      32
      22
      33
      30
      31
      17
      28
      33
      44
      30
      23
      23
      36
      22
      26
      30
      21
      34
      27
      38
      35
      38
      39
      39
      48
      43
      36
      22
      23
      31
      24
      25
      21
      25
      27
      34
      17
      27
      35
      24
      28
      36
      25
      18
      27
      22
      24
      30
      31
      27
      42
      30
      33
      50
      26
      32
      28
      30
      27
      21
      29
      30
      29
      20
      23
      34
      25
      24
      19
      21
      33
      23
      45
      23
      21
      22
      35
      27
      25
      33
      21
      34
      29
      29
      27
      31
      25
      22
      29
      19
      34
      38
      26
      25
      23
      33
      28
      29
      34
      20
      25
      30
      32
      30
      32
      26
      40
      36
      35
      26
      26
      30
      33
      32
      24
      32
      28
      22
      26
      21
      28
      31
      33
      26
      25
      23
      29
      34
      23
      22
      28
      25
      20
      28
      35
      27
      21
      28
      33
      34
      17
      26
      34
      23
      27
      24
      18
      28
      28
      31
      26
      35
      24
      25
      20
      32
      17
      29
      27
      19
      33
      31
      28
      19
      21
      27
      36
      28
      24
      31
      31
      32
      20
      34
      33
      24
      38
      30
      37
      36
      21
      26
      30
      28
      33
      27
      30
      28
      29
      21
      27
      27
      34
      30
      30
      27
      34
      31
      39
      26
      34
      19
      25
      27
      30
      22
      27
      25
      31
      31
      34
      25
      19
      31
      27
      31
      26
      35
      25
      28
      16
      25
      28
      34
      24
      22
      24
      34
      19
      34
      22
      22
      23
      27
      23
      18
      29
      28
      37
      25
      25
      31
      36
      28
      27
      25
      24
      24
      32
      24
      20
      16
      32
      26
      31
      23
      29
      28
      32
      22
      32
      26
      27
      26
      23
      23
      14
      18
      20
      23
      29
      27
      30
      34
      29
      28
      32
      29
      27
      19
      35
      28
      19
      24
      28
      36
      23
      21
      25
      28
      27
      23
      31
      21
      19
      20
      24
      22
      16
      28
      32
      21
      17
      24
      12
      34
      30
      29
      24
      31
      33
      34
      15
      23
      25
      30
      23
      26
      25
      24
      21
      29
      27
      20
      28
      14
      39
      21
      23
      19
      20
      21
      17
      21
      30
      23
      27
      21
      27
      23
      23
      19
      27
      31
      30
      26
      32
      22
      30
      22
      19
      26
      21
      24
      24
      30
      22
      20
      22
      24
      15
      25
      19
      28
      28
      23
      28
      28
      27
      18
      19
      23
      18
      26
      28
      22
      18
      29
      23
      14
      20
      28
      21
      20
      24
      28
      23
      24
      28
      26
      22
      27
      20
      26
      30
      27
      20
      15
      13
      24
      29
      21
      28
      25
      16
      28
      15
      24
      15
      24
      19
      28
      19
      22
      28
      24
      29
      17
      23
      21
      12
      21
      20
      17
      17
      24
      26
      20
      21
      15
      30
      24
      28
      23
      36
      31
      34
      58
      47
      66
      52
      44
      35
      36
      27
      30
      24
      21
      24
      19
      29
      25
      29
      31
      30
      26
      21
      21
      26
      24
      18
      26
      23
      18
      28
      15
      29
      25
      23
      22
      19
      25
      22
      17
      19
      24
      21
      21
      14
      25
      18
      23
      17
      18
      18
      33
      25
      19
      29
      14
      27
      17
      31
      21
      26
      28
      19
      30
      23
      29
      17
      25
      22
      24
      24
      21
      24
      25
      31
      19
      32
      23
      25
      24
      23
      26
      17
      15
      22
      33
      28
      15
      17
      24
      29
      24
      24
      26
      22
      19
      22
      29
      19
      23
      24
      18
      21
      18
      33
      15
      11
      27
      26
      29
      22
      20
      25
      23
      18
      13
      15
      16
      24
      22
      21
      20
      17
      29
      24
      30
      21
      21
      29
      15
      24
      21
      19
      18
      25
      16
      24
      13
      22
      18
      17
      19
      25
      18
      18
      25
      23
      22
      21
      32
      19
      11
      25
      27
      18
      21
      26
      22
      14
      16
      24
      17
      21
      19
      19
      28
      24
      24
      20
      28
      20
      22
      20
      16
      33
      13
      21
      16
      17
      22
      21
      22
      18
      28
      29
      16
      23
      31
      34
      35
      27
      17
      18
      21
      27
      23
      31
      29
      23
      23
      28
      14
      18
      19
      32
      16
      24
      26
      22
      31
      43
      38
      45
      34
      24
      31
      24
      23
      18
      19
      26
      24
      21
      14
      28
      22
      20
      31
      18
      21
      20
      20
      18
      23
      26
      18
      14
      25
      22
      16
      19
      22
      21
      22
      15
      27
      21
      18
      27
      23
      20
      21
      20
      21
      19
      23
      22
      21
      27
      24
      29
      20
      24
      20
      19
      24
      23
      22
      29
      20
      15
      16
      22
      21
      28
      21
      20
      18
      18
      29
      17
      14
      17
      26
      26
      24
      18
      11
      22
      29
      21
      18
      17
      21
      19
      28
      24
      22
      19
      20
      18
      21
      18
      22
      17
      16
      25
      23
      30
      20
      14
      20
      22
      19
      21
      16
      11
      22
      21
      20
      26
      26
      32
      34
      47
      59
      49
      49
      43
      27
      26
      39
      23
      27
      24
      25
      14
      16
      20
      18
      23
      21
      27
      26
      14
      23
      28
      22
      20
      29
      18
      23
      17
      20
      14
      24
      23
      14
      17
      26
      26
      15
      16
      15
      26
      12
      19
      17
      20
      29
      15
      22
      29
      22
      14
      17
      22
      24
      21
      25
      21
      27
      18
      24
      30
      15
      23
      13
      23
      17
      25
      15
      23
      19
      21
      15
      18
      20
      21
      15
      16
      31
      25
      17
      23
      15
      22
      15
       8
      21
      27
      17
      18
      17
      17
      16
      14
      12
      21
      17
      26
      18
      15
      15
      19
      16
      20
      15
      23
      11
      23
      14
      23
      17
      22
      16
      18
      17
      18
      13
      36
      24
      16
      23
      19
      16
      27
      25
      11
      22
      12
      23
      17
      18
      12
      18
      25
      13
      18
      16
      14
      20
      20
      18
      16
      25
      18
      19
      10
      26
      17
      20
      17
      18
      15
      24
      18
      12
       9
      23
      21
      13
      23
      15
      15
      23
      22
      16
      21
      10
      14
      30
      14
      20
      21
      22
      23
      22
      28
      14
      13
      21
      19
      16
      23
      18
      19
      25
      17
      17
      24
      13
      27
      19
      22
      16
      10
      18
      15
      18
      23
      21
      15
      14
      19
      23
      19
      18
      15
      11
      20
      12
      16
      22
      29
      20
      15
      20
      20
      18
      14
       9
      15
      17
      25
      17
      23
      28
      33
      28
      36
      40
      40
      30
      29
      27
      19
      14
      26
      20
      27
      16
      18
      14
      19
      21
      16
      17
      18
      14
      20
      12
      16
      20
      17
      21
      11
      20
      13
      19
      11
      19
      26
      13
      15
      17
      13
      19
      19
      24
      22
      15
      15
      20
      27
      15
      22
      18
      12
      15
      20
      15
      19
      21
      18
      21
      20
      18
      16
      15
      11
      17
      15
      21
      21
      26
      20
      23
      14
      17
      21
      10
      14
      19
      15
      15
      18
      17
      22
      13
      13
      15
      21
      12
      24
      17
      19
      17
      16
      24
      13
      15
      24
      18
      20
      16
      16
      17
      17
      20
      20
      11
      25
      23
      21
      24
      19
      24
      18
      21
      15
      11
      13
      16
      14
      18
      16
      23
      19
      27
      15
      17
      18
      19
      15
      18
      18
      15
      17
      16
      10
      17
      17
      21
      16
      18
      21
      11
      26
      13
      20
      17
      15
      16
      21
      24
      21
      18
      14
      16
      19
      19
      25
      24
      18
      15
      20
      23
      12
      16
      15
      20
      13
      11
      17
      21
      16
      15
      14
      17
      24
      17
      13
      15
      20
      12
      16
      19
       7
      15
      11
      15
      18
      14
      22
      16
      17
      22
      12
      25
      17
      15
      19
      21
      19
      17
      23
      23
      17
      19
      30
      27
      28
      34
      33
      25
      28
      20
      30
      16
      26
      17
      15
      19
      16
      18
      18
      15
      17
      16
      16
       8
      16
      18
      15
      15
      17
      13
      15
      19
      16
      24
      11
      20
      18
      19
      22
      17
      13
      25
      15
      12
      19
       9
      21
      18
      22
      17
      14
      19
      17
       4
       9
      15
      15
      12
      13
      13
      11
      18
      15
      19
      13
      21
      11
      12
      13
      16
      16
      24
      12
      24
      23
      18
      23
      16
      18
      18
      23
      20
      24
      17
      18
      15
      18
      16
      12
      21
      25
      10
      27
      18
      19
      11
      14
      12
      20
      21
      22
      13
      18
      20
       8
      16
      13
      13
      20
      14
      15
      21
      19
      17
      14
      14
      24
      15
      21
      11
      18
      10
      16
      21
       8
      20
      23
      22
      22
      15
      14
      15
      17
      12
      12
      17
      21
      20
      25
      14
      13
      14
      18
      21
      16
      13
      11
      17
      14
      18
      11
      20
      17
      10
      20
      13
      18
      14
      14
      14
      13
      10
      14
      18
      19
      16
      24
      14
      14
      19
      22
      19
      15
      15
      13
      13
      16
      22
      17
      15
      16
      18
      13
      14
      10
      18
      24
      20
      17
      17
      12
      26
      27
      10
      17
      17
      15
      13
      19
      19
      19
      16
      17
      13
      20
      20
       7
      16
      18
      14
      18
      14
      13
      25
      16
      22
      15
       9
      18
      22
      12
      18
      11
      19
      10
      21
      13
      21
      16
      13
      17
      18
      20
      17
      16
      15
      16
      20
      17
      13
      17
      14
      10
      25
      11
      21
      14
      14
      19
      20
      13
      17
      15
       9
      25
      23
      16
      12
       9
      14
      26
      12
      13
      20
      15
       8
      19
      18
      13
      18
      18
      13
       7
      21
      16
      17
      15
      17
      15
      12
      12
      12
      18
      17
      14
      14
      21
      10
      19
       7
      16
      15
      16
      13
      14
      14
      25
      16
      15
      11
      13
      14
      18
      20
      16
      19
      19
      18
      14
      11
      22
      16
      11
      13
       9
      19
      13
      14
      16
      14
      18
      13
      14
      20
      19
      16
      17
      12
      12
      20
      14
      20
      14
      16
      13
       9
      13
      16
      19
      11
      13
      11
      19
      19
      14
      18
      18
      16
      14
      14
      13
      12
      16
       8
      15
      11
      21
      19
       4
      13
      11
      33
      21
      11
      11
      16
      19
      20
      15
      16
      15
      12
      12
      16
      16
      14
      13
      24
      30
      13
      13
      21
      17
      15
       9
      13
       7
      16
      14
      11
      14
      14
      16
      17
      17
      10
      11
      11
      10
      15
      18
       9
      18
      20
       8
      12
      16
      12
      17
      16
      14
      18
      19
      21
      14
      10
      16
      17
      15
      16
      21
      22
      13
      18
      15
      12
      13
      22
      23
      23
      20
       6
      14
      21
      13
      12
      20
      14
      12
      12
      14
      19
      13
      12
      17
      14
      18
      11
      19
      12
      10
      15
      17
      15
      13
      14
      12
       9
      13
       8
      14
       8
      13
      18
      11
      11
      17
      13
      13
      10
      17
      13
      15
      14
      14
      15
       9
      12
      17
      14
      15
      17
      17
      13
      18
      19
      21
      13
      20
      10
      15
      12
      16
       9
       9
      13
      15
      14
      15
      13
      14
      15
      15
      15
      12
      12
      16
      18
       5
      14
      18
      14
       9
       9
      16
      18
      15
      13
      14
      10
       8
      12
      10
      16
      16
      15
       9
      14
      14
       8
       8
      13
      13
      10
      15
      10
      11
      15
      12
      15
      15
       8
      15
      11
      11
      11
      10
      14
      13
      18
      16
      14
      16
      13
      14
      13
      11
      11
      12
      10
      14
      13
      11
      12
      16
      10
      14
      20
      14
      17
      12
      12
      10
       9
      15
      12
      10
      19
       7
      16
      16
      14
      11
      13
      22
      12
      15
      14
      10
      10
      12
      10
      11
      16
      12
      11
      13
      10
       6
      12
      16
      13
      16
      14
      12
      16
       9
      10
       9
      16
      15
      17
      14
      11
      19
      12
      16
      17
      18
      11
      15
      21
      14
       9
       8
      12
      13
      10
      12
      15
       9
      13
       9
      12
      14
      13
       9
      16
      16
      11
       8
      14
       9
      15
      15
      14
      21
      19
       5
       7
      14
      15
       7
       8
      19
      12
      12
      10
      17
      12
      16
       9
      14
      13
       9
       9
       9
      18
      16
      23
      16
      14
      15
      14
       9
      13
      13
      11
       7
      11
       9
       7
      10
      17
      10
      11
       7
       8
      17
      13
      11
      10
      12
      13
      14
       7
      20
       7
      15
      13
      16
      12
      14
      13
      13
      13
       9
       8
      10
      16
       7
      13
      12
      14
      21
       8
      17
      16
      19
      11
       8
      11
      11
       9
      11
       4
       7
      13
      15
      17
      11
      11
      16
      13
      13
      16
      20
       9
      12
       6
      17
      18
      11
      16
      24
      19
      18
      22
      21
      14
      10
      11
      10
      15
      10
      11
      11
       9
      14
      10
      11
      13
      14
      13
      13
      19
      16
      13
      15
       9
      11
      14
       9
      19
      19
       6
       7
      16
      13
      16
      10
      10
      10
      10
      13
      12
      13
      10
      15
      15
      13
       9
      10
      13
       9
      13
      19
      11
      18
      12
      13
       4
      13
      16
       7
      19
      14
      15
      16
      14
      11
      14
      10
       9
      11
      13
      10
      19
      16
      14
       9
      15
      15
      12
       8
      12
       9
       9
      11
      13
      20
       7
      18
       9
      14
      12
       6
      11
      10
      13
      14
      15
      12
      11
       9
      19
      20
       9
       8
       8
      16
      11
      12
       7
       8
      16
       9
       9
      13
       8
       5
      11
       6
      12
      11
      12
      13
      12
      13
       1
      12
       9
      12
      15
       4
       5
      16
      10
      13
      10
      16
      11
      15
      11
      13
      16
      14
      14
      11
      18
      10
       7
      16
      10
      15
      10
      10
       8
      14
      10
      13
      10
      16
      11
      10
      12
      15
       9
      14
      14
       9
      10
      11
      12
      10
      11
      11
      16
      15
      13
      17
      11
      12
      13
      19
      20
      20
      27
      22
      16
      18
      14
       8
       5
       8
      13
      12
      23
      10
      14
      11
      13
      14
      11
       9
      15
       7
       8
       9
       8
       8
       9
      10
      13
      15
      16
      12
      10
       9
       9
      11
       7
       9
      15
      13
       6
      10
       6
      10
       7
      11
       8
      11
      12
      11
      14
      15
       9
       9
       7
      11
      10
      14
       9
      12
      14
       9
      13
      12
      10
      13
      17
       5
      14
      11
      13
       9
       8
      10
      15
      20
      11
       9
       9
      17
      13
      13
      14
       8
      12
      18
       9
      14
      11
       9
      11
       5
       4
      11
       6
       6
       8
      14
      10
      18
      10
      15
      11
       9
      14
      13
      14
      16
      16
      14
      11
      17
      20
      20
       9
      12
       5
      12
      10
       8
      11
      14
      14
      15
      13
      14
      12
      12
       9
       4
      16
      13
       8
       7
       9
      14
      13
       8
       9
       8
      11
      10
       7
       7
       7
      13
      15
       6
      10
      11
       7
      11
      13
      17
      10
      13
      13
       9
      17
      11
      15
      10
       8
      11
      11
      11
       3
      15
      13
      12
      14
      13
      15
      14
      11
      15
       6
      12
      11
      12
       5
       9
      10
      11
       5
       8
      14
      10
       8
      14
      15
      13
      11
       9
      16
      12
      13
       9
      12
       7
       7
       6
      11
      11
      17
      11
      16
      13
       9
      12
       7
      13
      13
      11
       9
       8
      13
      14
      16
       9
       8
      14
      12
      10
      11
       8
       8
       6
      13
      14
       9
       5
      12
      11
       9
      10
       7
       7
       7
      12
      11
      14
      11
      12
       8
      11
       5
      10
       7
      10
      17
      15
      14
       8
      14
      13
       6
       7
      11
       5
      12
       7
      11
      12
      16
      10
      11
       8
       6
       7
       8
      12
      12
      11
       9
       4
       9
      11
      11
       9
      13
      14
      12
      11
       9
      10
       8
      12
      18
      15
      21
      31
      42
      54
      41
      67
      70
      67
      65
      65
      69
      51
      35
      44
      25
      26
      15
      10
       8
      10
      18
      11
      12
      10
      14
      16
       5
      12
       9
      13
       9
      12
      11
      11
      13
       9
      11
      11
       5
       4
       6
      10
       9
       7
      13
      13
      12
      16
       8
       8
      11
      14
      10
       6
      12
       7
       8
       9
       9
      14
      10
      12
      16
      10
       9
       9
       7
       9
      13
       8
       7
       6
      12
       8
       7
       7
       8
       5
       4
       8
      18
      13
       8
       9
       8
      11
       5
      14
      10
       7
       7
       6
       6
       4
      11
       9
      14
       6
       6
      10
       9
       8
      14
       3
      15
      16
       9
      12
      12
      14
       7
      11
      13
       8
       8
       5
      12
       7
      11
       8
       7
       8
       8
      10
      13
      11
       4
       8
      11
       8
       7
      14
      15
       9
      12
      10
      10
       7
       7
      15
      14
      10
       8
      14
       5
       6
      14
      17
       6
       5
       5
      13
       5
       8
       9
       3
       4
      10
      13
       9
       8
       6
       7
      10
      18
       7
      11
       9
      11
       5
       9
       9
       9
      11
      10
      10
      10
      12
      16
      11
       7
      16
       5
      11
       7
      16
      11
       9
      11
       6
       8
      11
       6
       7
       8
       6
      11
      12
      10
      15
      13
       7
       6
      11
       9
       7
      14
       8
       3
       8
      14
       6
       5
      12
       7
       7
       5
      10
       5
       9
       6
       5
      10
      12
      12
      11
       5
       6
       8
       9
      11
       8
      13
      11
      10
       6
       6
       7
      16
       7
      14
      12
       8
      11
       9
      11
       7
       8
       6
       5
       9
       7
      11
      13
      10
       9
       7
       5
       8
       6
      11
       7
       9
       6
       4
      11
       5
       7
      10
      10
       6
       6
       9
       9
      12
       6
       8
      10
      14
      10
      10
      11
       9
      11
       4
      11
       7
      16
       7
       8
      14
       4
      12
       7
      10
       8
      12
      10
       5
       9
      11
      12
       7
       7
       9
      11
       9
      10
       7
      14
      11
      12
      12
       9
       6
      10
       8
      11
      15
       9
       7
       8
       4
      14
       5
       6
       9
       9
       7
      14
       7
      17
       8
      11
       7
       9
       5
       7
      13
      10
       8
       9
      12
       5
      11
       6
      12
      10
       8
       7
       9
       8
       5
      11
       9
       6
      11
       8
      10
      16
       8
       9
       6
      12
       6
      12
       6
       8
       6
      10
      13
       6
      11
      14
       7
       9
       6
       6
       7
       3
       9
       6
       7
       2
       9
      13
      13
       9
       8
       3
       7
       7
       7
      11
      10
       9
      10
       8
       3
       7
       9
      11
       7
      12
       8
       6
       7
      10
       6
       8
       3
       7
       3
      10
       5
       9
       6
      13
       7
       7
       7
       4
       5
       8
       8
       7
       9
       8
      10
       3
      12
      14
       6
       4
      10
       7
       1
       9
      12
       8
      11
       9
       8
       8
       6
       2
       8
      10
       6
       6
       7
       6
       7
       9
      13
       6
       8
      10
      11
      15
      10
      14
       6
       6
      16
       8
       9
      11
       7
       5
       8
      11
       9
      10
      14
       9
      11
      11
      11
       9
      11
       9
      16
      13
       8
      12
       7
       9
      11
      10
      12
       6
       4
       5
       2
       9
      10
      10
       8
       6
       6
       7
       4
       8
       9
      12
       6
      15
      11
      12
      11
       8
      11
       9
      11
       8
       6
       7
       3
       8
       5
      11
       9
       8
       5
       3
      13
       7
       6
       7
       7
       6
       8
      13
       8
      11
       6
       8
       6
       8
       6
       8
       8
       4
       7
      11
      11
       5
       7
       7
       6
       5
       3
       8
       6
       7
       9
       9
      10
      10
       6
       8
       4
       6
       6
      10
       5
       4
      14
      11
       9
       8
      12
      14
       9
       8
      12
       9
      11
       9
      10
      11
       4
      12
      12
      12
      13
      11
       9
       9
       6
       7
      10
       6
       7
       3
      10
      15
      14
       4
       7
       7
       9
       6
       9
      11
       3
      10
       4
       8
       8
      10
      17
      10
       7
      11
       3
       7
       6
       8
       3
       5
       9
       9
       9
       6
       3
      10
       7
       7
      10
       9
      11
       6
       4
       9
       3
       5
       7
       6
       2
       5
       8
       9
       4
       7
       7
       5
       9
       8
       7
       5
       6
      15
      11
       9
      10
       8
       8
       6
      10
      10
      10
       9
       5
       9
       7
       8
       5
       5
       6
       9
       6
       9
       6
       9
       6
       5
       5
       6
       7
       9
       3
      11
       5
      10
       8
       5
      10
       6
       5
      11
       5
      11
       7
       5
       5
       8
      11
       8
      10
       7
       8
      11
       1
       6
       6
       3
      11
       5
       5
       8
       6
       6
      12
       3
       6
       6
       6
       8
      11
       9
      12
       4
       4
       7
      11
       5
       6
       8
       6
       5
       8
       2
       7
       7
       5
       6
       6
       9
       5
      13
      12
       6
       6
       4
       5
      11
       2
       4
       6
       3
       9
       6
       4
       5
       6
       6
       5
       9
       4
       8
       7
       6
       4
       8
      12
       6
      10
       8
      10
       7
      10
       9
      10
       6
       9
       8
       6
       8
       9
       6
       9
       2
      12
       2
       9
       8
       6
       6
      12
       7
       8
       8
      10
      11
      10
       4
       6
       8
      13
       7
       8
       7
       8
       8
       8
       9
       6
       7
       4
      10
      11
       7
       4
       7
       5
       6
       2
       5
       6
       4
       5
       9
       6
       5
       8
       5
       9
       6
       7
       5
       6
       7
       4
       7
       9
       5
      11
       9
       8
      13
       6
       3
      10
       8
       7
       5
      10
       7
       8
      10
       9
      10
       7
       7
       5
       4
       5
       4
       5
       7
      11
       3
      10
       5
       6
       6
       6
       5
       8
       7
      11
       6
       6
       5
       6
       4
       8
       7
       8
       5
       8
       7
       2
       7
       7
       8
       7
       7
       9
       8
       7
       5
       4
      12
      11
       4
      12
       9
       6
       5
      10
       8
       7
       4
       8
      10
       5
       5
      10
       6
       7
       2
       8
       9
      12
       9
       6
       3
       9
       3
       5
       5
       9
       5
       8
       8
       5
      12
       8
       6
       6
       5
      10
      11
       4
       4
       8
       8
       8
       7
      10
       5
       6
       5
      10
       8
       8
       2
      10
      10
      13
       7
       4
       3
       3
       9
       5
       9
       6
       9
       8
      12
      11
      12
      14
       5
      12
      10
       6
       9
       6
       9
       6
       6
       3
      11
      10
       7
      10
       9
       5
       4
       7
       8
       4
       6
       6
       3
       5
       4
       6
       7
       3
       6
       6
       5
       9
       7
       8
       3
       8
       7
       7
      10
       7
       8
       9
       7
       7
       5
       3
       7
       3
       8
       4
       8
      12
       2
       7
       6
       6
       8
       2
       7
       4
       7
       3
       4
       6
       9
       4
       4
       9
       6
       4
       6
       3
       4
      10
       9
       7
       7
      11
       8
      10
       9
       6
       6
       6
       1
       1
       2
       5
       5
       4
       3
       8
       9
       7
       8
      11
       4
       7
       7
       7
       7
       6
       7
       4
       7
       6
       8
       6
       1
       6
       5
       4
       5
       9
       5
       7
      11
      10
       8
      11
      16
      14
      16
      27
      18
      22
      36
      24
      24
      22
      20
      20
      19
      12
      13
       6
      13
       9
       7
       8
       5
       4
       7
       7
      13
      12
      12
      10
       7
      13
       5
       6
       4
       6
      15
       6
       6
       3
       7
       4
       5
       6
       8
       4
       4
       5
       7
       5
       8
       7
       7
       6
       6
      10
       5
      12
       8
       7
      11
       4
       3
       9
      10
       7
       6
       3
       7
      13
       3
      13
       6
       9
       8
       9
       6
       9
       7
       3
       8
       2
       7
       8
       4
       2
       9
       3
       9
       6
       7
      12
       8
       3
       7
       3
       6
       7
       5
       6
       4
       6
       7
       9
       8
       8
       9
       4
       4
       5
       7
       6
       8
       5
       5
       3
       2
       8
       8
       6
       4
       7
       4
       4
       5
       5
      13
       6
       2
       7
       9
       8
       6
       2
       8
       8
       7
      10
       5
       4
      12
      13
       7
       8
      11
       5
       6
      10
       5
       9
       9
       7
       3
       3
       9
       6
       9
       4
       7
       4
       8
       9
       7
       7
       6
      10
       1
       9
       5
       3
       2
       6
       4
       5
       6
       4
       3
       2
       3
       2
       9
       6
       7
       5
       4
       4
       4
      12
      12
       5
       9
       7
       6
       6
       7
       6
      10
       3
       9
       5
       8
       6
       4
       6
       4
       4
       3
       3
       7
       6
       6
       5
       8
       3
       4
       7
       6
      12
       4
       8
       9
       3
       5
       9
       4
       6
      11
       2
       1
       6
      10
       9
       3
       9
       2
      10
       8
       7
       4
       3
       2
       8
       6
       6
       5
       4
       4
       6
       5
       5
       6
       6
       5
       4
      10
       4
       7
      13
       6
       5
       7
       5
       5
       2
       6
       5
      10
       8
       7
       8
       8
       8
       6
       7
      10
       8
       8
       6
       4
       7
       7
       6
      10
      10
       7
       8
       2
       3
       5
       5
       9
       7
       7
       6
       6
       9
       5
       9
       6
      12
       7
       6
       8
       9
       6
      12
       6
       9
       5
       9
      11
      11
       6
       7
       7
       5
       5
       6
      11
       3
       3
       3
       7
       9
       6
       6
       3
       7
       8
      11
       5
       7
       5
       4
      10
       8
       3
       3
       7
      12
       6
       6
       5
       7
       9
       6
       5
       5
       5
       5
       6
       6
       5
       6
       6
       7
       8
       8
       8
       4
       3
       7
       4
       6
       7
       1
       2
       4
       4
       4
       4
       2
       8
       6
       6
       8
       5
       1
       3
       5
       2
       2
       7
       4
       6
       3
      14
       6
       6
       6
       3
       9
      12
       1
       8
       8
       7
       5
       5
       4
       6
       5
       6
       9
       2
      11
       4
       4
      11
       9
       2
       2
       4
       8
       4
       8
       7
      11
       6
       7
       3
       4
       7
       8
       5
       7
       8
       5
       7
       5
       5
       4
       5
       6
       7
       3
       5
       4
       2
       3
       6
       6
       4
       5
       2
       7
       3
       3
       8
       3
       1
       5
       7
       5
       8
       4
       9
       1
       5
       5
       4
       7
       4
       4
       4
       5
       6
       5
       5
       4
       3
       5
       7
       8
       4
       7
       6
       8
       2
       1
      10
       3
       6
       8
       7
       6
       5
       7
       8
       7
       5
       6
       5
       4
       3
       4
       7
       8
       9
       8
       5
       4
       9
      11
       4
       4
       4
       3
       3
       7
       6
       3
       9
       9
       7
       4
       6
      14
       6
       4
       4
       7
       4
       4
       5
       5
       6
       4
       4
       6
       4
       5
       2
       8
       6
       7
       5
       7
       7
       6
       4
       3
      10
       5
       2
       5
       5
       8
       7
       4
       3
       5
       6
       7
       6
       7
       5
       7
       9
       6
       5
       9
      11
      11
       4
       6
       4
      10
       5
       8
       5
       3
       3
       5
       3
       6
       3
       5
       5
       3
       5
      11
       7
       8
      11
       5
       6
       5
       8
       5
       6
       3
       5
       5
       4
       6
       8
      10
       7
       3
       6
       5
       8
       3
       4
       3
       4
       9
       5
       7
       3
       6
       8
      10
       7
       5
       3
       5
       6
      11
       5
      12
       6
       6
       2
       3
       6
       7
       8
       4
       3
       6
       7
       7
      11
       5
       2
       6
       6
       5
       4
       7
       1
       5
       7
       8
       8
       5
       7
       5
       4
       8
       6
       5
       5
      11
       8
       6
       8
       8
       4
       5
       8
       8
       7
       7
       7
       6
       4
       6
      10
       3
       4
       6
       1
       8
       5
       1
       7
       5
       6
       3
       8
       4
       2
       1
       5
       5
       8
       4
       6
       8
       3
       6
       5
       4
       8
       7
      10
       7
       6
       7
       8
       7
       5
       5
       7
       5
      10
       7
       4
       2
       2
       6
       9
       4
       5
       6
       7
       6
       1
       6
       7
       1
       4
       3
       5
       9
       8
       8
       7
       8
       7
       5
       5
       6
       3
      10
       6
       3
       8
      10
       5
       4
       4
       3
       7
       6
       5
       5
       5
       5
       4
       4
       3
       6
       5
       9
       5
       4
       1
       4
       2
       7
       8
       1
       6
       5
       1
       4
       5
       7
       4
       5
       4
       0
       6
       4
       8
       5
       5
       4
       6
       4
       8
       7
       4
       1
       2
       5
       4
       6
       5
       2
       4
       4
       5
       7
       4
       5
       9
       6
       4
       4
       4
       7
       4
       8
       4
       6
       5
       7
       4
       3
       6
       2
       3
       5
       1
       9
       3
       6
       5
       4
       5
       3
       3
       3
       8
       8
       7
       3
      11
       8
       3
       5
       7
       8
       5
       3
       5
       6
       9
       8
       5
       8
       5
       5
       7
       5
       7
       4
       8
       3
       6
       5
       7
       3
       5
       6
       7
       6
       2
       5
       5
       7
       3
       6
       4
       6
       6
       7
       2
       7
       7
       3
       4
       4
       5
       4
       2
       9
       4
       8
       7
       2
       1
       7
       7
       6
       4
       3
       3
       7
       5
       3
       8
       5
       4
       5
       8
       7
       2
       4
       8
       2
       5
       8
       7
       8
       1
       7
       1
       6
       4
       5
       5
       6
       8
       8
       4
       5
       4
       5
       3
       6
       1
       5
       3
       8
       4
       5
      12
       0
       4
       2
       3
       2
       8
       6
       5
       3
       4
       3
       4
       7
       7
       4
       3
       6
       7
       5
       4
       8
       7
       7
       6
       7
       3
       3
       3
       3
       5
       5
       6
       2
       7
       8
       4
       6
       5
       7
       5
       4
       4
       8
       3
       7
       7
       5
       7
       8
       3
       8
       4
       5
       7
       4
       5
       6
       9
       4
       6
       4
       5
       5
       6
      11
       9
       6
       8
       3
       7
       3
       2
       4
       2
       1
       2
       6
       6
       2
       5
       6
       7
       4
       2
      10
       3
       3
       3
       2
       6
       3
       2
       3
       7
       2
       4
      10
       2
       5
       5
       3
       5
       4
       2
       1
       4
       5
       6
       0
       5
       6
       5
       5
       6
       3
       2
       2
       8
       5
       3
       2
       4
       6
       5
       1
       3
       2
       6
       2
       5
       6
       5
       2
       4
      13
       2
       5
       5
       8
       5
       4
       4
       4
       8
       5
       2
       8
       4
       9
       3
       8
       9
       7
       4
       3
       7
       2
       3
       6
       7
       7
       7
       3
       3
       8
       4
       1
       3
       2
       1
       4
       6
       6
       5
       7
       4
       5
       4
       7
       1
       6
       2
       3
       3
       5
       6
       4
       2
       5
       6
       7
       5
       6
       4
       8
       5
       4
       4
       5
       3
       5
       2
       5
       8
       7
       7
       5
       6
       7
       4
       6
       6
       5
       6
       3
       3
       5
       4
       4
       3
       3
       2
       1
       5
       6
       6
       4
       7
       8
       3
       5
       5
       5
       7
       3
       8
       4
       7
       6
       7
       6
       5
       2
       4
       4
       2
      10
       3
       5
       5
       9
       8
       7
       3
       7
       5
       4
       3
       1
       4
       3
       6
       4
       5
       8
       5
       2
      10
       4
       1
       9
       7
       5
       6
       3
       9
       7
       8
       7
       7
       9
       6
       7
      11
       6
      10
       3
       5
       7
       6
       5
      13
       8
      10
      11
       5
       5
       8
       3
       4
       4
       9
       6
      10
       2
       8
       1
       8
       6
       5
       4
       3
       1
       4
       5
       7
       4
       3
       4
       6
       5
       3
       6
       4
       5
       6
       7
       4
       6
       2
       3
       6
       7
       9
       9
       5
       4
       5
       7
      11
       8
       7
       5
       2
       7
       6
      10
       9
       3
       5
       1
       1
       7
       7
       7
       5
       7
       3
       4
       5
       7
       4
       2
       5
       4
       6
       5
       5
       2
       4
       4
       9
       1
       5
       3
       5
      10
       2
       3
       4
       8
       4
       4
       5
       2
       5
       4
       6
       5
       6
       4
       3
       8
       4
       4
       4
       4
       5
       7
       3
       3
       2
       6
       4
       2
       1
       8
       3
       4
       3
       3
       3
       4
       6
       3
       6
       4
       2
       6
       3
       0
       4
       3
       1
       4
       3
       7
       6
       3
       2
       3
       3
       5
       6
       5
       4
       2
      12
       4
       6
       3
       3
       3
       4
       3
       6
       7
       6
       3
       5
       4
       2
       8
       3
       4
       7
       5
       5
       4
       3
       8
       3
       2
       4
       5
       3
       1
       6
       5
       5
       4
       7
      10
       5
       3
       6
       7
       4
       3
       7
       3
       2
       2
       2
       7
       6
       6
       5
       4
       3
       6
       5
       6
       4
       6
      10
       5
       3
       1
       8
       5
       5
       6
       5
       3
       4
       4
       5
       5
       4
       8
       2
       5
       4
       9
       2
       3
       3
       3
       4
       2
       2
       3
       2
       1
       6
       4
      10
       8
       4
       2
       2
       5
       6
       2
       3
       6
       7
       3
       8
      10
       7
       4
       3
       7
       4
       2
       3
       5
       6
       4
       4
       4
       4
       3
       1
       5
       7
      10
       1
       2
       5
       4
       4
       5
       6
       1
       1
       7
       3
       8
       2
       3
       2
       8
       7
       2
       8
       6
       7
       6
       2
       3
       4
       5
       0
       8
       5
       4
       4
      10
       6
       4
       4
       6
       4
       2
       0
       3
       3
       8
       6
       3
       6
       2
       5
       5
       3
       0
       6
       7
       5
       4
       7
       8
       1
       9
       4
       3
       2
       6
       6
       5
       2
       5
       7
       4
       9
       2
       4
       3
      10
       5
       2
       5
       7
       6
       9
       6
       5
       8
       8
      13
       9
       9
       7
      10
      11
      12
      11
       8
       9
      11
       8
       6
       3
       6
       7
       7
       3
       5
       5
       4
       5
       8
       3
       6
       4
       2
       5
       2
       5
       4
       7
       2
       8
       4
       3
       5
       3
       9
       5
       4
       3
       3
       3
       2
       3
       5
       6
       2
       5
       3
       8
       6
       6
       7
       5
       1
       3
       7
       6
       4
       3
       5
       3
       2
       5
       8
       6
       9
       3
       6
       1
       4
       2
       1
       1
       3
       6
       3
       5
       3
       9
       4
       5
       1
       5
       7
       4
       7
       5
       1
       4
       6
       6
       4
       5
       7
       2
       7
       3
       4
       3
       6
       3
       1
       5
       1
       5
       5
       3
       6
       6
       4
       8
       5
       3
       1
       5
       2
       2
       8
       3
       4
       0
       4
       2
       6
       3
       5
       5
       4
       2
       7
       6
       6
       6
       4
       3
       1
       5
       5
       3
       2
       4
       1
       2
       3
       4
       5
       6
       1
       4
       2
       6
       4
       7
       3
       2
       4
       7
       5
       1
       9
       6
       5
       2
       3
       6
      10
       4
       4
       2
       9
       2
       3
       8
       2
       4
       4
       4
       2
       0
       0
       0
       0
       0
       0
       0
       0
       0
       0
       0
       0
       0
       0
       0
       0
       0
       0
       0
       0
       0
       0
       0
       0
       0
       0
       0
       0
       0
       0
       0
       0
       0
       0
       0
       0
       0
       0
       0
       0
       0
       0
       0
       0
       0
       0
       0
       0
       0
       0
       0
       0
       0
       0
       0
       0
       0
       0
       0
       0
       0
       0
       0
       0
       0
       0
       0
       0
       0
       0
       0
       0
       0
       0
       0
       0
       0
       0
       0
       0
       0
       0
       0
       0
       0
       0
       0
       0
       0
       0
       0
       0
       0
       0
       0
       0
       0
       0
       0
       0
       0
       0
       0
       0
       0
       0
       0
       0
       0
       0
       0
       0
       0
       0
       0
       0
       0
       0
       0
       0
       0
       0
       0
       0
       0
       0
       0
       0
$ROI:
0
$PRESETS:
None
0
0
$ENER_FIT:
-2.173939 0.279251
$MCA_CAL:
3
-2.173939E+000 2.792507E-001 0.000000E+000 keV
$SHAPE_CAL:
3
1.571259E+001 -1.155430E-003 0.000000E+000
