$SPEC_ID:
226Ra
$SPEC_REM:
DET# 1
DETDESC# MCB 132 Input 1
AP# Maestro Version 6.06
$DATE_MEA:
10/27/2021 11:39:12
$MEAS_TIM:
423865 423901
$DATA:
0 8191
       0
       0
       0
       0
       0
       0
       0
       0
       0
       0
       0
       0
       0
       0
       0
       0
       0
       0
       0
       0
       0
       0
       0
       0
       0
      15
    7162
   22762
    1679
    1011
     907
     947
    1018
    1012
    1054
    1032
    1024
    1001
     941
     954
    1037
    1118
    1197
    1045
     983
     816
     771
     754
     747
     735
     682
     792
     725
     731
     683
     627
     661
     557
     607
     641
     542
     586
     546
     559
     511
     550
     493
     526
     509
     531
     522
     503
     497
     446
     465
     421
     466
     453
     434
     462
     455
     395
     449
     376
     421
     413
     413
     428
     393
     405
     409
     379
     389
     364
     382
     382
     357
     402
     373
     323
     329
     363
     345
     356
     301
     312
     361
     319
     315
     341
     337
     317
     315
     331
     298
     315
     310
     320
     267
     297
     299
     297
     318
     272
     295
     299
     325
     302
     283
     319
     269
     300
     264
     277
     303
     274
     319
     283
     300
     280
     252
     265
     274
     271
     265
     261
     291
     274
     271
     263
     269
     299
     300
     296
     281
     262
     272
     265
     258
     283
     276
     286
     243
     279
     244
     277
     270
     249
     243
     289
     303
     377
     508
     587
     437
     331
     270
     274
     239
     247
     264
     225
     238
     259
     257
     270
     289
     250
     247
     247
     245
     261
     269
     265
     244
     259
     329
     341
     365
     328
     316
     283
     274
     273
     261
     248
     258
     279
     243
     276
     242
     291
     280
     272
     265
     249
     272
     258
     308
     381
     342
     299
     283
     270
     266
     268
     257
     273
     254
     269
     343
     465
     686
     817
     618
     427
     352
     294
     276
     282
     285
     264
     273
     286
     300
     299
     247
     300
     290
     301
     262
     277
     274
     277
     317
     311
     305
     320
     334
     286
     334
     310
     291
     306
     309
     321
     370
     336
     376
     365
     316
     313
     378
     439
     488
     529
     494
     398
     331
     309
     326
     381
     352
     384
     327
     328
     312
     279
     278
     293
     332
     293
     299
     314
     277
     330
     307
     325
     345
     277
     287
     288
     304
     305
     305
     368
     374
     427
     466
     491
     485
     446
     428
     336
     298
     297
     347
     365
     433
     380
     399
     354
     324
     313
     327
     331
     302
     363
     400
     404
     370
     324
     322
     327
     376
     609
     962
    1420
    1483
    1280
     954
     601
     417
     341
     332
     328
     353
     306
     292
     301
     316
     303
     285
     296
     291
     305
     312
     308
     406
     365
     374
     328
     284
     317
     314
     294
     276
     309
     275
     287
     298
     300
     292
     262
     281
     273
     289
     283
     279
     309
     276
     295
     308
     349
     333
     303
     295
     325
     330
     294
     310
     299
     315
     312
     306
     354
     279
     353
     338
     325
     316
     338
     297
     341
     322
     337
     340
     327
     331
     379
     421
     390
     339
     318
     314
     278
     310
     316
     294
     279
     334
     316
     343
     301
     290
     336
     311
     332
     321
     322
     332
     297
     311
     323
     305
     325
     300
     319
     340
     329
     360
     315
     331
     305
     345
     347
     301
     311
     354
     337
     332
     322
     330
     320
     315
     331
     316
     331
     303
     308
     350
     308
     309
     301
     292
     349
     324
     346
     313
     365
     331
     350
     311
     311
     323
     322
     319
     338
     334
     294
     342
     335
     352
     320
     311
     351
     336
     347
     370
     320
     331
     325
     329
     326
     361
     303
     276
     362
     322
     321
     321
     319
     321
     328
     333
     354
     340
     346
     328
     352
     303
     345
     362
     312
     361
     321
     317
     329
     336
     370
     442
     520
     488
     463
     381
     390
     298
     313
     316
     296
     337
     337
     310
     301
     293
     316
     297
     330
     313
     308
     285
     323
     310
     286
     305
     343
     331
     346
     282
     345
     276
     296
     328
     333
     340
     316
     349
     327
     323
     329
     313
     352
     331
     285
     300
     310
     301
     292
     332
     326
     302
     312
     319
     314
     327
     334
     297
     332
     348
     324
     333
     304
     311
     306
     294
     306
     314
     341
     304
     325
     353
     385
     381
     384
     320
     304
     292
     323
     301
     310
     321
     309
     304
     277
     307
     301
     283
     310
     300
     297
     323
     319
     316
     317
     332
     333
     285
     261
     277
     315
     286
     309
     310
     313
     282
     305
     312
     300
     296
     326
     322
     328
     304
     309
     329
     297
     291
     299
     308
     322
     275
     293
     308
     338
     320
     318
     315
     321
     318
     270
     309
     301
     302
     293
     292
     305
     276
     300
     288
     286
     316
     296
     295
     312
     310
     328
     294
     372
     371
     572
     825
    1155
    1224
    1033
     689
     423
     332
     288
     294
     278
     272
     272
     309
     337
     297
     298
     287
     281
     274
     272
     282
     303
     290
     272
     268
     311
     312
     302
     276
     261
     305
     321
     286
     283
     275
     289
     278
     275
     287
     264
     299
     299
     308
     275
     293
     309
     324
     290
     289
     290
     311
     302
     308
     277
     272
     257
     249
     295
     294
     279
     272
     278
     284
     292
     285
     290
     295
     291
     290
     292
     323
     337
     342
     333
     293
     296
     281
     287
     299
     295
     288
     264
     251
     268
     284
     298
     305
     307
     268
     290
     263
     269
     262
     256
     295
     264
     276
     287
     262
     283
     253
     283
     291
     260
     266
     245
     259
     244
     277
     237
     257
     256
     263
     253
     287
     258
     259
     247
     246
     231
     259
     282
     247
     254
     262
     277
     247
     247
     245
     275
     273
     268
     243
     288
     251
     238
     266
     255
     287
     257
     279
     260
     252
     254
     272
     260
     235
     290
     248
     248
     245
     214
     236
     248
     230
     258
     267
     244
     259
     246
     278
     233
     255
     246
     263
     273
     248
     211
     248
     234
     222
     212
     239
     239
     234
     217
     241
     232
     226
     248
     230
     260
     284
     224
     243
     240
     237
     274
     305
     385
     518
     627
     582
     505
     336
     300
     264
     240
     290
     270
     285
     310
     254
     251
     273
     259
     229
     224
     189
     237
     205
     218
     242
     213
     231
     228
     237
     257
     217
     243
     240
     237
     224
     214
     218
     219
     222
     231
     242
     228
     231
     214
     243
     257
     224
     234
     217
     203
     222
     244
     231
     236
     239
     241
     228
     215
     223
     232
     210
     239
     205
     215
     229
     223
     205
     219
     211
     202
     205
     229
     223
     278
     233
     233
     229
     222
     216
     213
     207
     217
     207
     205
     204
     201
     204
     221
     221
     245
     223
     196
     226
     226
     200
     225
     208
     223
     215
     205
     206
     188
     198
     184
     222
     221
     203
     218
     201
     207
     218
     238
     229
     230
     241
     184
     249
     235
     225
     207
     211
     228
     226
     202
     219
     186
     199
     206
     204
     217
     197
     220
     192
     200
     170
     204
     197
     200
     193
     210
     193
     214
     244
     205
     226
     207
     190
     233
     205
     183
     209
     188
     162
     196
     189
     199
     201
     176
     189
     186
     212
     198
     204
     187
     211
     216
     190
     192
     185
     179
     175
     187
     225
     213
     188
     194
     238
     165
     173
     183
     217
     220
     174
     213
     194
     187
     194
     156
     216
     202
     166
     171
     187
     200
     193
     187
     174
     195
     191
     186
     184
     175
     199
     220
     201
     236
     201
     249
     227
     174
     173
     167
     191
     187
     184
     210
     189
     193
     169
     159
     191
     176
     203
     173
     204
     198
     215
     204
     193
     164
     186
     177
     164
     154
     179
     195
     183
     180
     175
     189
     174
     161
     173
     203
     200
     165
     176
     180
     189
     180
     190
     177
     170
     192
     207
     168
     186
     166
     185
     170
     171
     200
     181
     174
     188
     183
     200
     183
     169
     189
     182
     167
     176
     194
     169
     164
     188
     158
     188
     169
     159
     184
     171
     178
     166
     181
     161
     188
     169
     170
     184
     198
     139
     172
     173
     172
     146
     170
     184
     166
     163
     163
     146
     177
     175
     133
     144
     175
     166
     173
     161
     148
     147
     185
     163
     175
     171
     199
     175
     164
     178
     199
     173
     174
     197
     179
     158
     166
     158
     172
     161
     174
     172
     166
     210
     165
     182
     190
     173
     168
     157
     189
     201
     161
     167
     182
     164
     153
     169
     167
     160
     130
     182
     158
     169
     170
     156
     172
     188
     202
     263
     201
     196
     212
     178
     173
     157
     162
     156
     161
     150
     163
     162
     157
     176
     153
     141
     178
     147
     153
     146
     167
     152
     131
     148
     136
     156
     142
     164
     161
     153
     158
     153
     142
     147
     184
     170
     157
     147
     151
     150
     146
     138
     137
     169
     180
     168
     191
     214
     199
     194
     187
     165
     126
     131
     155
     167
     144
     146
     145
     148
     159
     159
     125
     136
     148
     142
     151
     165
     134
     138
     182
     119
     142
     137
     135
     136
     145
     170
     149
     184
     139
     166
     149
     157
     140
     143
     129
     119
     130
     146
     136
     163
     154
     162
     137
     144
     147
     139
     116
     154
     170
     163
     141
     140
     137
     130
     130
     116
     151
     133
     142
     135
     166
     137
     154
     127
     131
     147
     126
     138
     143
     146
     133
     166
     137
     138
     147
     137
     120
     132
     119
     140
     135
     125
     133
     150
     156
     149
     153
     117
     150
     124
     132
     129
     135
     117
     116
     131
     134
     138
     153
     137
     136
     132
     123
     137
     157
     125
     149
     122
     115
     153
     129
     134
     148
     121
     133
     138
     133
     134
     131
     156
     149
     135
     128
     131
     155
     123
     120
     151
     143
     135
     123
     122
     126
     139
     126
     137
     144
     120
     114
     121
     133
     132
     133
     138
     139
     123
     149
     144
     124
     125
     141
     140
     134
     117
     128
     139
     134
     136
     118
     124
     128
     131
     136
     138
     127
     110
     126
     129
     115
     116
     122
     120
     137
     123
     138
     138
     129
     142
     120
     125
      98
     135
     142
     128
     145
     120
     148
     108
     122
     150
     132
     147
     131
     141
     126
     123
     144
     120
     118
     142
     132
     138
     141
     120
     141
     119
     143
     127
     124
     126
     117
     118
     146
     112
     101
     133
     147
     138
     132
     119
     122
     120
     142
     114
     136
     121
     125
     118
     140
      97
     139
     135
     131
     123
     132
     134
     134
     131
     127
     111
     131
     127
     138
     121
     123
     126
     122
     132
     123
     127
     112
     131
     116
     120
     115
     135
     140
      96
     125
     122
     122
     116
     125
     107
     119
     114
     128
     126
     113
     144
     152
     158
     126
     138
     140
     126
     135
     112
     131
     107
     127
     139
     130
     127
     134
     185
     246
     402
     643
     757
     814
     687
     515
     350
     212
     129
     116
     115
     123
     120
     131
     111
     111
     121
     118
     107
     113
     107
     122
     123
     148
     134
     102
     149
     128
     113
     110
     111
     121
     115
     121
      94
     109
     105
      94
     129
      93
     129
     108
     112
     136
     121
     116
     130
     110
      94
     114
     112
     120
     115
      97
     110
     109
     112
      98
     117
     120
     121
     122
     107
     121
     106
     117
     113
     121
     113
     115
     106
     103
     104
      99
      89
     111
     109
     106
     112
     117
     126
      98
     106
     112
     103
     108
     124
     110
     139
     119
     103
     119
     103
     119
     112
      96
     121
     117
     113
     113
     127
     116
     112
      91
     105
     117
     115
     131
     121
     130
     129
     105
     121
     119
     105
      91
     131
     101
     114
     105
      89
     118
     118
     109
     110
     112
     117
     114
      86
     112
     112
     102
     114
     100
     111
     128
      88
      95
     119
     116
     101
     124
     116
      91
     113
     109
     128
     104
     104
     124
     111
     124
      93
     118
     101
     105
     108
     116
     110
      77
     103
     103
      96
     120
     117
      85
     106
     102
     109
      97
     107
      92
     117
      95
     110
     102
     104
      82
      99
      93
     103
      99
      92
     111
     112
      98
      92
      92
      96
     124
     111
      97
     106
      99
      94
     119
     102
      77
     114
     102
      96
     115
     107
     119
     116
     105
     115
     116
      96
      96
      76
      97
     104
      83
      91
      82
     122
     103
      96
     100
      95
      99
     106
      87
      84
      97
     101
      96
      89
      94
     111
      90
      82
      92
     103
      95
      85
      95
     121
     111
     115
      99
      88
      98
     103
      85
      95
     101
      97
      99
     103
      89
      89
      84
     107
      95
      93
     104
      71
      94
      96
     104
     104
      92
     110
     124
     134
     125
     172
     173
     193
     226
     294
     342
     419
     511
     596
     697
     720
     711
     647
     636
     600
     475
     330
     279
     244
     188
     177
     151
     124
     122
      96
     118
     105
      79
      88
      91
      86
      73
      90
      88
      83
      75
      83
      85
      90
      84
      93
      85
      85
      93
      85
      94
      82
      88
      94
      83
      82
      90
      73
      93
      81
      66
      91
      77
      99
      95
      72
      71
      79
      85
      83
      88
      98
      91
      93
     106
      75
      93
     110
      92
      96
      80
      88
      72
      83
      66
      76
     103
      71
      83
      75
      80
      83
      87
      70
      79
      74
      79
      87
      88
      82
      85
      85
      74
      80
      94
      74
      63
      99
      91
      83
      72
      96
      69
      76
      94
      74
      82
      88
      90
      90
      90
      87
      66
      81
      87
      55
      91
      88
      78
      88
      76
      90
      91
      88
      82
      73
      81
      78
      75
      85
      89
      91
      81
      81
      77
      72
     104
      63
      76
      65
      76
      75
      85
      89
      80
      72
      75
      73
      80
      69
      80
      83
      79
      82
      73
      86
      79
      59
      70
      88
      71
      84
      78
      90
      67
      98
      68
      78
      87
      84
      87
      75
      89
      50
      62
      82
      76
      84
      79
      80
      85
      67
      64
      78
      77
      59
      86
      70
      78
      78
      74
      78
      77
      86
      70
      72
      69
      84
      73
      77
      79
      87
      66
      79
      71
      69
      70
      89
      85
      86
      76
      86
      91
     139
     115
     135
     154
     134
     138
     108
      75
      88
      82
      69
     100
      71
      77
      64
      81
      87
      78
      83
      98
      74
      69
      66
      83
      69
      76
      79
      72
      80
      73
      74
      66
      62
      77
      83
      64
      82
      69
      66
      63
      73
      70
      81
      82
      76
      71
      71
      93
     101
     140
     158
     158
     173
     143
     128
     101
      89
      81
      86
      68
      75
      70
      66
      63
      61
      66
      82
      81
      65
      72
      83
      62
      76
      76
      73
      63
      74
      64
      74
      82
      68
      63
      57
      71
      84
      69
      68
      52
      51
      52
      71
      74
      79
      75
      87
      92
      80
      66
      79
      94
      91
      86
      78
      81
      85
      76
      69
      79
     101
     100
      76
      73
      72
      77
      84
      78
      82
      82
      99
      79
      90
      92
      73
      88
      80
      88
      78
      76
      83
      71
      74
      78
      73
      83
      79
      83
      81
      77
      87
      77
      77
      76
      87
     107
     115
      99
      96
      95
     104
      68
      78
      79
      79
      90
      72
      79
      80
     134
     187
     238
     367
     473
     522
     523
     455
     351
     257
     177
     130
      76
      72
      81
      59
      71
      68
      77
      67
      64
      65
      62
      56
      55
      85
      63
      57
      68
      66
      68
      83
      61
      53
      83
      63
      67
      72
      70
      65
      61
      62
      62
      71
      70
      59
      56
      50
      69
      54
      69
      57
      49
      71
      68
      59
      62
      78
      59
      54
      58
      65
      66
      57
      86
      61
      59
      78
      62
      74
      73
      78
      74
      57
      69
      73
      71
      76
      59
      61
      68
      64
      60
      52
      55
      76
      62
      61
      59
      61
      77
      58
      79
      61
      59
      56
      66
      56
      72
      77
      49
      61
      50
      55
      70
      63
      65
      63
      59
      75
      66
      64
      64
      58
      53
      65
      58
      60
      45
      54
      56
      60
      57
      53
      67
      68
      64
      66
      71
      58
      71
      56
      57
      54
      57
      69
      57
      60
      73
      58
      58
      60
      69
      71
      56
      73
      66
      59
      64
      58
      60
      56
      66
      69
      70
      49
      52
      52
      64
      61
      56
      68
      52
      59
      80
      61
      60
      72
      80
     122
     187
     268
     417
     532
     665
     711
     679
     561
     415
     333
     189
     114
      95
      83
      59
      67
      59
      60
      57
      70
      50
      69
      60
      54
      58
      68
      60
      56
      49
      78
      60
      47
      58
      61
      66
      75
      60
      63
      68
      56
      52
      70
      55
      59
      44
      66
      76
      55
      47
      53
      53
      60
      54
      64
      55
      54
      56
      62
      56
      62
      67
      64
      58
      53
      56
      48
      62
      56
      56
      66
      57
      48
      58
      66
      68
      57
      48
      66
      58
      57
      46
      55
      60
      63
      58
      56
      69
      51
      58
      63
      62
      59
      57
      58
      55
      41
      48
      48
      50
      68
      53
      55
      52
      43
      53
      72
      61
      56
      55
      54
      56
      56
      51
      70
      68
      71
      66
      54
      63
      63
      76
      73
      72
      73
      58
      68
      60
      59
      76
      75
      75
      51
      76
      70
      65
      61
      61
      65
      41
      49
      59
      60
      60
      70
      68
      66
      70
      75
      55
      68
      64
      65
      52
      53
      60
      65
      60
      79
      56
      53
      60
      52
      67
      73
      71
      58
      61
      59
      53
      48
      54
      63
      69
      54
      44
      62
      52
      66
      54
      39
      62
      78
      52
      54
      39
      56
      62
      48
      62
      64
      49
      60
      49
      62
      61
      50
      54
      52
      51
      57
      64
      55
      59
      54
      57
      65
      50
      52
      54
      45
      60
      58
      59
      57
      53
      45
      78
      57
      86
     111
     182
     223
     313
     378
     430
     416
     355
     318
     215
     160
      98
      88
      88
      41
      52
      60
      53
      61
      64
      62
      62
      55
      74
      64
      68
      54
      51
      59
      60
      52
      51
      52
      61
      49
      48
      51
      60
      46
      51
      56
      49
      51
      59
      56
      54
      47
      41
      43
      36
      48
      50
      49
      56
      54
      46
      47
      50
      38
      46
      54
      42
      46
      63
      44
      54
      44
      42
      50
      43
      42
      58
      52
      53
      58
      49
      59
      72
      66
      57
      62
      53
      56
      47
      63
      49
      62
      53
      58
      56
      59
      52
      46
      62
      53
      54
      48
      50
      53
      60
      57
      57
      48
      57
      43
      49
      56
      60
      43
      44
      47
      68
      61
      47
      50
      53
      49
      58
      55
      52
      70
      41
      39
      32
      48
      66
      56
      51
      39
      47
      62
      36
      50
      50
      45
      45
      55
      50
      63
      50
      54
      52
      47
      51
      48
      58
      64
      49
      49
      43
      47
      60
      43
      54
      57
      45
      49
      55
      78
      54
      74
     101
      80
      58
      57
      63
      57
      47
      43
      46
      57
      46
      44
      38
      59
      45
      62
      58
      46
      49
      57
      55
      69
      48
      39
      43
      39
      53
      45
      38
      55
      51
      57
      52
      43
      57
      33
      52
      47
      46
      51
      46
      45
      58
      44
      37
      42
      39
      43
      43
      45
      53
      47
      52
      43
      48
      52
      58
      58
      50
      59
      53
      51
      44
      54
      53
      50
      63
      51
      45
      35
      49
      59
      52
      61
      53
      57
      51
      43
      36
      50
      58
      41
      45
      53
      50
      44
      44
      45
      39
      37
      42
      45
      47
      48
      46
      41
      39
      34
      49
      47
      60
      55
      59
      63
      65
      40
      71
      51
      52
      49
      40
      41
      42
      43
      48
      49
      44
      61
      43
      40
      36
      43
      43
      45
      62
      51
      45
      41
      55
      70
      47
      55
      44
      58
      58
      51
      44
      54
      51
      56
      49
      39
      48
      56
      42
      40
      36
      41
      54
      52
      40
      51
      46
      41
      41
      33
      51
      51
      40
      41
      56
      59
      65
      50
      55
      42
      42
      51
      54
      50
      61
      57
      37
      51
      43
      51
      42
      44
      35
      35
      58
      56
      42
      46
      48
      44
      33
      51
      36
      43
      43
      46
      47
      41
      44
      48
      50
      40
      40
      46
      41
      42
      37
      37
      39
      39
      37
      32
      44
      39
      49
      45
      46
      46
      47
      50
      41
      38
      39
      44
      41
      50
      45
      40
      41
      44
      50
      54
      39
      51
      43
      47
      40
      46
      46
      29
      49
      49
      47
      40
      49
      35
      40
      42
      50
      42
      50
      49
      44
      48
      52
      51
      39
      54
      49
      36
      58
      43
      47
      55
      50
      55
      51
      50
      57
      50
      41
      46
      49
      37
      58
      52
      48
      44
      49
      46
      63
      59
      38
      45
      48
      36
      45
      58
      48
      54
      54
      47
      52
      46
      49
      31
      47
      56
      35
      39
      46
      46
      36
      42
      45
      44
      44
      54
      40
      36
      56
      46
      43
      43
      56
      40
      53
      37
      36
      38
      49
      41
      46
      36
      39
      40
      40
      46
      54
      39
      53
      40
      39
      44
      36
      42
      38
      45
      48
      46
      55
      39
      45
      54
      52
      47
      31
      40
      54
      52
      34
      34
      39
      42
      42
      35
      24
      46
      48
      37
      30
      37
      43
      46
      54
      46
      34
      33
      37
      43
      55
      45
      30
      40
      40
      42
      37
      40
      37
      40
      36
      44
      48
      50
      48
      51
      41
      39
      36
      31
      48
      42
      44
      36
      36
      43
      39
      41
      40
      39
      49
      36
      45
      41
      31
      47
      48
      39
      39
      38
      48
      53
      28
      34
      45
      45
      40
      51
      34
      53
      61
      39
      35
      39
      42
      46
      32
      44
      31
      38
      45
      33
      40
      35
      37
      41
      35
      38
      47
      35
      47
      31
      49
      51
      37
      43
      39
      42
      35
      41
      29
      40
      37
      41
      28
      53
      29
      37
      34
      34
      33
      43
      54
      42
      40
      34
      26
      42
      30
      30
      31
      38
      43
      37
      41
      47
      44
      36
      44
      50
      40
      34
      50
      24
      41
      36
      29
      34
      34
      42
      46
      34
      40
      27
      44
      30
      30
      44
      45
      38
      31
      44
      48
      41
      43
      42
      34
      31
      34
      30
      30
      46
      37
      44
      40
      47
      41
      45
      70
      79
      62
      78
      66
      81
      78
      69
      70
      67
      51
      47
      40
      41
      44
      30
      52
      36
      25
      21
      40
      36
      29
      38
      45
      33
      48
      37
      36
      42
      43
      34
      50
      31
      37
      38
      38
      36
      44
      31
      47
      26
      33
      27
      36
      30
      42
      39
      36
      28
      42
      45
      27
      26
      44
      31
      45
      39
      30
      41
      35
      37
      38
      34
      42
      28
      40
      51
      30
      37
      32
      34
      38
      41
      38
      30
      37
      36
      39
      46
      26
      34
      42
      44
      39
      49
      34
      36
      41
      45
      45
      39
      38
      38
      49
      44
      42
      53
      35
      39
      38
      36
      42
      37
      46
      33
      34
      46
      23
      36
      36
      33
      43
      33
      34
      32
      43
      34
      31
      35
      39
      36
      35
      40
      29
      44
      40
      33
      43
      33
      38
      32
      28
      53
      32
      29
      29
      41
      24
      47
      28
      33
      42
      33
      43
      44
      32
      27
      33
      45
      34
      36
      37
      38
      29
      44
      29
      38
      47
      39
      38
      27
      46
      33
      36
      24
      30
      31
      37
      36
      39
      43
      31
      48
      31
      37
      33
      25
      33
      36
      37
      40
      29
      45
      44
      34
      41
      44
      36
      40
      59
      44
      48
      49
      42
      58
      49
      41
      39
      40
      36
      36
      42
      36
      36
      35
      38
      51
      56
      56
      70
      57
      55
      57
      54
      41
      49
      43
      41
      36
      43
      28
      31
      37
      44
      33
      38
      33
      39
      35
      29
      38
      31
      35
      43
      33
      34
      24
      37
      43
      28
      39
      33
      33
      45
      29
      33
      41
      38
      38
      41
      40
      43
      29
      40
      35
      30
      35
      38
      26
      23
      32
      31
      31
      42
      36
      41
      39
      40
      29
      32
      42
      31
      30
      28
      42
      25
      29
      23
      41
      40
      38
      28
      28
      36
      42
      31
      34
      36
      35
      32
      32
      26
      37
      35
      28
      33
      30
      25
      31
      46
      26
      35
      32
      34
      21
      37
      32
      23
      34
      32
      29
      36
      35
      25
      39
      38
      36
      39
      39
      54
      44
      64
      66
      72
      63
      97
      75
      70
      62
      64
      43
      38
      42
      43
      30
      31
      36
      21
      35
      28
      22
      34
      42
      27
      35
      30
      26
      32
      26
      29
      44
      35
      40
      31
      37
      38
      32
      30
      30
      30
      34
      40
      30
      32
      25
      29
      28
      23
      28
      36
      29
      37
      41
      35
      33
      38
      45
      40
      30
      29
      45
      29
      20
      41
      22
      25
      38
      37
      28
      33
      42
      39
      33
      39
      30
      38
      20
      33
      32
      35
      30
      31
      37
      39
      36
      38
      43
      28
      37
      34
      32
      33
      23
      32
      32
      31
      18
      30
      38
      38
      32
      27
      30
      29
      27
      33
      35
      32
      36
      24
      39
      24
      37
      33
      47
      27
      33
      35
      40
      22
      32
      36
      33
      28
      38
      30
      27
      37
      26
      30
      27
      34
      29
      29
      38
      22
      27
      35
      29
      38
      39
      25
      36
      37
      32
      41
      29
      35
      31
      30
      34
      30
      32
      30
      31
      26
      33
      33
      28
      29
      23
      33
      38
      37
      40
      31
      27
      39
      35
      26
      30
      36
      32
      31
      37
      34
      38
      35
      18
      19
      30
      23
      35
      37
      39
      35
      32
      26
      41
      36
      33
      37
      31
      26
      33
      32
      32
      31
      42
      40
      26
      32
      33
      36
      30
      34
      32
      41
      37
      26
      34
      25
      31
      32
      33
      27
      28
      28
      34
      33
      36
      30
      30
      35
      34
      35
      33
      59
      55
      53
      49
      54
      49
      54
      33
      42
      45
      39
      33
      21
      31
      27
      37
      28
      32
      34
      28
      36
      29
      35
      27
      32
      27
      23
      35
      29
      31
      27
      35
      25
      33
      29
      36
      27
      26
      20
      22
      28
      24
      25
      30
      26
      27
      29
      25
      27
      28
      33
      35
      31
      40
      28
      30
      19
      35
      40
      34
      34
      22
      34
      24
      29
      42
      29
      28
      31
      36
      39
      29
      33
      29
      23
      22
      37
      32
      26
      31
      33
      32
      26
      30
      26
      34
      39
      37
      26
      36
      38
      36
      28
      25
      41
      27
      29
      24
      34
      21
      26
      28
      35
      30
      24
      33
      25
      22
      31
      26
      25
      27
      22
      33
      27
      26
      31
      22
      26
      32
      27
      33
      29
      27
      29
      27
      30
      32
      25
      34
      32
      31
      36
      25
      27
      27
      26
      34
      27
      28
      31
      25
      25
      29
      26
      32
      19
      17
      33
      28
      25
      32
      37
      29
      30
      28
      26
      29
      18
      31
      34
      33
      27
      27
      32
      24
      35
      31
      21
      33
      37
      31
      34
      35
      31
      31
      32
      31
      30
      38
      21
      24
      34
      30
      37
      28
      33
      36
      26
      32
      32
      31
      35
      33
      32
      22
      19
      28
      25
      35
      33
      35
      38
      35
      53
      42
      55
      46
      27
      39
      35
      31
      45
      25
      25
      25
      24
      31
      39
      21
      23
      18
      26
      28
      25
      36
      27
      31
      20
      27
      28
      31
      30
      33
      26
      26
      20
      31
      21
      28
      31
      26
      28
      25
      27
      41
      22
      28
      26
      22
      26
      28
      27
      31
      35
      27
      30
      26
      22
      32
      34
      27
      24
      37
      25
      26
      26
      23
      27
      32
      29
      25
      33
      23
      39
      21
      26
      29
      27
      21
      25
      24
      22
      29
      26
      36
      32
      28
      25
      30
      20
      33
      22
      21
      31
      30
      29
      25
      23
      33
      28
      29
      22
      26
      31
      21
      28
      24
      24
      32
      32
      31
      32
      31
      27
      34
      23
      29
      30
      27
      18
      29
      22
      19
      32
      27
      38
      19
      20
      37
      24
      33
      27
      28
      31
      26
      30
      24
      40
      23
      24
      35
      29
      29
      18
      29
      21
      19
      27
      30
      26
      28
      26
      25
      30
      25
      18
      20
      21
      26
      29
      19
      23
      36
      21
      22
      27
      28
      26
      25
      39
      25
      25
      29
      21
      25
      30
      29
      26
      33
      30
      22
      19
      23
      23
      20
      18
      35
      23
      26
      24
      24
      38
      28
      39
      29
      34
      27
      24
      24
      38
      29
      26
      29
      27
      29
      33
      34
      31
      13
      23
      28
      27
      21
      29
      32
      23
      29
      30
      32
      30
      22
      34
      24
      20
      27
      34
      33
      23
      27
      24
      37
      22
      30
      21
      24
      34
      41
      23
      39
      35
      36
      27
      22
      14
      25
      26
      20
      28
      36
      32
      18
      29
      26
      32
      26
      27
      19
      28
      24
      28
      26
      36
      24
      25
      28
      28
      25
      28
      20
      21
      22
      23
      21
      30
      24
      18
      17
      24
      41
      32
      25
      28
      28
      28
      27
      30
      24
      28
      30
      25
      30
      30
      30
      16
      31
      24
      25
      16
      25
      21
      18
      22
      31
      21
      25
      27
      19
      26
      27
      25
      20
      28
      18
      33
      29
      37
      23
      30
      30
      22
      30
      25
      28
      28
      28
      25
      19
      22
      16
      29
      27
      24
      25
      16
      22
      26
      26
      16
      33
      25
      30
      31
      25
      28
      29
      30
      26
      22
      25
      30
      29
      37
      23
      32
      28
      21
      36
      20
      23
      33
      23
      23
      21
      27
      40
      24
      32
      19
      27
      28
      23
      34
      23
      19
      23
      27
      22
      21
      22
      24
      23
      26
      37
      31
      24
      29
      26
      24
      16
      25
      25
      22
      27
      28
      21
      28
      20
      28
      29
      32
      27
      25
      24
      17
      28
      29
      27
      31
      21
      32
      34
      27
      24
      26
      24
      27
      29
      27
      30
      23
      25
      23
      17
      34
      39
      25
      23
      29
      31
      25
      25
      23
      20
      29
      27
      23
      16
      26
      24
      22
      28
      25
      25
      16
      20
      26
      18
      23
      31
      29
      23
      26
      24
      18
      17
      31
      37
      16
      25
      23
      21
      15
      24
      36
      27
      27
      26
      27
      22
      23
      19
      21
      23
      26
      22
      19
      13
      25
      22
      25
      23
      34
      19
      19
      17
      19
      22
      13
      27
      26
      26
      21
      21
      23
      28
      22
      31
      19
      36
      24
      24
      14
      18
      19
      22
      28
      25
      22
      21
      21
      25
      23
      18
      27
      13
      23
      19
      22
      26
      20
      21
      25
      23
      26
      21
      27
      18
      20
      17
      25
      25
      28
      19
      22
      18
      17
      18
      26
      16
      17
      18
      27
      24
      17
      22
      27
      27
      23
      19
      27
      21
      18
      33
      23
      23
      26
      27
      23
      27
      19
      31
      23
      25
      26
      18
      25
      17
      16
      21
      27
      22
      23
      22
      13
      18
      28
      21
      13
      37
      17
      27
      29
      30
      24
      17
      19
      19
      23
      24
      20
      25
      22
      25
      26
      18
      17
      15
      18
      20
      26
      23
      18
      25
      25
      16
      21
      23
      23
      23
      20
      17
      21
      19
      16
      19
      25
      21
      29
      25
      22
      15
      27
      25
      24
      26
      27
      25
      17
      21
      16
      30
      18
      22
      22
      27
      17
      24
      30
      28
      24
      18
      23
      28
      15
      24
      22
      24
      16
      22
      26
      13
      32
      11
      25
      23
      20
      17
      19
      34
      25
      25
      19
      30
      26
      23
      20
      19
      19
      14
      26
      22
      22
      17
      15
      18
      21
      22
      18
      18
      25
      20
      22
      22
      23
      19
      23
      21
      21
      32
      15
      23
      26
      15
      20
      21
      25
      13
      21
      22
      20
      31
      25
      22
      24
      18
      21
      11
      27
      19
      23
      26
      23
      19
      26
      18
      18
      10
      19
      16
      24
      19
      20
      23
      18
      14
      16
      26
      25
      22
      14
      22
      25
      21
      22
      26
      16
      15
      11
      23
      32
      20
      16
      15
      25
      24
      20
      23
      19
      20
      20
      17
      18
      14
      20
      17
      22
      21
      14
      18
      20
      21
      18
      20
      24
      26
      17
      25
      25
      13
      27
      23
      16
      19
      20
      17
      20
      18
      23
      17
      22
      22
      20
      22
      21
      19
      27
      24
      15
      20
      18
      13
      22
      18
      33
      21
      17
      15
      18
      16
      29
      21
      24
      21
      22
      23
      24
      13
      22
      21
      27
      10
      27
      18
      20
      19
      22
      26
      17
      11
      16
      15
      33
      19
      22
      21
      12
      17
      19
      19
      34
      20
      12
      18
      20
      25
      25
      29
      11
      21
      21
      20
      28
      25
      20
      24
      18
      21
      24
      16
      22
      23
      13
      16
      32
      28
      12
      19
      24
      18
      17
      15
      16
      20
      25
      15
      19
      16
      25
      20
      19
      18
      14
      21
      14
      17
      19
      25
      25
      26
      17
      21
      16
      29
      15
      20
      18
      20
      20
      23
      21
      19
      20
      25
      17
      19
      15
      23
      25
      15
      17
      22
      17
      19
      21
      21
      12
      20
      14
      12
      21
      23
      21
      23
      15
      20
      31
      27
      24
      15
      21
      29
      24
      24
      21
      29
      23
      14
      28
      27
      26
      15
      22
      18
      19
      19
      21
      18
      19
      19
      20
      20
      24
      16
      14
      26
      19
      22
      17
      25
      21
      32
      16
      22
      28
      20
      22
      15
      15
      18
      16
      19
      19
      20
      14
      23
      19
      25
      21
      29
      23
      15
      23
      29
      17
      19
      17
      22
      20
      22
      20
      22
      18
      18
      19
      13
      16
      15
      25
      20
      12
      22
      10
      23
      20
      24
      23
      20
      19
      21
      19
      21
      16
      12
      30
      21
      22
      24
      21
      27
      15
      13
      15
      21
      21
      21
      22
      20
      16
      21
      18
      15
      25
      25
      24
      18
      19
      21
      20
      17
      14
      19
      18
      21
      20
      20
      23
      23
      31
      27
      23
      17
      21
      22
      12
      14
      21
      17
      22
      21
      23
      21
      18
      19
      20
      18
      16
      21
      18
      22
      21
      19
      17
      23
      26
      13
      20
      18
      27
      14
      21
      19
      17
      26
      21
      18
      11
      22
      19
      25
      16
      13
      22
      13
      19
       8
      20
      13
      13
      17
      12
      20
      21
      15
      19
      14
      22
      17
      18
      19
      16
      12
      23
      16
      19
      14
      15
      22
      20
      13
      15
      19
      17
      24
      14
      26
      23
      24
      21
      14
      20
      19
      19
      26
      17
      14
      20
      18
      20
      14
      26
      22
      15
      19
       9
      16
      17
      14
      20
      16
      28
      15
      15
      12
      15
      24
      27
      22
      14
      18
       8
      16
      18
      20
      20
      25
      10
      18
      12
      12
      19
      25
      24
      19
      15
      14
      14
      25
      14
      21
      17
      13
      21
      21
      17
      20
      14
      14
      12
       7
      14
      19
      21
      17
      17
      10
      20
       6
      17
      27
      15
      16
      13
       7
      19
       6
      20
      19
      16
      19
      22
      18
      14
      27
      15
      23
      18
      15
      18
      18
      23
      24
      21
      20
      26
      35
      27
      48
      53
      45
      80
      94
      92
      96
     110
     108
      97
      82
      78
      64
      79
      54
      45
      35
      22
      30
      25
      29
      18
      19
      14
      14
      17
      14
      19
      15
      18
      16
       9
      14
      16
      21
      17
      18
      16
      16
      11
      13
      13
      12
      12
      24
      18
      15
      12
      15
      16
      17
      12
      18
      19
      17
      21
      16
      15
      16
      12
      17
       7
      24
      17
      22
      14
      16
      15
      25
      14
      18
      18
      13
      12
      13
      14
      14
      14
      19
      12
      10
      17
      15
       9
      16
       9
      20
      15
      16
      19
       9
      13
      17
      12
      13
      14
      27
      18
       9
      18
      20
       6
      12
      18
      13
      10
      16
      20
      20
      15
      17
      17
      12
      20
       3
      13
      16
      16
      14
      18
      17
      12
      12
      13
      18
      17
      15
      19
      22
      17
      12
      16
      15
      16
      14
      20
      19
      22
      16
      17
      14
      21
      12
      14
      16
      10
      19
      20
      19
      15
      15
      11
      16
      19
      15
      16
      19
      16
      13
      12
      17
      12
      15
       9
      14
      16
      21
      20
      16
      15
      24
      13
      15
      14
      12
      14
      17
      20
      21
      26
      27
      21
      17
      22
      25
      13
      24
      18
      13
      20
      10
      14
      15
      13
      21
      20
      12
      15
      13
      15
      10
      21
      16
      19
      15
      10
      11
       9
      19
      14
      13
      17
      13
      11
      10
      18
      21
      16
       8
       9
      15
       9
      16
      17
      13
      17
      17
      14
      16
      10
      15
      20
      11
      14
      13
      15
      15
      18
      11
      14
      10
      14
      15
      23
      13
      20
      18
      15
      19
      17
      15
      14
      14
      19
      22
      10
      20
      13
      15
      14
      17
      11
      16
      14
      20
      20
      18
      13
      19
      15
      16
      12
      10
      14
      13
      15
      20
      12
      20
      21
      16
      12
      19
      17
      19
      12
      14
      12
      13
      12
      17
      15
      13
      19
      25
      16
      17
      18
      17
      17
      17
      13
       8
      18
      17
      12
      15
      17
      16
      13
       6
      18
      19
      16
      13
      10
      11
      13
      19
      16
      11
      17
      10
      20
      14
      20
      17
      11
      10
      22
      16
      15
      10
      11
      14
      20
      17
      16
      11
      13
      13
      17
      14
      19
      20
      16
      13
      16
      13
      15
      19
      18
       8
      19
      18
      10
      16
      13
       8
      11
      18
      13
      21
      17
      16
      20
      15
      14
      25
       6
      13
      20
      18
      21
      22
      12
      17
      13
      16
      11
      20
      13
      14
      14
      15
      20
      14
      13
      11
      18
      17
      16
      19
      19
      20
      13
      13
       9
      11
       9
      14
      15
       8
      19
      19
      15
      13
      14
      12
      13
      18
      10
      16
       9
      14
      16
       9
      12
      12
      16
       8
      17
      14
       9
      16
      13
      11
      13
      15
      10
      16
      16
      15
      11
      15
      10
      15
      11
      14
      14
       9
       8
      16
      15
       8
      12
       7
       8
      19
      13
      14
      10
      18
      14
      13
       8
       9
      12
      13
      13
      18
      21
      23
      13
      19
      22
      17
      22
      15
      18
      18
      18
      18
      20
      20
      20
      16
      16
      15
      17
      26
      14
      25
      17
      18
      16
      10
      12
      15
      21
      14
      14
      20
      18
      12
       6
      14
       8
       9
      21
      16
      12
      11
      19
      13
      12
      14
      15
      12
      12
       8
      17
      18
      14
      14
      14
      16
       6
      16
      18
      11
      12
      13
       8
      17
      16
      11
      16
      14
       8
      13
      13
       9
       9
      13
      21
       7
      15
      19
       7
      13
       9
      15
      17
      16
      10
      11
      16
      15
      13
      13
      15
      11
      15
      12
      14
      17
      17
       9
      15
      14
      13
      10
       8
      16
      10
       7
      16
      18
       8
      14
      10
       8
       7
      13
      18
      16
      21
      13
       7
      12
      15
      22
      14
      17
       9
      16
      13
      13
      11
      15
       8
      14
      12
      11
      14
      13
      15
      13
      19
      14
      13
      12
      14
      15
      19
       9
      10
      14
      19
      23
      15
      17
      16
      18
      19
      18
      18
      18
      12
      21
      20
      12
      13
      14
      11
      12
      12
      12
       8
      14
       6
      14
      12
      14
      11
      18
      13
       8
      14
       9
      16
      10
      11
      10
      11
       7
      15
      12
      17
      17
      18
      13
       8
      11
       9
      15
      13
      14
      16
      14
       8
      11
       9
      11
      10
      11
      13
      16
      13
       8
      12
      14
       7
      12
       7
      13
       6
       8
      16
       9
      11
      13
      15
      11
      15
      16
      10
      10
      17
      17
      19
       9
      13
      16
      12
       8
      16
      11
       8
       9
      13
      10
      14
      12
      13
       7
      10
      15
      16
      13
      16
      16
      12
       9
       9
      11
       8
      10
      10
      13
      18
      13
      14
      10
       9
      16
      12
      14
      21
       8
      12
       7
      18
      15
       9
      11
      12
       8
      11
      13
      11
      15
      13
      14
      12
      16
      12
      15
      11
      15
      14
      10
      12
      11
       7
      15
      16
      13
      15
      10
      14
      13
      11
      14
      13
      20
       9
      12
       7
      15
      10
       9
       5
      11
      13
      11
      12
      14
      10
       8
       8
       9
      12
      14
      18
      12
      11
      12
       8
       9
       8
       9
      10
      10
       8
      10
      18
       9
      10
      11
      10
      14
       9
      11
      11
      19
      14
      14
      19
      11
       9
       9
      11
      13
      14
      20
      18
      12
      16
      13
       9
      11
      14
      11
      14
       6
       7
      12
      13
      13
      12
      16
      12
      12
       9
      14
       8
       9
      11
      10
       8
       6
       9
      13
      19
      12
      14
      10
      11
      12
      17
       8
      14
      11
      14
       9
      12
      17
       9
      17
      15
      13
      11
       9
      10
      17
      18
      12
      15
      13
      14
       9
      10
      17
      10
      12
      12
      15
      15
      13
      13
      13
       9
       6
      11
      15
       8
      13
      16
      14
      15
       9
      16
      13
      12
       9
      12
      11
      16
      13
      15
      15
      10
       8
       7
       9
      11
      13
      11
      11
      11
      15
       9
      10
      11
      11
      11
      14
      18
      15
      11
       8
      16
      16
       5
       9
      15
      12
      13
       5
      11
      11
      11
      12
      13
      16
      14
      16
      10
      10
      12
       9
      16
      11
      14
      13
      11
       7
      16
      12
       7
      13
      11
      13
      12
      18
      12
      19
      16
      16
      10
      17
      16
      13
      18
      18
      20
      14
      18
      17
      18
      16
      19
      14
      13
      14
      16
      15
      20
      13
       9
      12
      15
       6
      15
      10
      14
       6
       7
       8
      12
      12
      10
      12
      16
       8
       6
      13
       5
      11
      10
      11
      13
      14
      12
       8
      12
       6
       9
      11
      11
      10
       9
      11
      12
      10
      19
      12
       9
      12
      12
      13
      13
       9
      12
       8
      10
      12
      14
      11
      10
       8
      13
       6
      16
       7
      13
      11
      14
      11
      12
      16
       9
       8
       8
       8
       5
       8
      11
      15
      22
      15
      15
       8
      15
      12
      11
       8
      13
       8
      15
      12
      14
      15
      11
       8
       9
      17
      13
      10
      15
      11
      10
       8
      10
      16
      17
      12
      20
       9
      15
      12
       9
      20
      12
      19
      23
      19
      29
      33
      37
      47
      36
      44
      50
      55
      37
      30
      33
      31
      26
      24
      15
      16
      17
       9
      16
       9
       8
      10
       9
      15
      11
      14
      11
       9
      14
      10
      13
      13
      12
      13
       7
      11
      14
       7
       8
      13
       9
      14
      12
      11
       9
      16
       7
      10
      12
      11
      12
       7
      11
      12
      11
      11
      11
      10
      14
      15
      14
      11
       9
       7
      10
      10
      12
      12
      10
       9
       9
      11
      14
      11
       9
       7
      11
       9
       6
       7
      12
       9
      18
       8
       7
       3
       8
       8
       7
       9
       5
      14
      12
       8
      13
      15
       7
       8
      10
      19
       9
      13
       9
      13
       5
       9
       7
      12
      11
      15
      14
      10
       6
       3
      16
       8
      10
      10
      14
       9
      15
       9
       9
      20
      11
      12
       6
       6
       7
      12
      11
      16
      11
       7
       8
       8
      20
      14
      11
      11
       9
      12
       4
      11
       9
      15
      12
       8
       7
      13
      11
      10
      15
      15
      11
       8
       9
       5
       6
      13
       3
      15
      11
       8
       6
       7
      16
      10
      16
       8
       9
      10
      13
       8
       9
       8
      15
      11
       7
       6
       8
      11
       9
       7
       8
       7
       8
      14
      15
      13
       9
       9
       8
       7
       8
       7
      14
       8
       8
       8
      13
      11
       6
      11
      11
      16
       7
      11
      13
       8
      13
      12
      10
       7
       9
      10
      10
      13
      12
       6
      11
      15
       8
       9
       5
      16
       8
      11
       7
      15
      15
      13
      13
       8
       4
      10
       7
      13
       7
      15
      11
       6
       9
       6
       8
      11
       7
      10
      16
      11
       8
      10
       9
      11
       8
      10
      11
       7
      11
       9
      11
      12
      11
      10
      13
      10
       8
      10
      14
       9
       6
      16
      14
       8
       7
      12
      10
       7
      10
      15
      11
       8
       7
       6
      12
      13
       9
      11
      12
      11
      12
      12
      12
      18
       8
      10
      21
      18
      17
      14
      10
      15
       8
      13
       9
      11
      14
      13
      17
       8
      12
      14
       9
      13
      12
       6
      10
      12
      13
      10
      10
       7
      10
      13
       6
       9
      17
      10
      10
       2
       8
      10
       6
      13
      10
      11
       8
      12
       5
       9
      10
       8
       2
       9
      12
       6
       7
      12
      14
      10
      13
      14
      13
       9
      12
       7
       8
       9
       6
      14
      16
       7
      14
      16
      11
       9
       9
      10
      14
       4
       8
       8
      13
      14
      14
       8
      10
       7
      15
      10
       8
       6
       7
      12
      10
      10
      10
      15
      12
      14
       8
      10
       5
       7
       6
       4
      16
      16
      14
       6
      11
      14
      14
       5
      16
       8
      11
      17
      12
       6
       8
       5
       8
       7
       7
      13
       8
      12
       3
       9
       8
      14
      11
      11
       9
      10
       8
      11
      10
       7
       9
      16
      14
      12
      11
      11
       4
      11
      13
       8
      10
      11
      18
      11
      12
      11
      10
      12
      12
      11
       7
      15
      18
      10
      12
       8
      12
       7
       5
       8
       6
      11
       9
      11
      10
      14
       6
      11
       8
       4
      13
       8
      20
      13
       7
       9
       9
       7
      10
       9
       9
       7
      15
      11
      14
       8
       7
      14
       4
      14
       6
      12
      11
      15
      12
      11
      10
      15
      17
       8
       8
      12
       6
       6
       8
       8
      15
       5
      10
      12
       9
      11
       6
      11
      10
      18
      14
       3
       8
      13
      15
       8
       9
       7
       4
      12
       9
       8
      12
       9
      10
       5
      11
       7
      11
       7
      11
      11
       7
       9
      11
       6
      15
       7
      18
       8
       6
       7
       8
      13
      11
       5
      11
       6
       9
       8
      14
      16
      13
       5
       9
       7
      10
       8
      10
      11
       8
       7
      15
       9
      13
      18
       8
      10
       9
       8
      15
       8
       9
      13
       8
       7
      10
      13
      14
       9
       4
      11
      12
      10
       8
      14
       9
      13
       8
      11
       7
       9
      11
       4
       7
      10
       7
       9
       8
      11
       7
      10
       8
       8
      12
      11
      10
       3
       8
      10
      18
      12
      12
      11
      10
      12
      10
       9
      15
       9
       7
      10
       8
       8
      12
      13
       9
       6
       6
       7
      13
       6
      11
       7
       7
       9
      14
      13
      10
       8
       5
       9
       5
       9
      11
       9
       9
      14
      15
       5
       7
       3
      16
      10
      10
       6
      13
      10
       9
       7
       9
       8
      12
       5
      12
      12
      11
       9
      11
       6
      16
       5
      15
       9
       8
       6
       7
      12
       6
       6
      14
       9
       8
       6
      10
       8
      13
      13
       8
       5
      12
      16
       6
       7
      11
      12
      12
       8
       7
      12
      17
       5
       4
      10
      10
       8
      11
      14
       9
       8
       8
       9
       9
       6
       4
      13
      10
      12
       9
      11
       9
      14
      12
      12
      11
      10
      12
      10
      14
       6
       9
       7
       5
       7
       8
      11
      12
      11
       8
       8
       6
      11
      10
       9
       6
      12
       6
       8
       7
       5
      12
      13
       6
      12
       6
       7
       7
      10
       6
       9
      14
       6
       9
       7
       8
       8
       8
      11
      10
       3
       5
       5
       7
       6
      15
       9
       7
       7
      13
      10
       9
      13
      10
       7
       5
      17
       9
      12
      12
       8
       5
       9
       6
       7
       3
       5
       8
      10
      12
       6
      14
      10
       7
      10
       6
      10
       9
       5
      10
       8
      11
       8
       9
       6
       8
      11
      12
      10
      10
       5
       4
      10
       7
       7
      16
       9
       5
       7
      10
      11
      11
       8
       8
       8
      11
      12
       7
       7
       9
       4
       6
      11
       9
       8
       9
      13
      11
       3
       7
      12
      12
       9
      12
       8
       8
       7
       9
      14
       5
      12
       6
       9
      12
       3
       6
      13
      11
      14
      11
      10
       8
       5
      10
       6
       4
       7
      12
       9
       7
       6
      13
      10
      10
      10
       7
       3
      17
      14
      10
       7
       5
       5
       9
      10
       7
       6
       6
       3
       9
       4
       8
       8
       5
      11
       4
       8
      12
       6
       7
       9
      10
       9
       3
      13
       8
      12
       9
       9
       7
       7
       6
       5
       8
       9
       7
       8
       1
       8
       7
       9
      11
      11
       7
       7
      12
      10
       6
       9
      15
      10
      16
      12
       3
       6
       7
       8
       7
       6
      10
       7
      13
      10
       9
       7
       5
       9
      12
       6
      13
       5
       9
       5
       8
      13
      10
       5
      11
      14
      15
       9
       7
      11
       6
      14
       7
       8
      11
      10
      10
      13
       5
      11
       9
      10
       6
       8
       6
       9
       7
       9
       6
       9
      15
       7
       8
       9
       8
       6
      12
       8
       5
      12
       8
      15
       6
       7
      10
       6
       8
       9
       7
       8
       8
       4
       9
       2
       9
       4
       7
       8
      10
       8
      10
      15
       8
       7
       7
       2
       6
       5
       6
       4
       7
       8
       7
       7
      12
       9
       6
      11
       6
      13
       5
       9
       7
      10
       8
      10
       9
       2
      13
      10
       7
      14
       5
       5
       4
      11
       4
      11
       4
       8
       6
       7
       4
       7
       9
      10
       6
       8
       6
       7
       8
       7
       9
       8
      10
       9
       8
       7
       8
       6
       8
       7
       9
       3
       5
       7
      16
      10
      10
      10
       7
      10
      10
       7
       6
       9
      12
       6
       6
      10
      10
       8
       6
       8
       7
      11
       6
       6
       7
      11
      11
       8
      10
      14
       5
       7
      10
       5
      10
       5
       5
       8
       6
      13
       7
       5
      10
      11
       4
       6
       6
       5
       5
       8
      13
       9
       7
       9
      10
      10
       8
       9
       3
       7
       6
      15
       8
       9
       9
       6
       5
       8
       8
      10
       7
       9
      14
       3
      13
       5
      12
      10
      11
       7
       5
       6
       7
       8
      10
       7
      10
      10
       8
       7
      11
       7
       8
       8
      14
       8
      14
      17
       6
      11
       7
       2
      10
       6
       8
       6
       8
      13
      10
       6
       7
       7
       9
       6
      11
      12
      12
      12
      17
      10
       8
      14
       7
       7
      13
      12
      14
      15
      20
      13
      15
       9
      11
      16
       6
      14
       6
      12
       9
       8
      12
       4
      10
      10
       9
       8
       7
      10
      13
      13
       7
       5
       5
       6
       5
      11
       5
       6
      14
       9
       3
       7
      19
      10
      11
      13
       5
       7
      14
       8
       6
       7
       8
      10
      13
       6
       5
      10
      17
       9
      14
      11
       8
       5
       6
      11
      14
      10
       7
       7
       9
      11
       2
      10
       7
       8
      14
       8
       6
       7
       6
      12
       8
       9
       5
      10
      13
       8
       2
      11
       6
       3
       9
       7
       6
      10
      11
       7
       6
      11
       7
       5
       8
       9
       7
      10
       6
       5
       4
       5
       5
       7
       5
       9
      10
       8
      13
      12
       7
      14
       6
       6
       7
      11
       6
       7
       9
       9
       4
      17
       8
       6
      14
      10
       6
       5
       7
      11
       4
       6
      14
       7
       6
       6
      10
       8
       9
       8
       6
       6
      10
      10
       6
       6
       7
      10
       7
      10
       6
       8
      10
       5
       4
       6
       6
      19
       7
       8
       5
       8
       6
       3
      11
       6
       9
       6
       9
      10
       9
       7
      13
       4
       7
       7
       3
      10
       7
       8
       6
       5
      14
      12
       7
       8
       5
      10
       6
       9
      10
       5
       4
       3
       4
       9
       8
       4
       5
       9
       5
       4
       8
       3
      11
       4
       9
       7
       5
      11
       4
       6
       6
       4
       7
       7
       8
      12
       6
       9
       5
       5
       9
       7
       5
       6
      12
       8
       9
      13
       8
      11
       7
       9
       7
      10
       8
      10
       7
       7
      13
       7
       8
      11
       8
      10
      12
       3
      12
       9
       8
       5
       9
       6
       9
      10
       8
       8
       3
      12
      12
      13
       3
       6
       9
      10
      10
       9
       8
      10
      12
       4
       7
       6
       5
       5
      12
       8
       7
       9
       7
       9
       3
       7
       8
      11
      11
       9
       8
       4
       8
       7
       6
       7
       9
      10
      11
       5
      12
       9
       7
       5
       7
      14
       6
      10
       6
       9
       4
       4
       3
       4
       7
       8
       3
       6
       8
       8
      11
       6
       5
       4
       4
       6
      20
       7
       6
       4
       4
       7
       6
       8
       7
       6
       7
       6
       8
       8
      12
       6
       6
      10
       7
      11
       9
       9
       8
      12
      13
      12
      14
      13
      16
      24
      22
      16
      20
      17
      30
      16
      13
      22
      15
      11
      14
      12
      13
      12
       5
       9
      14
       9
       7
       7
      11
       4
       9
       8
       8
       5
      11
      11
       8
       8
      10
      14
       9
       8
      10
       0
       8
       8
      12
       9
       7
      13
       8
       9
       8
       7
       9
       6
      14
       4
      13
       8
       6
       6
       6
      10
       8
      10
       8
      11
      11
       5
       6
       4
       5
       9
       5
      10
      11
       5
       4
       6
       7
      19
       7
       9
       9
      12
       6
       4
      10
       5
       8
       8
       5
      10
      14
       8
       4
       4
       7
      11
       6
       5
       4
       8
       6
      11
       8
       5
       9
      10
       7
       3
       8
       5
       4
       8
       9
      10
       8
       4
       5
       7
      11
       5
       5
       4
       9
       9
       4
       9
       8
       7
       7
       3
       8
       8
      12
       6
       5
      10
       8
      10
       5
       5
       5
       3
       9
       6
      10
       5
      10
       7
       6
       3
       2
       7
       7
       3
       3
       6
      13
       8
       4
       8
       6
       7
       5
      12
       5
       8
       8
       6
       4
       6
      11
       4
       5
      12
       4
       0
       0
       0
       0
       0
       0
       0
       0
       0
       0
       0
       0
       0
       0
       0
       0
       0
       0
       0
       0
       0
       0
       0
       0
       0
       0
       0
       0
       0
       0
       0
       0
       0
       0
       0
       0
       0
       0
       0
       0
       0
       0
       0
       0
       0
       0
       0
       0
       0
       0
       0
       0
       0
       0
       0
       0
       0
       0
       0
       0
       0
       0
       0
       0
       0
       0
       0
       0
       0
       0
       0
       0
       0
       0
       0
       0
       0
       0
       0
       0
       0
       0
       0
       0
       0
       0
       0
       0
       0
       0
       0
       0
       0
       0
       0
       0
       0
       0
       0
       0
       0
       0
       0
       0
       0
       0
       0
       0
       0
       0
       0
       0
       0
       0
       0
       0
       0
       0
       0
       0
       0
       0
       0
       0
       0
       0
       0
       0
$ROI:
0
$PRESETS:
None
0
0
$ENER_FIT:
-2.173939 0.279251
$MCA_CAL:
3
-2.173939E+000 2.792507E-001 0.000000E+000 keV
$SHAPE_CAL:
3
1.571259E+001 -1.155430E-003 0.000000E+000
