$SPEC_ID:
226Ra
$SPEC_REM:
DET# 1
DETDESC# MCB 132 Input 1
AP# Maestro Version 6.06
$DATE_MEA:
11/17/2021 10:32:40
$MEAS_TIM:
168661 168675
$DATA:
0 8191
       0
       0
       0
       0
       0
       0
       0
       0
       0
       0
       0
       0
       0
       0
       0
       0
       0
       0
       0
       0
       0
       0
       0
       0
       0
       1
    1263
   11229
    1063
     345
     305
     301
     337
     325
     351
     393
     383
     411
     404
     331
     426
     429
     430
     442
     377
     342
     262
     301
     285
     257
     293
     284
     314
     274
     282
     261
     262
     246
     233
     270
     214
     220
     161
     195
     211
     211
     198
     211
     211
     208
     190
     191
     172
     198
     172
     176
     173
     158
     177
     172
     164
     173
     183
     160
     162
     172
     148
     182
     174
     170
     157
     155
     147
     130
     148
     135
     145
     161
     148
     134
     142
     147
     127
     135
     144
     117
     118
     127
     132
     142
     121
     130
     140
     129
     126
     143
     110
     135
     125
     127
     130
     116
     112
     114
     120
     115
      97
     117
     120
     111
     119
     112
     117
     118
     129
      89
      96
     122
     113
     122
      95
     100
      96
     116
     103
     122
     105
     112
      97
     108
     117
     119
     102
      91
     105
     101
     106
     108
     105
     116
     110
     117
      98
     100
     103
     104
     123
     111
      99
      98
     130
     172
     227
     219
     162
     151
      93
     108
      91
      87
     122
     120
     101
     104
      94
     113
      89
      94
     108
     111
     101
      93
     105
     102
      99
     135
     144
     130
     147
     130
     125
      91
     113
     116
     114
     109
     102
     100
     112
     113
     113
     128
     112
     110
     104
     101
     118
     132
     107
     158
     154
     118
     112
     133
      96
     122
      88
     114
     112
     127
     139
     233
     299
     289
     257
     151
     117
     125
     101
      92
     113
     118
     109
     136
      97
     114
     117
     101
     104
      98
      92
      92
     106
     116
      97
     136
     115
     124
      97
     120
     101
     122
     129
     129
     154
     151
     138
     165
     173
     144
     144
     147
     151
     187
     236
     191
     186
     133
     133
     124
     132
     168
     181
     145
     155
     134
     139
     125
      95
     129
     123
     129
     132
     127
     120
     120
     155
     122
     123
     121
     117
     104
     124
     131
     139
     140
     162
     167
     184
     209
     179
     137
     122
     146
     111
     135
     144
     138
     157
     150
     125
     137
     115
     109
     118
     130
     130
     135
     163
     142
     124
     123
     132
     127
     211
     314
     491
     608
     610
     459
     316
     182
     171
     137
     140
     132
     136
     142
     131
     109
     133
      99
     128
     114
     126
     113
     150
     139
     164
     157
     137
     115
     121
     135
     126
     111
     106
     145
     125
     120
     134
     107
     111
     110
     130
     128
     131
     125
     118
     127
     135
     139
     125
     134
     132
     114
     102
     117
     106
     145
     108
     140
     111
     123
     131
     147
     144
     136
     133
     124
     114
     130
     136
     119
     125
     135
     138
     165
     140
     121
     174
     153
     161
     128
     124
     122
     130
     135
     124
     145
     131
     126
     121
     123
     157
     121
     134
     138
     121
     110
     136
     105
     135
     132
     151
     111
     127
     128
     111
     132
     132
     129
     128
     129
     156
     134
     133
     124
     159
     124
     111
     109
     141
     124
     119
     122
     147
     131
     148
     132
     137
     129
     136
     123
     126
     133
     141
     119
     141
     151
     130
     136
     140
     132
     115
     145
     127
     125
     144
     128
     139
     123
     154
     127
     139
     164
     117
     121
     166
     130
     141
     143
     125
     136
     140
     127
     131
     127
     137
     137
     125
     116
     124
     104
     136
     145
     136
     157
     132
     108
     139
     131
     122
     115
     135
     123
     149
     131
     138
     176
     181
     196
     192
     181
     147
     118
     123
     133
     129
     139
     147
     138
     130
     110
     127
     108
     141
     113
     158
     127
     111
     132
     120
     116
     136
     129
     133
     139
     128
     143
     129
     145
     154
     126
     126
     134
     130
     116
     142
     119
     129
     121
     111
     137
     125
     116
     114
     147
     106
     108
     101
     128
     125
     135
     135
     148
     124
     127
     127
     117
     118
     127
     153
     130
     115
     124
     145
     124
     131
     140
     141
     172
     158
     114
     136
     120
     125
     133
     115
     114
     114
     129
     128
     113
     118
     126
     112
     119
     114
     144
     110
     109
     106
     133
     110
     113
     128
     141
     133
     120
     122
     136
     133
     117
     126
     129
     131
     118
     134
     116
     111
     149
     115
     133
     109
     109
     115
     129
     128
     110
     117
     109
     101
     144
     107
     120
     113
     134
     102
     132
     104
     109
      96
     139
     119
     139
     107
     101
     115
     145
     140
     131
     126
     138
     120
     139
     131
     159
     237
     346
     480
     447
     370
     256
     161
     134
     100
     133
     113
     119
     139
     110
     122
     113
     120
     111
     105
     106
     106
      98
     115
     100
      88
     108
     112
     101
     106
     132
     142
     113
     108
     121
     118
     112
     106
     122
     133
      89
     118
     121
     124
     105
     124
     128
     133
     147
     117
     125
     115
     112
     102
     113
     118
     118
     108
     126
     108
     110
     123
      98
     137
     124
     116
     114
     114
      95
      97
     104
     114
     122
     143
     135
     128
     113
     132
     118
     100
     102
     104
     125
     102
     100
     138
     107
     126
     123
     132
      98
     106
     121
     112
     116
     106
      92
     115
     121
      99
     104
     116
      93
      97
     108
     104
     114
      92
      85
      98
      89
      89
     105
     105
     120
      91
     100
     117
     118
      98
     101
     114
     107
     102
     121
     108
     123
      95
     100
     106
      97
     123
      90
     105
      98
      91
     124
     113
      96
     106
     114
     106
      93
     115
      92
     110
     101
     106
      96
     112
     110
     103
     109
      95
     103
     101
      99
     100
     106
     100
     101
     101
      92
     110
      87
      86
     100
      87
     110
     110
      90
     110
     104
     113
      97
      95
      93
      91
      89
     101
      91
      91
     123
      98
     100
     100
     114
     101
     100
     125
     136
     173
     250
     257
     203
     165
     120
     102
      89
     104
     111
      97
      97
      93
     105
      93
     103
      91
      94
      85
      88
      93
     100
      82
      84
     102
      94
      82
      83
      96
      92
      92
      85
      89
      85
      96
     102
      89
     100
      96
      90
      93
      87
      88
      81
      92
      98
      90
     110
      80
      96
      91
      80
      83
      72
      92
      82
      85
      84
      92
     105
      85
      94
      76
      88
      69
      87
      93
     108
      83
     103
      87
      89
      80
      89
      88
      83
      82
      93
      87
      96
      76
      95
      84
      82
      90
      85
      79
      85
      91
      67
      88
      87
      88
      84
      88
      76
      91
      76
      91
      76
      79
      79
     100
      90
      76
      65
      89
      86
      85
      97
      82
      87
      96
      81
      86
      97
      82
      92
      88
      81
      94
      81
      84
      87
      86
      73
      71
      77
      90
      76
      84
      89
      88
      72
      71
      66
      64
      93
      70
      79
      83
      86
      61
      63
      97
      76
      70
      87
      71
      81
      86
      85
      71
      70
      80
      78
      77
      75
      70
      95
      71
      79
      87
      91
      76
      75
      80
      70
      80
      67
      80
      84
      88
      87
      66
      73
      72
      97
      83
      75
      68
      89
      69
      77
      64
      74
      88
      71
      73
      72
      68
      76
      92
      69
      68
      64
      66
      84
      71
      73
      70
      85
      66
      93
      65
      89
      83
      79
      86
      84
      79
      71
      70
      84
      79
      77
      70
      79
      71
      77
      91
      85
      74
      83
      74
      78
      75
      54
      71
      73
      88
      66
      90
      64
      68
      76
      67
      75
      93
      83
      67
      64
      72
      72
      60
      77
      76
      74
      68
      72
      67
      57
      73
      53
      70
      69
      70
      82
      75
      86
      81
      71
      72
      74
      65
      77
      71
      80
      54
      68
      67
      74
      71
      75
      72
      71
      59
      71
      63
      65
      75
      64
      69
      81
      50
      63
      75
      62
      64
      72
      72
      61
      76
      54
      78
      79
      81
      76
      86
      56
      68
      76
      77
      61
      75
      66
      61
      72
      59
      54
      55
      60
      70
      76
      55
      81
      64
      75
      75
      55
      76
      76
      70
      58
      56
      85
      79
      64
      64
      47
      63
      71
      61
      70
      61
      78
      61
      67
      71
      55
      54
      77
      60
      63
      85
      68
      56
      68
      75
      65
      46
      61
      66
      77
      67
      72
     100
      99
      90
      89
      88
      67
      73
      63
      59
      67
      60
      65
      62
      62
      72
      66
      74
      55
      64
      71
      60
      52
      67
      65
      67
      61
      53
      72
      44
      70
      49
      51
      71
      70
      64
      68
      74
      68
      58
      54
      55
      58
      67
      55
      57
      64
      73
      68
      71
      72
      80
      88
      83
      75
      67
      74
      57
      47
      55
      54
      60
      55
      65
      68
      57
      55
      64
      65
      62
      57
      68
      56
      57
      56
      60
      56
      49
      56
      65
      58
      46
      58
      55
      61
      54
      73
      61
      56
      71
      62
      54
      62
      65
      53
      56
      61
      68
      63
      65
      62
      65
      56
      47
      67
      65
      57
      71
      55
      70
      50
      66
      45
      59
      63
      57
      53
      60
      45
      55
      57
      48
      58
      46
      56
      55
      60
      58
      63
      59
      49
      47
      65
      55
      56
      52
      55
      56
      62
      58
      56
      55
      62
      54
      52
      50
      62
      46
      53
      47
      50
      57
      61
      57
      58
      58
      60
      53
      60
      56
      58
      44
      57
      53
      55
      64
      57
      52
      47
      53
      62
      59
      55
      52
      57
      56
      47
      52
      55
      69
      59
      42
      55
      60
      46
      47
      45
      56
      61
      49
      57
      47
      56
      67
      42
      34
      51
      60
      57
      53
      52
      48
      56
      56
      46
      56
      51
      44
      55
      52
      53
      47
      49
      49
      38
      64
      57
      45
      33
      49
      43
      41
      49
      60
      46
      54
      50
      55
      61
      55
      39
      48
      45
      40
      43
      52
      46
      59
      50
      53
      46
      45
      60
      57
      52
      54
      42
      51
      59
      52
      46
      50
      52
      51
      65
      53
      60
      59
      49
      66
      54
      48
      51
      55
      50
      50
      53
      52
      57
      50
      39
      54
      45
      53
      51
      45
      44
      53
      58
      45
      50
      57
      50
      49
      54
      60
      37
      48
      59
      48
      49
      60
      49
      35
      50
      39
      49
      46
      46
      55
      46
      54
      37
      50
      54
      52
      51
      54
      54
      51
      56
      46
      39
      47
      50
      57
      46
      46
      60
      57
      39
      57
      54
      49
      46
      28
      46
      51
      45
      52
      44
      53
      42
      53
      67
      55
      40
      47
      49
      68
      77
     113
     171
     245
     311
     327
     260
     177
     137
      79
      69
      50
      48
      54
      46
      51
      38
      44
      60
      47
      51
      41
      49
      61
      48
      48
      51
      52
      55
      51
      52
      44
      50
      54
      30
      40
      47
      47
      39
      48
      50
      40
      47
      50
      33
      54
      43
      39
      45
      60
      39
      43
      49
      47
      44
      40
      44
      58
      42
      48
      40
      53
      62
      48
      56
      35
      42
      41
      56
      53
      39
      41
      43
      54
      39
      47
      47
      52
      45
      47
      48
      37
      32
      54
      54
      38
      29
      46
      62
      39
      50
      51
      53
      44
      42
      51
      31
      40
      50
      39
      36
      32
      48
      51
      36
      30
      46
      44
      42
      29
      46
      39
      40
      47
      50
      41
      37
      42
      57
      45
      47
      51
      53
      36
      45
      50
      37
      39
      39
      32
      48
      37
      57
      41
      55
      46
      46
      38
      45
      36
      35
      40
      49
      52
      40
      38
      34
      48
      46
      36
      48
      37
      38
      35
      36
      52
      45
      36
      44
      43
      31
      40
      44
      37
      44
      46
      47
      43
      39
      43
      40
      32
      38
      46
      43
      47
      47
      32
      47
      47
      36
      37
      48
      42
      51
      46
      35
      33
      37
      50
      41
      38
      35
      41
      33
      38
      42
      41
      37
      46
      34
      39
      41
      48
      35
      40
      35
      43
      42
      44
      33
      32
      35
      39
      37
      67
      41
      39
      47
      45
      46
      40
      55
      43
      33
      51
      27
      41
      38
      49
      37
      41
      40
      31
      40
      39
      42
      36
      33
      41
      52
      40
      40
      35
      40
      38
      27
      38
      30
      53
      45
      40
      33
      44
      46
      41
      44
      32
      31
      49
      41
      34
      37
      44
      41
      51
      38
      46
      41
      59
      59
      78
      83
      99
     119
     159
     186
     248
     258
     289
     292
     280
     281
     210
     192
     156
     116
     104
      88
      74
      53
      48
      45
      40
      33
      46
      31
      43
      33
      34
      31
      36
      29
      40
      27
      33
      49
      35
      38
      39
      39
      29
      48
      32
      35
      35
      26
      36
      33
      31
      47
      39
      30
      34
      35
      42
      37
      40
      44
      43
      37
      38
      32
      33
      37
      28
      42
      32
      24
      32
      24
      31
      36
      40
      31
      31
      39
      38
      32
      39
      35
      30
      36
      43
      32
      35
      32
      33
      39
      26
      27
      27
      34
      25
      37
      32
      37
      29
      35
      32
      31
      23
      32
      27
      19
      41
      28
      29
      36
      54
      28
      31
      27
      35
      37
      35
      36
      32
      37
      35
      29
      34
      37
      27
      39
      29
      35
      29
      27
      35
      28
      41
      24
      24
      29
      35
      31
      30
      45
      32
      39
      30
      27
      29
      28
      24
      21
      22
      40
      29
      24
      39
      24
      26
      31
      37
      48
      40
      35
      34
      30
      31
      38
      31
      35
      23
      30
      33
      36
      30
      31
      38
      27
      28
      26
      32
      28
      32
      43
      33
      28
      27
      26
      33
      28
      36
      30
      36
      27
      37
      28
      26
      33
      23
      40
      25
      25
      24
      31
      32
      33
      26
      42
      39
      31
      29
      30
      36
      26
      34
      38
      29
      20
      34
      39
      38
      35
      51
      45
      46
      57
      65
      44
      47
      30
      38
      31
      35
      23
      36
      31
      30
      22
      22
      26
      20
      23
      24
      30
      22
      20
      27
      25
      23
      25
      34
      20
      16
      20
      29
      24
      36
      35
      27
      32
      23
      28
      22
      21
      39
      28
      24
      29
      31
      37
      47
      62
      75
      73
      64
      69
      45
      46
      30
      31
      32
      36
      23
      32
      25
      27
      30
      42
      28
      19
      33
      36
      31
      21
      30
      27
      29
      22
      35
      31
      23
      35
      37
      22
      23
      29
      28
      31
      32
      42
      23
      20
      22
      28
      23
      26
      39
      23
      42
      23
      33
      26
      40
      29
      31
      24
      41
      33
      42
      23
      41
      25
      32
      31
      28
      26
      33
      24
      35
      29
      40
      33
      41
      30
      34
      31
      32
      35
      38
      34
      27
      32
      27
      36
      34
      28
      38
      28
      32
      28
      27
      33
      29
      41
      35
      50
      46
      42
      37
      50
      26
      25
      35
      32
      30
      30
      24
      38
      34
      54
      88
     119
     147
     176
     220
     180
     202
     110
      80
      49
      36
      41
      22
      27
      39
      31
      34
      33
      33
      18
      21
      31
      16
      20
      28
      33
      32
      24
      31
      26
      33
      29
      25
      30
      27
      31
      31
      22
      25
      20
      28
      32
      29
      32
      19
      25
      22
      20
      29
      27
      26
      29
      25
      26
      22
      31
      23
      22
      21
      33
      32
      16
      20
      21
      21
      22
      17
      29
      25
      20
      24
      19
      29
      19
      32
      27
      27
      24
      37
      27
      22
      23
      30
      17
      17
      32
      27
      24
      21
      21
      24
      31
      23
      16
      20
      25
      35
      27
      24
      19
      15
      23
      23
      18
      34
      20
      30
      25
      21
      20
      16
      27
      31
      20
      29
      20
      22
      29
      32
      28
      26
      25
      21
      32
      19
      31
      24
      24
      31
      20
      23
      31
      32
      23
      17
      17
      27
      23
      23
      22
      18
      19
      22
      14
      23
      22
      29
      22
      15
      25
      14
      38
      31
      37
      19
      23
      25
      32
      35
      40
      25
      23
      18
      21
      13
      31
      29
      43
      57
      96
     131
     216
     255
     278
     285
     274
     180
     121
      76
      69
      37
      26
      25
      25
      18
      23
      23
      20
      28
      23
      33
      20
      21
      30
      13
      25
      22
      30
      26
      19
      22
      24
      31
      27
      30
      40
      26
      23
      20
      19
      25
      30
      18
      24
      22
      19
      21
      33
      18
      34
      17
      20
      25
      22
      19
      25
      25
      23
      27
      17
      29
      28
      20
      26
      29
      17
      22
      19
      18
      15
      29
      21
      21
      27
      19
      28
      21
      24
      23
      24
      16
      17
      18
      27
      29
      29
      16
      20
      18
      21
      22
      27
      24
      16
      21
      15
      18
      18
      18
      27
      28
      16
      24
      25
      19
      20
      24
      19
      20
      23
      30
      26
      22
      21
      28
      22
      26
      16
      29
      30
      11
      22
      30
      24
      19
      25
      24
      22
      23
      19
      32
      24
      26
      30
      29
      26
      21
      20
      23
      30
      19
      27
      22
      26
      27
      23
      31
      23
      14
      19
      26
      13
      31
      28
      26
      22
      35
      19
      33
      19
      23
      23
      21
      19
      24
      25
      23
      11
      34
      26
      24
      22
      25
      29
      24
      18
      36
      16
      21
      29
      23
      16
      20
      19
      20
      32
      26
      26
      15
      21
      25
      20
      19
      19
      25
      26
      22
      23
      23
      15
      24
      16
      14
      15
      24
      21
      23
      18
      18
      22
      21
      17
      25
      26
      19
      29
      26
      50
      51
      89
     129
     156
     167
     162
     131
     131
      82
      60
      44
      24
      17
      25
      27
      24
      19
      20
      25
      27
      28
      28
      31
      26
      27
      23
      22
      22
      20
      27
      25
      27
      23
      21
      28
      25
      28
      27
      28
      21
      19
      17
      12
      21
      24
      22
      19
      21
      17
      17
      16
      23
      17
      25
      16
      21
      12
      18
      16
      25
      23
      36
      19
      22
      18
      26
      20
      29
      15
      27
      24
      29
      15
      23
      19
      25
      25
      32
      19
      20
      28
      23
      13
      14
      23
      17
      26
      13
      25
      17
      18
      15
      26
      16
      21
      29
      18
      19
      17
      23
      19
      22
      20
      18
      23
      16
      15
      17
      19
      22
      20
      22
      17
      16
      16
      16
      19
      18
      19
      16
      14
      22
      22
      19
      26
      24
      15
      19
      11
      24
      20
      24
      25
      20
      25
      21
      23
      21
      20
      19
      19
      21
      18
      22
      26
      22
      31
      20
      21
      25
      22
      19
      15
      23
      26
      26
      23
      25
      29
      18
      31
      29
      32
      22
      22
      14
      20
      22
      16
      20
      16
      16
      11
      18
      14
      18
      21
      24
      25
      23
      25
      22
      23
      18
      19
      21
      17
      21
      20
      20
      25
      17
      16
      12
      16
      20
      14
      20
      20
      18
      18
      23
      19
      15
      26
      19
      19
      23
      21
      32
      26
      20
      18
      17
      24
      21
      28
      18
      23
      20
      14
      21
      19
      13
      17
      15
      17
      22
      18
      20
      30
      18
      18
      27
      23
      13
      19
      22
      15
      14
      16
      25
      18
      21
      17
      17
      18
      18
      23
      21
      18
      19
      14
      20
      14
      16
      18
      15
      21
      21
      27
      16
      23
      25
      23
      19
      19
      14
      21
      27
      11
      16
      16
      18
      12
      20
      12
       9
      21
      22
      12
      19
      15
      26
      23
       9
      24
      21
      21
      19
      21
      16
      20
      19
      27
      24
      22
      10
      17
      18
      27
      17
      20
      18
      19
      18
      22
      19
      19
      16
      20
      19
      27
      10
      28
      16
      13
       9
      15
      14
      15
      22
      13
      12
      21
      16
      19
      17
      15
      20
      14
      15
      11
      24
      17
      26
      12
      16
      17
      16
      15
      16
      17
      14
      24
      26
      17
      19
      16
      24
      17
      22
      15
      21
      17
      17
      21
      19
      20
      19
      20
      19
      18
      18
      15
      13
      19
      19
      23
      16
      16
      18
      11
      18
      18
      20
      15
      22
      15
      21
      16
      11
      16
      17
      19
      27
      17
      15
      11
      17
      14
      23
      16
       9
      13
      20
      17
      21
       7
      19
      16
      16
      18
      13
      16
      20
      17
      14
      16
      22
      16
      14
      14
      10
      14
      18
      17
      18
      20
      23
      29
      21
      18
      27
      20
      15
      17
      20
      17
      22
      21
      19
      22
      21
      23
      14
      16
      29
      14
      13
      20
      28
      19
      23
      20
      28
      14
      16
      15
      15
      21
      19
      20
      17
      16
      14
      14
      17
      16
      22
      21
      19
      15
      14
      15
      18
      19
      23
      16
      23
      16
      12
      11
       8
      19
      12
      13
      18
      14
      11
      17
      15
      22
      10
      17
      14
      13
      15
      14
      18
      18
      20
      18
      18
      19
      26
      26
      19
      18
      19
      19
      23
      25
      17
      14
      20
      14
      12
      16
      17
      15
      16
      15
      17
      17
      17
      23
      15
      22
      18
      18
      12
      14
      25
      13
      15
      15
      14
      17
      15
      15
      11
      16
      16
      14
      11
      18
      16
      17
      17
      12
      16
      21
      17
      16
      10
      27
      21
      20
      14
      13
      11
      15
      16
      25
      20
      19
      12
      11
      14
      16
      16
      18
      18
      22
      23
      11
      22
      23
      14
      16
      16
      13
      11
      15
      16
      22
      16
      16
      23
      16
      15
      19
      20
      13
       9
      18
      17
      17
      16
      15
      13
      20
      12
      21
      20
      10
      10
      20
      12
      13
      17
      16
      16
      11
      24
      15
      11
      13
      14
      14
      17
       8
      16
      15
      20
      23
      14
      12
      22
      14
      11
      14
      15
      25
      15
      19
      15
      17
      21
      13
      22
      19
      19
      16
      18
      18
      20
      18
      12
      13
      10
       8
      10
      25
      22
      16
      16
      15
      21
      16
      15
      15
      14
      23
      11
      13
      21
      11
       7
      15
      16
      10
      13
      17
      15
      18
      22
      22
      13
      14
      20
      22
      33
      27
      39
      50
      45
      40
      26
      36
      26
      18
      22
      11
      15
      15
      10
      10
      15
      19
      15
      16
       9
      15
      14
      10
       7
      11
      11
      21
      13
      20
      21
      16
      12
      21
      11
      15
      12
      17
      18
      18
      15
      11
      16
      15
      18
      18
      18
      12
      10
      14
      13
      24
      16
      23
      13
      14
      16
       6
      14
      10
      15
      13
      16
      15
      23
      18
      11
      12
      10
      13
       8
      10
      14
      16
      15
      17
      14
      10
      12
      18
      17
       9
      16
      12
      12
      19
      16
      28
      17
      15
      22
      22
      13
      20
      11
      13
      16
      14
       7
      16
      20
      16
      11
      11
      16
      13
      17
      15
      13
      22
      10
      23
      12
      12
      16
      17
      23
      17
      11
      22
      19
      16
      17
      15
      16
      15
      10
      15
       8
      11
      19
      13
       8
      17
      10
       9
      10
      13
      17
      12
      15
      15
      14
      17
      15
      10
      15
      16
      14
      13
      16
      12
      11
      12
      12
      16
      18
      14
      12
      17
      13
       9
      13
      14
      12
      16
      14
      16
      15
      17
      10
      16
      15
      13
      10
       8
      14
      17
      13
      13
      13
      13
      14
      13
      12
      14
      14
      10
      19
      21
      13
      19
      17
      16
      14
      22
      22
      18
      16
      18
      13
      16
      14
      16
      14
      23
      26
      22
      29
      33
      25
      27
      18
      24
      16
      17
      17
      15
      21
      13
       6
      10
      13
      14
      18
      20
      12
      11
      13
      18
      10
      18
      12
      15
      15
      15
      16
      11
      14
       7
      14
      12
      21
      12
      15
      28
       9
      11
      13
      15
      16
      15
      12
      14
      17
      11
      14
      17
      14
      14
      13
      14
      15
      11
      12
      17
      14
      13
      17
      13
      15
      11
      10
      15
      15
      19
      13
      13
      15
      14
      14
      13
       8
      10
      16
      10
      10
       9
      10
       8
      16
      20
       9
      16
       8
      13
       9
      10
      12
      11
      10
      12
      15
      14
      15
       9
      13
      16
      18
      20
      13
      11
      12
       9
      12
      17
      18
      18
       9
      19
      20
      21
      26
      28
      33
      23
      31
      40
      27
      23
      18
      25
       9
      20
      17
      12
      13
      10
      11
      10
      15
      15
      11
      15
      11
      10
      10
      19
      20
      12
      13
      12
      10
      13
      10
      19
      20
      18
      11
       5
      16
      17
      18
      16
      20
       9
      13
      14
      13
      13
      16
      13
      14
      12
      18
       6
      11
      10
      13
      11
      13
      17
      11
      10
      12
      10
       9
      18
      11
      22
       6
      15
      14
      12
      11
      14
      13
      14
      15
      12
       9
      13
       9
      11
       9
      22
      14
      19
      11
       7
      16
      16
       6
      17
      11
      15
      12
      20
      17
      15
      13
      11
      10
      11
       9
      15
      17
       6
      10
      10
      13
      10
      14
       9
      14
      12
      11
      16
      11
      11
      14
      14
      12
      13
      14
      13
      14
      15
      11
       8
       7
       9
      13
      13
       9
      10
      16
      11
       9
      16
       6
      16
      13
      10
      12
      11
       7
      12
      14
       8
      18
      12
      11
      20
      14
      12
      13
       9
      11
      12
      22
      10
       8
      13
      14
       7
      11
      10
      14
       9
      13
       8
      13
      16
      19
      13
      14
      11
       8
      19
      12
      16
      10
      16
      11
      10
      19
      12
      16
      10
      13
      20
       6
      19
      14
      18
       9
      17
      12
      15
      19
      16
      16
      13
      12
      14
      11
      18
      20
      16
      10
      13
      15
      14
       7
      13
       7
       7
      14
      11
      13
      18
       9
      21
      15
      22
      19
      21
      24
      18
      26
      23
      15
      16
      18
      11
       9
      15
       8
      12
       9
      11
       8
       7
      14
      12
       9
       9
      14
      12
      12
      15
       7
      10
      16
      11
      17
      11
       8
       8
      14
      11
       8
      12
      11
      12
      11
      12
      10
      16
      11
      19
      10
       9
      11
       9
       8
      10
      14
      12
      14
      12
      10
       7
       8
       9
      17
      15
      16
      11
      12
       8
       7
      14
       9
      14
      13
      11
       8
      11
      14
      13
      14
      13
      18
      11
      14
      14
      16
      13
      12
       6
      11
      10
       9
      14
       9
      12
      14
      13
      11
      11
       9
       9
      12
      14
       8
      13
       6
      10
      11
       9
      12
      10
      14
      13
       7
      17
      16
      11
       8
       6
       9
      10
      12
       8
       8
      11
      15
       8
      14
      16
       6
       8
      12
       7
       8
      10
      11
       8
      11
      10
      13
       9
      10
      10
       4
      11
      12
      10
      13
      11
      13
       9
      19
      16
      11
      14
       7
      11
       9
      13
      16
      13
      18
      13
       7
      13
      16
       8
      13
      12
       5
      11
      10
      12
      16
      22
      11
      11
      14
      18
      12
      14
      13
      14
       5
      14
      12
      14
       6
      17
       5
      14
       7
      17
      12
       8
      14
       8
      12
      10
      17
       8
      13
      15
      10
      10
      15
      21
      22
      18
      15
      15
      18
      10
       6
      13
       9
      13
       6
      10
      14
      14
       9
       5
      11
      10
      13
       8
      10
      15
      10
      11
       9
      14
       3
      12
      10
      12
      11
      13
      12
      10
      13
       8
       9
      15
       8
      12
      13
      11
      15
      10
       8
      10
      14
      13
       9
       5
      16
      17
       6
       3
       9
       9
      15
      11
      13
      16
      11
       6
      20
      15
       5
      15
      10
      13
      11
       4
      11
      13
      15
      10
       6
      10
      13
       6
      11
       9
       8
      15
      15
      14
      16
      16
      17
       4
       9
       7
       9
      11
       9
       9
      13
       6
       8
      13
       9
       7
      12
      13
      12
       7
       9
       8
      11
      16
      10
       9
       7
      13
       9
      14
      10
      12
      10
       9
      10
      13
       9
      17
       8
      11
      11
      11
      13
      17
      14
       5
      12
      10
      10
       9
      14
      11
       7
       5
      10
      13
       8
      12
       9
       4
      17
       9
      10
      12
      12
      12
       9
       5
      10
       9
       9
      14
      16
      13
      10
       9
       7
       8
      12
       9
      15
      10
       8
       6
      11
      10
      11
      11
       9
      12
       6
      13
       4
       4
       7
       7
      12
       6
       9
       7
      12
       8
      17
      13
       9
      12
       9
       9
       9
      13
       3
       9
       7
       7
      18
       9
      12
       6
      12
       8
      12
       4
       6
      12
       2
      12
      14
      10
      11
      12
      11
       7
      13
       9
       8
      18
       8
      14
      10
      12
       8
      14
      15
      11
      10
      14
      15
       9
      11
       7
      12
      11
       7
      10
      13
       6
      10
       8
       8
      16
       8
       9
       7
      15
       4
       7
       7
       5
       6
      15
      10
      11
       8
       9
      10
      12
       9
      18
       8
       8
      13
      10
      20
      10
      10
      12
       8
      12
       9
      11
       9
       6
       9
      10
      10
       8
      13
       8
       8
      15
       9
       8
      12
       9
       7
       6
       8
       9
       6
       7
       8
       8
      10
      14
      11
       6
      11
       8
      13
      10
      10
      10
      13
      11
       7
      18
      10
      12
      11
      12
       8
      15
       9
       8
      10
       9
      14
      11
      14
      10
      11
      11
       9
       7
       9
      10
      12
       7
       9
       6
       8
      13
       8
      15
      12
       8
      12
      15
       7
       7
      13
       9
      12
      11
       6
       7
      10
      10
       4
       5
       6
      13
       7
       8
      12
       9
      10
      10
      11
      11
      14
       8
       6
      15
       5
       4
       9
       6
      14
      12
      14
       7
      11
      12
      11
       7
       7
       8
      12
      11
      11
      14
       5
      12
      10
      13
      13
       7
      11
       6
      11
       8
      10
      14
       5
       8
      14
      12
      10
      10
      13
       8
      14
      15
       9
       8
      12
       9
       8
       6
      13
      10
       6
      13
      10
      14
      11
      12
      10
       9
      14
      11
      16
       7
      12
      11
      12
       6
      10
      12
      12
      12
      12
       6
      12
      12
       7
      11
      12
       6
       8
      11
       9
       8
       5
       8
      10
       9
       7
      10
      11
       7
      10
       7
      10
      11
       7
      10
       6
      10
      10
       2
      14
       6
      12
      10
      11
      11
       5
       3
       8
       8
      10
       8
      10
      12
      15
      12
       9
       5
       4
      12
      10
       6
      10
       5
       9
      10
      11
      13
      16
       9
      11
       9
      10
       4
       6
      10
       7
       7
      17
       7
       6
      11
       9
      13
       6
      16
      14
       8
      10
       2
       9
       5
       6
       6
       9
      12
       9
       7
       8
       4
       9
       8
      13
      10
      10
      11
      17
       9
       9
       7
       7
       7
       5
       6
       8
      15
       7
      11
       2
       2
       6
       9
      12
       6
      17
       8
       9
      10
      10
      12
      11
      12
       4
      13
       4
       5
       6
      14
      11
       6
       6
       8
       8
      10
      10
       7
      12
       4
       6
      11
       9
       9
       7
      11
      10
      10
      14
      15
       5
       6
      10
       6
       6
       9
      17
      14
       5
       9
      10
      10
      10
       6
       8
      11
       5
      13
       5
       7
       5
       9
      12
       9
       7
      11
       7
       7
      12
       7
       9
       4
       6
       4
       9
       4
       7
       7
       6
       7
       7
       9
       9
       4
       8
       6
       6
       6
      10
       7
       6
      15
       7
       3
      12
       8
       8
      11
       8
       8
      10
       7
       5
       9
       9
       7
      15
       6
       9
       9
       7
       6
       8
      10
      10
       9
      10
       8
      11
       4
       4
       9
       7
       9
      10
       6
       8
      12
       7
       8
       9
      13
       4
      13
       9
       6
      12
       9
       7
       9
       5
      12
       7
      12
       3
      10
       5
      12
      10
       5
       5
       5
       9
       7
      10
       6
       6
      10
      10
       4
       6
       4
      12
       7
       9
      12
       7
      10
       3
       6
       8
       6
      17
       6
      11
       4
       8
      10
       6
       7
       7
       4
       4
       5
      13
       5
       9
       6
      12
       7
      11
      10
      14
       5
      10
      10
       3
      11
      11
       4
       9
      10
       7
       8
       3
       8
       3
       5
      10
      11
      10
       6
       6
       5
       7
       8
      14
       3
      10
       4
       8
       8
       7
      13
      13
      11
      10
       6
      13
       6
      17
       8
      16
       8
       8
       6
       6
       8
       6
       8
      13
       4
       9
      16
       4
      11
       8
      13
       4
       9
       8
      11
       9
       7
      10
      12
       6
       9
       3
       3
       7
       8
      10
      11
       8
       6
      11
      11
       6
      14
       9
       9
      13
      10
       4
       6
      12
       9
       5
      10
      11
       7
       5
       5
       5
       2
      11
       8
       9
       4
       5
       9
       6
       2
       9
      10
      12
      13
       9
       6
       8
       6
      10
       8
       8
       7
       9
       6
       6
       7
      10
       6
       8
       5
       8
       5
      10
       6
      10
       5
      10
       7
       6
      10
       6
       5
       8
       8
       8
       7
       7
       7
      10
       8
       5
       4
       6
       9
       7
       6
       9
       4
       5
       9
      11
       6
       4
       8
       8
       9
      12
      11
       5
       4
       8
      12
       7
       6
      10
       9
       5
       6
       8
       8
       4
      11
       3
       7
       8
      15
      14
       5
       6
      13
       7
      11
      15
      10
       7
      12
      14
       4
      11
      13
       6
       9
       7
       4
      10
       7
       6
      14
       5
      10
       9
       7
       7
       5
      10
       7
       4
       6
       5
      14
       7
       9
       7
       9
       5
       2
       6
       8
      13
       8
       8
      10
      12
       6
       4
       7
       2
      10
       7
       4
       2
       9
       6
       8
       7
       8
       8
      14
       7
       8
       8
      12
       7
       2
      11
       6
       9
      10
       9
       7
       4
       7
      11
       4
       6
       5
       7
      11
       7
       7
       7
       9
       7
       8
       5
       9
       6
       5
       7
       9
      13
       6
       9
      10
       7
       7
       4
       8
      10
       7
      11
       8
       6
       9
      10
       9
       6
       6
       5
       4
      16
      16
      10
      10
      12
       7
       8
       8
      12
      12
       7
      11
       6
       8
       7
       6
       4
       6
      12
       6
      12
       7
       8
       8
       3
       6
      10
       7
       6
       9
       7
       8
       4
       6
       9
       6
       6
       7
       7
      10
      11
       1
       4
       5
       9
       6
       9
      14
      11
       6
       7
      11
      14
       8
       5
       5
       9
      10
       7
       9
       9
      12
       5
       5
       7
       8
      12
       6
       6
       6
       7
       7
       6
       8
       5
      12
       5
       8
       5
       7
      11
       9
       6
       6
       9
       5
       6
      12
      13
       1
       6
      10
       4
      11
      11
       3
       0
       7
      11
       5
       7
       5
      11
       7
       6
       9
       7
      10
       4
      15
       1
       8
       9
       6
      10
       7
       4
       7
       2
      11
       3
       5
       3
       5
       7
       9
       7
       6
      10
       5
       7
       9
      10
       9
       8
       7
      10
       9
       9
       7
       9
       4
       8
       6
       4
       6
      10
       7
      10
       5
       6
       4
       7
       5
       6
       7
       8
       7
       5
      10
      10
       3
       7
       5
       7
       5
       6
       4
       7
       5
      10
       3
       7
       7
       8
       4
       8
       9
       6
      17
       9
      15
      11
      24
      30
      27
      27
      37
      27
      52
      50
      44
      34
      44
      34
      24
      24
      10
      13
      14
      11
       6
       4
       8
       2
       6
       5
       4
       9
       7
       7
       1
       4
       4
       6
       5
       5
       2
       8
       9
       8
       4
      10
       7
       7
       4
       8
       5
       4
       6
       8
       5
       7
       6
      10
       9
       2
       0
       9
       7
       2
       3
       1
       7
       5
       6
       4
       9
       6
       7
       8
      11
       6
       2
       3
       2
       7
       2
       8
       8
       4
       8
       7
       9
       6
       5
       6
       8
       5
      12
       7
       7
       6
       4
       4
       8
       4
       4
       5
       3
       0
       6
       6
       4
      10
       5
       9
      10
      10
       3
       4
       6
      10
       6
       7
      13
       5
       5
       3
       4
       6
       4
       7
       1
       5
       6
       5
       9
       6
       4
       9
       7
      10
       4
       8
       7
       4
       6
       7
       4
       4
       2
       5
       3
       6
       6
       9
       3
       5
       7
      10
       9
       6
       7
       2
       7
       5
       9
      13
       2
       5
       6
       5
       2
       5
       6
      11
       7
       4
      11
       8
       6
       4
       4
       5
       7
       7
       3
       6
      17
       2
      10
       6
      13
       7
       4
       6
       6
      10
       5
       0
       6
       5
       4
       3
       7
       3
       6
       5
       3
       8
       7
       6
       5
       3
      10
       7
       5
       3
      10
       9
       5
       9
       4
       6
       5
      10
       6
       3
       6
       6
       6
       5
       7
       5
       7
       5
       8
       9
      12
       8
       5
       2
      13
       4
       7
       4
       6
       3
       3
       4
       4
       7
       5
       7
      11
       7
       4
       2
       8
       6
       4
       5
       4
       5
       3
       3
      10
       9
       2
       3
       5
      12
       6
       8
       7
      10
       6
       3
       7
      10
       7
       4
       6
      10
       7
       6
       5
       7
       5
       4
       6
       8
       2
      14
       6
       2
       3
      10
       7
       5
       5
       8
       6
       6
       4
       3
       4
       6
       6
       1
       5
       8
       5
       2
       2
       7
       7
       3
       5
       5
       3
      12
       6
       9
       5
       4
      10
       4
       6
       6
       7
       5
       5
      10
       4
       4
       6
       5
       5
       3
       5
       6
       6
       7
       6
       9
       2
       3
       8
       5
       3
       6
       6
       9
       8
       5
       1
       4
       6
       4
       7
       4
       2
       2
       4
       4
       4
       6
       3
       3
       3
       2
       6
       8
       8
       4
       6
       6
       4
       2
       5
       7
       1
       7
       5
       4
       5
       9
       7
       9
       3
       7
       5
       7
       3
       8
      11
       7
       4
       6
       3
      14
       7
       4
       2
       7
       9
       9
      13
       4
       6
       6
       5
       4
      11
       4
       4
       7
       4
       5
       8
       5
       8
       2
       5
       4
       8
       7
       5
       5
       3
      11
       4
       4
       5
       6
       5
       8
       6
       8
       1
       6
       9
       7
       2
      10
      11
       8
      14
       6
      11
       5
       9
       5
       2
       3
       8
       6
       7
       6
       6
       8
       5
       7
       3
       3
       5
       9
       5
       7
       7
       7
       2
       8
      10
       6
       6
       7
       9
       1
       7
       3
       8
       9
       7
       2
       9
      14
       5
       4
       4
       4
      11
       6
       5
       0
       8
       7
       6
       9
       7
       8
       5
       3
       7
       1
       9
       8
       7
       6
       5
       5
       6
       4
       0
       4
       6
       4
       6
       4
       4
       2
       5
       5
       6
      11
       4
       3
       8
       3
       7
       5
       5
       7
       3
       1
       5
       5
       5
       8
       6
       7
       3
       9
       4
       7
       5
       5
       7
      11
       4
       2
       3
       5
       5
       4
       5
       4
       2
       1
       1
       3
       4
       9
       6
       3
       2
       2
       1
       6
       6
       5
       4
       5
       3
       5
       8
       5
      10
       5
       3
       4
       7
       5
       4
       4
       8
       9
       4
       7
       9
       6
       4
       1
       5
       4
       3
       3
       3
       7
      10
       5
       6
       6
      10
       6
       9
       3
       3
       9
       5
       6
       5
       5
       4
       5
       3
       7
       8
       4
       3
       7
       8
       4
      10
       7
       3
       5
      11
       8
       7
       5
       4
       7
       4
       6
       6
       2
       5
       4
       6
       4
       4
       6
       4
       3
       5
       6
       6
       1
       8
       5
       1
       4
       9
       4
       2
       2
       7
       6
       3
       4
       3
       5
       4
       3
       6
       3
       5
       3
       3
       3
       6
       4
       3
       6
       5
       6
       9
       2
       7
       4
       4
       7
       3
       5
       6
       5
       2
       5
       4
       7
       6
       4
       3
       2
       7
       4
       6
       2
       5
       1
       8
       6
       3
       4
       4
       2
       5
       7
       7
       8
       4
       7
       3
       2
       5
       4
       3
       2
       7
       2
       5
       5
       4
       2
       5
       5
       3
       2
      11
       3
       7
       4
       3
       6
       9
       2
       7
       6
       7
       5
       4
       5
       6
       6
       6
       3
       5
       6
       5
       6
       6
       3
       6
       6
       7
       2
       7
       5
       4
       5
       2
       7
       1
       5
       5
      10
       3
       3
       6
       9
       3
      10
       5
       4
       2
       8
       6
       4
       3
       5
       7
       4
       2
       5
       3
       3
       6
       4
       3
       4
       2
       6
       5
       7
       5
       6
       3
       3
       6
       2
       5
       1
       4
       7
       5
       7
       7
       4
       5
       3
       4
       4
       9
       8
       7
       2
       8
      10
       7
       5
       3
       5
       3
       3
       4
       5
       7
       3
       3
       3
       7
       7
       6
       4
       8
       1
       7
       7
       8
       5
       4
       4
       6
      10
       6
       7
       5
       5
       6
       8
       5
       6
       3
       4
       4
       3
       4
       2
       7
       8
       4
       2
       8
       2
       5
       3
       5
       6
      10
       2
       6
       5
       4
       3
       5
       3
       5
       3
       7
       5
       3
       4
       5
       6
       1
       6
       7
       7
       1
       1
       6
       8
       5
       5
       7
       1
       4
       6
       4
       5
       5
       4
       4
       5
       1
       3
       3
       5
       4
       3
       5
       6
       7
       8
       1
       6
       5
      10
       3
       2
       7
       3
       5
       4
       5
       1
       6
       4
       4
       1
       6
       4
       4
       2
       3
       9
       6
       8
       4
       5
       4
       5
       5
       5
       4
       5
       3
       4
       5
       5
       5
       4
       4
       5
       5
       9
       5
       4
       3
       5
       3
       3
       3
       3
       3
       5
       4
       7
       9
       3
       6
       2
       7
       6
      14
       5
       4
      13
       6
      11
       5
       5
      10
       3
       6
       6
       3
       6
       5
       2
      10
       5
       5
       4
       4
       7
       1
       3
       6
       5
       2
       4
       3
       4
       5
       5
       2
       2
       6
       3
       5
       4
       4
       5
       4
       6
       6
       5
       2
       6
       4
       3
       5
       5
       0
       5
       8
       8
       4
       7
       6
       6
       7
       2
       5
       5
       9
       4
       4
       7
       3
       6
       5
       6
       6
       2
       3
       4
       4
       1
       8
       5
       4
       6
       6
       0
       4
       1
       3
       5
       2
       3
       2
       2
       6
       5
       5
       3
       1
       1
       7
       1
       8
       2
       3
       3
       7
       6
       1
       2
       6
       6
       4
       5
       1
       2
       7
       1
       2
       3
       9
       4
       6
       7
       7
      10
      12
      10
      16
      12
      12
      19
      16
      19
      18
      18
      13
       9
      13
       9
       4
       6
       9
       2
       6
       5
       5
       6
       4
       3
       3
       6
       3
       4
       3
       3
       2
       8
       2
       1
       4
       6
       1
       1
       0
       5
       4
       6
       1
       2
      10
       8
       9
       3
       6
       3
       5
       9
       1
       4
       7
       5
       9
       8
       4
       4
       7
       4
       3
       3
       3
       4
       4
       3
       5
       1
       2
       3
       3
       1
       3
       6
       0
       4
       4
       7
       1
       2
       8
       7
       3
       0
       1
       8
       2
       3
       5
       3
       4
       2
       6
       3
       7
       6
       2
       3
       1
       2
       2
       4
       5
       8
       3
       2
       4
       7
       5
       3
       6
       2
       5
       1
       4
       3
       2
       2
       3
       4
       2
       4
       3
       2
       4
       4
       5
       2
       3
       6
       4
       5
       1
      10
       8
       3
       2
       5
       1
       4
       4
       3
       4
       3
       3
       1
       0
       3
       0
       2
       6
       3
       5
       9
       2
       3
       1
       6
       3
       3
       6
       6
       3
       2
       0
       1
      10
       3
       7
       1
       4
       5
       5
       8
       4
       3
       6
       3
       4
       2
       4
       8
       4
       6
       5
       0
       2
      10
       2
       2
       6
       3
       6
       4
       3
       2
       9
       2
       6
       4
       3
       6
       4
       7
       6
       4
       1
       4
       3
       2
       6
       2
       2
       5
       1
       6
       3
       5
       5
       6
       4
       6
       3
       6
       0
       3
       4
       6
       4
       4
       1
       2
       4
       3
       4
       5
      10
       3
       1
       3
       5
       4
       2
       3
       4
      11
       3
       8
       5
       4
       4
       5
       8
       5
       4
       4
       5
       4
       3
       7
       2
       1
       8
       2
       3
       4
       1
       6
       4
       6
       6
       5
       4
       3
       2
       1
       4
       5
       4
       1
       3
       3
       2
       4
       5
       5
       5
       6
       8
       5
       3
       4
       3
       4
       2
       3
       1
       4
       7
       8
       1
       4
       9
       6
       8
       5
       5
       7
       7
       2
       3
       4
       6
       2
       2
       2
       2
       5
       2
       2
       3
       4
       7
       3
       3
       2
       4
       4
       6
       3
       3
       4
       3
       4
       6
       2
       4
       4
       2
       2
       2
       5
       2
       4
       3
       4
       7
       3
       6
       6
       7
       3
       4
       2
       3
       1
       2
       5
       7
       7
       2
       2
       3
       4
       3
       3
       8
       7
       5
       5
       6
       6
       6
       4
       5
       3
       4
       1
       6
       5
       2
       3
       3
       4
       9
       5
       4
       5
       5
       4
       5
       4
       1
       6
       1
       5
       2
       0
       6
       1
       3
       6
       5
       1
       3
       1
       8
       8
       3
       4
       4
       6
       2
       3
       1
       1
       4
       4
       8
       7
       2
       3
       5
       5
       4
       2
       4
       4
       5
       2
       4
       4
       5
       5
       4
       2
       5
       4
       3
       3
       6
       6
       3
       2
       8
       1
       4
       3
       7
       5
       1
       6
       7
       7
       9
       3
       3
       2
       1
       4
       2
       5
       3
       4
       4
       3
       4
       6
       2
       6
       5
       6
       4
       3
       4
       6
       4
       2
       4
       0
       3
       4
       3
       4
       7
       6
       1
       5
       3
       6
       4
       4
       3
       3
       7
       3
       4
       1
       1
       2
       5
       7
       3
       1
       3
       2
       2
       3
       2
       3
       6
       0
       3
       2
       5
       2
       2
       9
       7
       5
       4
       4
       3
       4
       5
       5
       2
       3
       2
       2
       7
       1
       4
       2
       1
       2
       5
       1
       4
       0
       0
       6
       9
       0
       4
       3
       3
       2
       0
       6
       3
       5
       4
       6
       3
       8
       6
       1
       4
       4
       3
       4
       4
       3
       3
       5
       4
       3
       2
       2
       5
       4
       7
       7
       3
       3
       4
       2
       2
       2
       3
       5
       1
       6
       5
       5
       6
       5
       5
       2
       5
       4
       6
       4
       4
       4
       4
       4
       4
       4
       1
       3
       3
       3
       1
       7
       1
       2
       3
       3
       2
       5
       5
       4
       2
       3
       6
       5
       1
       1
       3
       1
       4
       4
       4
       0
       6
       3
       5
       4
       4
       7
       6
       2
       3
       3
       5
       2
       4
       4
       2
       5
       3
       3
       2
       2
       4
       4
       5
       4
       9
       1
       3
       3
       2
       3
       3
       5
       2
       2
       4
       2
       4
       4
       2
       5
       5
       3
       8
       5
       1
       7
       7
       2
       2
       4
       0
       1
       3
       5
       3
       2
       4
       4
       2
       4
       1
       0
       5
       3
       5
       1
       3
       3
       4
       5
       4
       4
       3
       3
       5
       4
       1
       4
       4
       3
       5
       3
       3
       6
       1
       3
       1
       1
       2
       6
       1
       3
       2
       1
       4
       1
       2
       4
       2
       1
       2
       4
       3
       3
       2
       1
       1
       6
       2
       4
       1
       3
       1
       5
       2
       3
       3
       4
       3
       3
       2
       5
       6
       4
       6
       4
       4
       2
       2
       3
       1
       1
       6
       3
       5
       4
       6
       3
       3
       3
       3
       2
       2
       1
       2
       5
       5
       4
       5
       2
       7
       3
       4
       7
       6
       3
       3
       1
       7
       2
       4
       3
       2
       6
       3
       3
       2
       6
       2
       9
       5
       3
       4
       7
       4
       5
       5
       3
       2
       4
       1
       1
       5
       6
       6
       2
       3
       3
       3
       2
       5
       4
       1
       2
       2
       4
       4
       2
       2
       1
       5
       4
       2
       6
       2
       3
       2
       2
       2
       6
       2
       6
       3
       6
       7
       4
       3
       4
       4
       2
       5
       4
       4
       5
       3
       4
       3
       1
       2
       3
       2
       2
       3
       5
       3
       4
       2
       4
       3
       3
       3
       4
       3
       3
       3
       2
       1
       4
       3
       4
       3
       3
       3
       2
       4
       2
       2
       4
      10
       3
       3
       3
       5
       1
       4
       2
       4
       8
       5
       1
       4
       1
       6
       3
       9
       1
       5
       1
       4
       4
       3
       5
       6
       2
       1
       3
       6
       1
       2
       5
       5
       4
       5
       5
       4
       7
       0
       1
       6
       5
       6
       3
       2
       4
       2
       6
       2
       3
       1
       2
       9
       6
       3
       4
       6
       2
       3
       1
       2
       2
       3
       6
       6
       2
       3
       4
       5
       4
       0
       3
       5
       6
       1
       3
       1
       1
       4
       1
       3
       3
       2
       4
       1
       2
       5
       4
       4
       2
       2
       1
       0
       0
       2
       3
       4
       7
       4
       4
       2
       5
       1
       4
       3
       1
       3
       2
       1
       4
       1
       3
       4
       7
       1
       3
       3
       6
       3
       4
       2
       1
       0
       5
       1
       1
       4
       3
       2
       3
       4
       1
       5
       4
       3
       3
       4
       5
       6
       3
       3
       3
       3
       4
       1
       1
       2
       2
       8
       5
       0
       6
       4
       4
       1
       2
       8
       5
       3
       4
       2
       4
       5
       4
       5
       6
       4
       1
       2
       2
       3
       4
       8
       2
       2
       0
       4
       4
       4
       4
       2
       5
       1
       1
       2
       2
       8
       5
       2
       2
       4
       0
       2
       3
       2
       4
       9
       4
       2
       2
       6
       4
       3
       3
       0
       0
       2
       4
       2
       4
       4
       7
       3
       1
       3
       5
       5
       4
       5
       6
       1
       0
       1
       2
       3
       0
       4
       7
       3
       3
       1
       2
       6
       3
       1
       1
       2
       2
       4
       4
       1
       1
       2
       1
       2
       0
       3
       3
       4
       1
       2
       3
       3
       1
       2
       4
       0
       1
       2
       3
       4
       2
       4
       2
       2
       2
       2
       7
       2
       6
       3
       4
       2
       1
       0
       3
       2
       2
       4
       5
       3
       4
       5
       1
       2
       1
       2
       5
       2
       5
       5
       4
       0
       3
       1
       7
       4
       2
       0
       3
       5
       4
       2
       1
       6
       2
       2
       2
       3
       3
       4
       6
       3
       2
       4
       4
       4
       7
       6
       4
       0
       3
       5
       6
       5
       7
       6
       8
       6
       9
       9
       6
       4
       4
       4
       7
       6
       4
       6
       4
       3
       6
       1
       4
       1
       2
       5
       3
       2
       2
       3
       4
       3
       0
       3
       1
       2
       4
       3
       7
       2
       3
       5
       6
       4
       5
       3
       1
       1
       4
       1
       3
       5
       5
       3
       5
       4
       2
       3
       3
       5
       3
       7
       5
       3
       1
       4
       8
       3
       3
       2
       5
       2
       3
       3
       2
       3
       2
       7
       3
       3
       2
       5
       4
       2
       4
       1
       4
       4
       3
       2
       0
       5
       4
       1
       4
       1
       1
       6
       6
       2
       2
       1
       4
       5
       5
       3
       2
       3
       4
       2
       4
       3
       4
       0
       2
       1
       2
       0
       1
       2
       2
       3
       3
       1
       3
       4
       0
       1
       3
       5
       1
       1
       5
       2
       4
       2
       2
       3
       5
       6
       3
       3
       2
       1
       3
       4
       5
       1
       6
       3
       1
       2
       4
       2
       5
       3
       3
       1
       1
       7
       4
       2
       2
       4
       4
       2
       0
       5
       0
       2
       2
      10
       4
       3
       2
       4
       1
       1
       4
       3
       3
       2
       4
       5
       1
       3
       1
       4
       3
       1
       4
       1
       0
       1
       5
       5
       3
       4
       1
       5
       3
       3
       2
       1
       2
       5
       3
       1
       3
       0
       4
       2
       3
       5
       2
       2
       3
       4
       1
       5
       5
       4
       2
       4
       0
       4
       1
       5
       5
       2
       2
       3
       3
       3
       3
       5
       7
       0
       0
       1
       5
       1
       4
       3
       4
       2
       6
       0
       3
       2
       4
       4
       2
       2
       3
       4
       2
       1
       8
       5
       3
       4
       4
       2
       3
       1
       5
       4
       1
       1
       5
       5
       3
       2
       1
       3
       1
       2
       2
       1
       4
       2
       1
       1
       7
       3
       4
       2
       1
       2
       2
       5
       3
       4
       4
       3
       7
       2
       4
       3
       5
       2
       4
       3
       3
       3
       6
       5
       5
       4
       1
       5
       6
       2
       4
       3
       0
       2
       2
       3
       5
       2
       4
       4
       4
       1
       5
       5
       4
       2
       4
       5
       6
       6
       3
       1
       4
       2
       1
       3
       3
       3
       0
       3
       2
       3
       6
       4
       7
       4
       1
       2
       2
       4
       5
       5
       6
       1
       3
       3
       3
       6
       3
      10
       4
      10
       4
      10
       5
       3
       5
       5
       4
       6
       6
       9
       4
       5
       5
       5
       6
       4
       0
       3
       9
       3
       3
       3
       0
       3
       2
       6
       1
       4
       1
       3
       3
       2
       3
       2
       3
       1
       1
       4
       2
       3
       2
       3
       5
       1
       4
       4
       2
       1
       5
       3
       3
       1
       4
       3
       7
       2
       2
       4
       5
       2
       0
       1
       3
       4
       3
       3
       1
       3
       2
       4
       6
       4
       4
       1
       0
       5
       1
       2
       1
       2
       0
       0
       1
       2
       4
       2
       1
       2
       5
       1
       2
       2
       2
       1
       3
       5
       2
       4
       3
       1
       3
       5
       4
       8
       4
       5
       2
       4
       2
       3
       2
       3
       2
       2
       1
       2
       4
       4
       1
       1
       3
       2
       2
       5
       4
       0
       5
       0
       1
       4
       3
       6
       7
       1
       2
       4
       1
       3
       0
       6
       4
       6
       4
       2
       1
       1
       6
       4
       2
       2
       4
       0
       2
       3
       0
       3
       5
       2
       2
       1
       3
       1
       1
       4
       2
       2
       1
       4
       3
       2
       6
       2
       1
       5
       0
       4
       5
       3
       2
       2
       4
       4
       1
       3
       4
       0
       0
       0
       0
       0
       0
       0
       0
       0
       0
       0
       0
       0
       0
       0
       0
       0
       0
       0
       0
       0
       0
       0
       0
       0
       0
       0
       0
       0
       0
       0
       0
       0
       0
       0
       0
       0
       0
       0
       0
       0
       0
       0
       0
       0
       0
       0
       0
       0
       0
       0
       0
       0
       0
       0
       0
       0
       0
       0
       0
       0
       0
       0
       0
       0
       0
       0
       0
       0
       0
       0
       0
       0
       0
       0
       0
       0
       0
       0
       0
       0
       0
       0
       0
       0
       0
       0
       0
       0
       0
       0
       0
       0
       0
       0
       0
       0
       0
       0
       0
       0
       0
       0
       0
       0
       0
       0
       0
       0
       0
       0
       0
       0
       0
       0
       0
       0
       0
       0
       0
       0
       0
       0
       0
       0
       0
       0
       0
$ROI:
0
$PRESETS:
None
0
0
$ENER_FIT:
-2.173939 0.279251
$MCA_CAL:
3
-2.173939E+000 2.792507E-001 0.000000E+000 keV
$SHAPE_CAL:
3
1.571259E+001 -1.155430E-003 0.000000E+000
