$SPEC_ID:
226Ra
$SPEC_REM:
DET# 1
DETDESC# MCB 132 Input 1
AP# Maestro Version 6.06
$DATE_MEA:
12/03/2021 09:35:54
$MEAS_TIM:
257824 257844
$DATA:
0 8191
       0
       0
       0
       0
       0
       0
       0
       0
       0
       0
       0
       0
       0
       0
       0
       0
       0
       0
       0
       0
       0
       0
       0
       0
       0
       2
    2059
   16209
    1538
     589
     536
     522
     564
     577
     580
     632
     617
     623
     615
     598
     644
     737
     704
     666
     559
     455
     506
     467
     457
     403
     427
     418
     416
     430
     406
     375
     377
     330
     400
     371
     379
     311
     313
     356
     347
     327
     307
     282
     313
     310
     299
     282
     278
     266
     295
     257
     272
     254
     262
     231
     283
     230
     278
     231
     260
     237
     246
     248
     226
     233
     229
     214
     250
     206
     218
     230
     217
     210
     230
     209
     214
     214
     204
     209
     213
     210
     192
     232
     208
     191
     209
     194
     186
     187
     188
     211
     206
     172
     185
     194
     178
     178
     185
     184
     189
     179
     176
     159
     169
     195
     167
     192
     191
     169
     184
     176
     173
     169
     164
     182
     181
     176
     179
     132
     165
     189
     179
     154
     172
     164
     166
     167
     182
     170
     170
     179
     156
     174
     158
     180
     172
     152
     152
     161
     159
     137
     170
     176
     177
     181
     203
     296
     322
     313
     233
     165
     166
     145
     151
     158
     146
     170
     166
     180
     146
     166
     158
     148
     137
     156
     175
     140
     152
     167
     187
     190
     200
     200
     217
     211
     179
     167
     156
     146
     161
     166
     169
     139
     165
     183
     160
     175
     188
     163
     156
     177
     190
     176
     203
     199
     205
     185
     172
     167
     146
     169
     163
     172
     186
     200
     300
     426
     502
     415
     292
     176
     176
     170
     167
     165
     170
     162
     185
     176
     180
     184
     154
     168
     146
     167
     183
     186
     190
     189
     216
     173
     196
     207
     182
     191
     185
     195
     182
     175
     201
     222
     278
     236
     210
     176
     161
     234
     316
     351
     353
     299
     241
     202
     177
     206
     244
     244
     278
     231
     220
     178
     176
     176
     201
     176
     195
     181
     159
     211
     193
     213
     210
     208
     198
     178
     200
     199
     184
     204
     208
     217
     284
     306
     327
     299
     297
     218
     206
     204
     188
     192
     224
     254
     243
     241
     215
     206
     178
     196
     189
     191
     211
     243
     230
     221
     207
     186
     234
     253
     424
     660
     919
     887
     754
     563
     356
     274
     242
     210
     221
     186
     202
     199
     188
     192
     165
     172
     174
     193
     171
     202
     228
     231
     236
     237
     193
     187
     196
     203
     177
     207
     205
     186
     192
     178
     163
     195
     199
     175
     203
     200
     187
     185
     187
     203
     165
     221
     172
     203
     193
     201
     213
     180
     201
     176
     215
     181
     204
     201
     214
     193
     218
     204
     223
     203
     184
     198
     208
     195
     210
     224
     236
     218
     242
     217
     225
     218
     200
     221
     207
     195
     196
     216
     194
     189
     227
     196
     198
     166
     205
     223
     174
     197
     178
     208
     196
     196
     180
     192
     199
     200
     194
     192
     223
     217
     193
     194
     200
     219
     174
     183
     217
     187
     182
     219
     205
     205
     214
     192
     208
     204
     201
     181
     194
     206
     185
     216
     193
     183
     201
     215
     197
     222
     214
     186
     219
     207
     201
     231
     211
     204
     227
     190
     199
     186
     217
     195
     215
     180
     203
     193
     200
     209
     199
     201
     218
     211
     218
     210
     198
     202
     205
     221
     191
     218
     207
     196
     199
     214
     196
     221
     226
     188
     187
     190
     201
     181
     186
     213
     192
     185
     198
     245
     273
     321
     271
     254
     222
     189
     194
     208
     178
     179
     196
     191
     195
     199
     203
     198
     176
     186
     214
     192
     218
     187
     190
     194
     204
     190
     194
     176
     196
     173
     196
     202
     187
     174
     192
     195
     160
     206
     192
     208
     187
     179
     202
     204
     216
     180
     208
     195
     180
     190
     195
     197
     194
     243
     190
     214
     196
     205
     187
     209
     177
     186
     171
     167
     190
     190
     182
     195
     206
     233
     212
     261
     235
     213
     191
     184
     182
     214
     194
     204
     193
     180
     195
     217
     192
     213
     182
     170
     187
     205
     192
     176
     169
     173
     152
     210
     170
     187
     185
     182
     181
     176
     185
     180
     181
     178
     185
     212
     181
     187
     144
     189
     197
     207
     200
     189
     199
     198
     208
     172
     209
     202
     179
     210
     176
     196
     193
     190
     199
     216
     185
     184
     192
     152
     184
     180
     168
     172
     180
     203
     200
     200
     191
     192
     195
     183
     184
     228
     281
     496
     712
     721
     678
     462
     308
     199
     171
     169
     159
     169
     172
     202
     181
     179
     158
     164
     191
     193
     164
     180
     182
     166
     179
     166
     175
     189
     173
     197
     166
     202
     185
     194
     183
     178
     178
     167
     185
     179
     156
     166
     164
     174
     195
     178
     196
     174
     200
     191
     178
     169
     160
     155
     171
     174
     162
     177
     158
     198
     179
     165
     187
     156
     180
     167
     174
     178
     163
     172
     170
     185
     199
     204
     193
     206
     193
     180
     170
     146
     178
     165
     133
     170
     177
     175
     174
     195
     185
     161
     181
     179
     155
     162
     175
     164
     175
     162
     162
     163
     166
     171
     179
     180
     157
     139
     163
     180
     142
     153
     187
     147
     149
     163
     177
     165
     153
     168
     178
     152
     171
     176
     184
     159
     163
     149
     158
     148
     186
     143
     176
     159
     159
     136
     140
     168
     170
     167
     149
     146
     165
     158
     158
     160
     137
     133
     138
     142
     147
     166
     180
     162
     139
     154
     162
     162
     125
     151
     173
     131
     140
     170
     156
     157
     148
     144
     141
     159
     149
     132
     146
     156
     139
     156
     146
     152
     150
     159
     156
     137
     149
     150
     129
     140
     154
     143
     137
     138
     165
     207
     312
     345
     410
     380
     264
     190
     143
     132
     149
     166
     167
     178
     170
     169
     156
     160
     140
     157
     149
     123
     147
     129
     116
     139
     147
     135
     146
     136
     145
     138
     132
     137
     137
     130
     153
     140
     132
     155
     144
     146
     129
     120
     125
     139
     138
     116
     155
     149
     146
     132
     139
     140
     124
     124
     140
     121
     128
     133
     116
     134
     139
     142
     137
     146
     142
     139
     137
     130
     130
     138
     130
     140
     145
     162
     135
     133
     132
     132
     133
     139
     131
     138
     141
     142
     128
     137
     117
     115
     123
     121
     136
     113
     136
     128
     136
     156
     135
     108
     123
     128
     127
     130
     121
     136
     130
     129
     119
     114
     124
     129
     135
     135
     140
     142
     135
     156
     122
     139
     138
     138
     123
     114
     129
     131
     100
     103
     137
     126
     119
      99
     104
     141
     134
     137
     131
     136
     126
     138
     132
     114
     144
     136
     135
     130
     120
     141
     122
     107
     114
     120
     119
     111
     117
     115
     112
     126
     118
     108
     120
     108
     126
     115
     119
     112
     123
     129
     110
     118
     112
     107
     102
     129
     112
     127
     108
     131
     115
     111
     121
     127
     114
     102
     111
     133
     113
     116
     121
     105
     109
     116
     115
     132
     125
      98
     106
     118
     120
     129
     119
     125
     116
     124
     120
     142
     133
     143
     124
     101
     112
     121
     116
     102
     105
     114
     121
     114
     114
     117
     104
     109
     116
     127
     121
     122
     125
     105
     105
     111
     113
     106
     125
     106
     112
     118
     102
     107
     132
     104
     135
      96
     109
     100
     108
     111
     116
     115
     110
     117
     112
     123
     117
     107
     114
     113
     104
     118
     117
     108
     118
      89
     106
     122
     108
     114
     119
     122
     103
      97
     107
     108
     113
     112
     101
     118
     110
     106
     118
     109
     108
      95
      98
     100
     105
     123
     115
     130
      91
     113
      95
     101
     108
     118
     129
     110
     113
     120
      83
     102
     102
     115
      99
     103
     109
     106
      99
      91
     117
      93
     111
     123
     132
     104
     101
      92
      96
     120
     125
     109
     101
     109
     111
     108
      98
     126
     126
     103
     104
     119
      96
     105
     112
     122
     105
     101
     100
     103
      92
     111
     104
      97
      87
     115
      97
      99
      99
     117
      96
     101
     101
     111
     100
      86
      91
     108
     109
     102
     132
     121
     143
     125
     124
     106
     107
      98
     116
      97
     106
      91
     107
      93
      86
      78
      86
      93
      95
      95
     108
      87
      90
      93
     101
      93
     102
      90
      85
      96
     102
      90
      93
     100
      96
      92
     101
      96
      99
      94
     112
     104
      96
      86
     105
     102
      98
     110
      96
     143
     143
     112
     113
     112
     109
      99
      90
      88
     100
      87
      96
      94
     100
     104
     101
      78
      99
      86
      90
      99
     107
      87
     107
      90
      84
      97
      82
      88
      84
      85
      94
      74
      87
      82
      87
      84
      75
      90
      90
      88
      95
      72
      83
      89
      81
      81
     107
      98
      86
      90
      80
      91
      88
      86
      65
      83
      81
      92
      81
      79
      77
      81
      86
      74
      75
      87
      82
      91
      79
      92
      96
      74
      68
     100
      77
      82
      95
      75
      92
      82
      70
      90
      87
      84
      72
      87
      78
      82
      78
      80
      71
      82
      84
      80
      86
      85
      81
      78
      82
      85
      91
      96
      98
      85
      84
      77
      78
      92
      86
      80
      93
      85
      71
      79
      79
      91
      78
      80
      72
      62
      78
      84
      76
      84
      88
      96
      73
      78
      90
      74
      82
     103
      89
      86
      80
      81
      85
      84
      70
      72
      73
      80
      79
      82
      83
      71
      76
      76
      76
      68
      81
      68
      64
      70
      73
      76
      78
      78
      96
      96
      76
      89
      81
      86
      90
      94
      70
      86
      85
      89
      82
      82
      75
      85
      78
      74
      67
      82
      87
      82
      94
      80
      86
      73
      78
      68
      71
      72
      85
      69
      83
      82
      78
      69
      66
      89
      93
      80
      68
      76
      78
     100
      84
      77
      70
      91
      82
      77
      73
      77
      75
      82
      79
      67
      86
      65
      67
      75
      81
      75
      87
      79
      66
      78
      58
      77
      77
      73
      83
      65
      69
      85
      71
      92
      67
      74
      90
      85
      65
      81
      77
      94
      86
      80
      72
      93
      73
      76
     100
      73
      95
      65
      81
      78
      84
      73
      82
      96
      76
      81
      82
      94
      67
      71
      78
      69
      72
      77
      69
      74
      73
      72
      68
      65
      64
      76
      76
      84
      64
      77
      63
      82
      70
      74
      82
      85
      68
      99
     140
     236
     318
     447
     505
     445
     354
     255
     150
     116
      79
      83
      63
      62
      72
      71
      80
      74
      70
      78
      69
      77
      74
      82
      65
      60
      77
      78
      66
      82
      71
      61
      77
      77
      64
      64
      51
      69
      65
      58
      68
      61
      63
      62
      64
      62
      63
      65
      77
      68
      70
      79
      57
      51
      70
      73
      85
      56
      64
      74
      53
      72
      61
      72
      64
      67
      75
      59
      62
      77
      67
      76
      71
      64
      51
      71
      75
      65
      62
      69
      67
      59
      74
      65
      66
      56
      67
      71
      88
      63
      70
      78
      75
      70
      57
      63
      66
      63
      61
      67
      61
      75
      64
      79
      56
      76
      69
      87
      84
      82
      67
      66
      73
      82
      65
      59
      63
      75
      74
      80
      67
      83
      71
      64
      71
      60
      54
      69
      68
      77
      68
      70
      64
      62
      59
      73
      70
      69
      81
      77
      66
      85
      58
      63
      69
      59
      58
      66
      62
      61
      67
      74
      57
      60
      67
      58
      70
      72
      74
      53
      67
      73
      61
      65
      68
      57
      57
      63
      66
      55
      67
      57
      55
      61
      63
      75
      51
      55
      66
      72
      57
      59
      65
      56
      56
      64
      69
      58
      60
      71
      61
      54
      46
      60
      62
      56
      62
      61
      64
      60
      66
      59
      53
      77
      59
      67
      59
      55
      66
      65
      54
      63
      66
      60
      59
      76
      58
      75
      56
      50
      53
      53
      53
      69
      62
      58
      77
      70
      53
      45
      61
      71
      74
      49
      70
      44
      64
      67
      55
      81
      59
      48
      62
      66
      58
      55
      67
      62
      58
      45
      70
      52
      54
      61
      55
      48
      52
      49
      54
      55
      61
      58
      48
      56
      60
      66
      78
      85
      94
      93
     115
     140
     144
     185
     256
     284
     349
     398
     426
     440
     437
     396
     353
     282
     225
     169
     157
     129
      90
      83
      81
      67
      52
      51
      61
      63
      61
      57
      65
      58
      57
      59
      41
      61
      46
      48
      52
      58
      43
      49
      58
      38
      55
      51
      39
      57
      58
      54
      56
      52
      51
      55
      51
      40
      51
      53
      60
      65
      64
      46
      55
      61
      53
      50
      47
      45
      58
      50
      56
      64
      58
      63
      62
      58
      47
      44
      47
      53
      48
      52
      60
      56
      44
      46
      65
      57
      45
      60
      49
      55
      54
      53
      46
      47
      67
      55
      52
      63
      54
      63
      57
      54
      51
      55
      60
      55
      39
      62
      41
      46
      59
      49
      49
      39
      47
      36
      57
      58
      49
      56
      39
      44
      53
      59
      44
      45
      46
      34
      39
      52
      53
      40
      44
      44
      44
      54
      44
      51
      43
      41
      48
      40
      51
      38
      42
      50
      47
      48
      45
      42
      50
      46
      33
      52
      50
      52
      45
      49
      51
      51
      40
      42
      39
      58
      51
      50
      48
      53
      51
      41
      41
      47
      44
      60
      52
      57
      47
      42
      34
      43
      48
      33
      48
      41
      52
      44
      36
      54
      40
      52
      39
      46
      47
      42
      46
      52
      52
      45
      44
      56
      42
      42
      55
      53
      43
      48
      39
      37
      45
      41
      55
      43
      40
      49
      54
      58
      67
      96
     103
      86
      69
      73
      56
      42
      70
      46
      50
      52
      41
      47
      65
      48
      50
      51
      39
      48
      47
      45
      52
      42
      44
      48
      42
      47
      35
      42
      43
      46
      38
      50
      28
      42
      45
      47
      40
      37
      39
      44
      40
      50
      44
      50
      45
      67
      92
      81
     118
      99
     110
      84
      69
      45
      38
      51
      46
      45
      37
      34
      39
      32
      38
      47
      41
      38
      55
      35
      57
      37
      40
      37
      41
      51
      43
      55
      44
      49
      47
      42
      36
      42
      53
      27
      36
      43
      40
      41
      51
      34
      38
      51
      52
      46
      42
      37
      53
      45
      51
      43
      40
      55
      45
      46
      40
      56
      51
      51
      53
      43
      45
      48
      62
      44
      60
      36
      50
      50
      48
      51
      56
      57
      56
      34
      53
      62
      45
      45
      45
      36
      49
      60
      54
      44
      45
      54
      40
      59
      49
      58
      68
      72
      69
      77
      51
      52
      50
      49
      33
      48
      55
      61
      58
      48
      81
     109
     161
     233
     316
     349
     318
     273
     196
     112
      76
      68
      45
      41
      39
      33
      38
      49
      46
      52
      42
      31
      24
      45
      39
      36
      29
      42
      40
      43
      34
      36
      29
      34
      37
      42
      33
      37
      42
      36
      40
      45
      46
      45
      33
      28
      37
      53
      41
      37
      39
      54
      43
      37
      32
      33
      42
      40
      36
      43
      42
      41
      37
      43
      34
      43
      45
      34
      39
      42
      49
      40
      35
      49
      39
      47
      37
      31
      40
      39
      34
      41
      52
      45
      46
      34
      36
      30
      44
      37
      41
      29
      40
      41
      59
      30
      50
      32
      33
      36
      32
      37
      43
      42
      39
      42
      37
      38
      49
      38
      36
      42
      39
      28
      35
      39
      45
      40
      32
      45
      37
      33
      38
      46
      39
      36
      40
      36
      35
      42
      35
      32
      41
      42
      37
      31
      33
      41
      38
      31
      43
      32
      35
      41
      46
      37
      29
      43
      47
      37
      46
      38
      28
      46
      33
      41
      41
      41
      39
      42
      31
      39
      29
      36
      34
      29
      39
      58
      68
      79
     155
     231
     335
     352
     421
     383
     352
     242
     152
     115
      68
      37
      48
      33
      30
      42
      36
      45
      65
      43
      52
      33
      31
      40
      39
      28
      33
      39
      33
      42
      41
      41
      50
      47
      44
      45
      40
      32
      32
      54
      45
      41
      38
      44
      42
      38
      38
      31
      35
      29
      39
      28
      37
      23
      42
      30
      36
      33
      36
      30
      40
      33
      30
      30
      38
      42
      31
      44
      45
      32
      34
      38
      35
      26
      32
      28
      38
      34
      33
      25
      38
      41
      36
      37
      37
      38
      34
      29
      35
      36
      32
      40
      35
      41
      27
      39
      44
      29
      37
      35
      32
      41
      35
      39
      32
      32
      40
      38
      35
      36
      38
      32
      35
      37
      38
      40
      37
      33
      36
      38
      48
      39
      30
      34
      37
      35
      34
      43
      40
      29
      48
      35
      39
      42
      44
      35
      27
      29
      52
      41
      49
      49
      46
      35
      45
      27
      50
      43
      32
      50
      42
      42
      37
      39
      36
      26
      36
      38
      32
      32
      35
      30
      28
      34
      42
      33
      38
      35
      36
      32
      42
      37
      38
      33
      45
      32
      36
      43
      45
      34
      35
      26
      35
      40
      43
      35
      34
      29
      41
      35
      42
      32
      31
      41
      42
      42
      30
      31
      32
      40
      26
      28
      45
      35
      38
      23
      30
      35
      37
      34
      41
      36
      31
      29
      42
      34
      43
      62
      89
     128
     177
     254
     267
     253
     237
     215
     146
      80
      56
      41
      40
      30
      24
      39
      38
      42
      38
      38
      44
      44
      40
      29
      37
      34
      24
      40
      35
      30
      29
      36
      31
      28
      31
      36
      30
      25
      36
      30
      34
      27
      43
      29
      26
      35
      23
      32
      32
      35
      32
      22
      37
      34
      31
      39
      28
      30
      37
      38
      24
      40
      35
      27
      38
      25
      24
      34
      30
      34
      26
      32
      38
      37
      33
      33
      44
      38
      47
      32
      28
      23
      25
      28
      36
      29
      29
      23
      32
      19
      33
      28
      27
      38
      39
      30
      35
      20
      30
      30
      32
      28
      31
      30
      30
      17
      25
      24
      38
      33
      38
      29
      24
      40
      31
      46
      40
      33
      33
      33
      31
      33
      49
      30
      29
      31
      33
      45
      25
      35
      27
      30
      32
      28
      34
      30
      33
      32
      21
      29
      32
      26
      22
      42
      38
      39
      25
      33
      26
      32
      31
      37
      43
      26
      38
      25
      40
      32
      43
      60
      41
      51
      38
      32
      34
      30
      26
      34
      30
      35
      35
      34
      29
      32
      31
      26
      34
      28
      36
      37
      23
      28
      33
      27
      24
      35
      20
      28
      29
      28
      25
      31
      35
      25
      23
      27
      24
      32
      23
      23
      29
      32
      25
      29
      27
      31
      35
      28
      30
      34
      43
      29
      29
      23
      28
      33
      28
      34
      27
      43
      28
      33
      28
      32
      26
      29
      29
      37
      38
      41
      28
      33
      26
      35
      28
      35
      29
      28
      23
      33
      33
      26
      26
      22
      32
      29
      30
      26
      33
      31
      37
      30
      25
      25
      34
      34
      31
      28
      30
      33
      32
      30
      30
      29
      29
      33
      33
      38
      24
      17
      22
      25
      29
      28
      35
      35
      24
      30
      28
      33
      19
      31
      27
      23
      31
      31
      35
      41
      35
      35
      52
      45
      29
      23
      25
      26
      26
      23
      32
      42
      34
      32
      37
      33
      34
      32
      31
      26
      31
      27
      25
      19
      14
      29
      18
      22
      28
      26
      23
      36
      31
      31
      34
      24
      33
      31
      29
      32
      26
      29
      24
      30
      25
      29
      21
      31
      32
      22
      31
      32
      36
      26
      34
      23
      30
      32
      20
      25
      28
      24
      36
      22
      22
      27
      20
      27
      35
      29
      28
      25
      22
      30
      30
      24
      19
      25
      24
      36
      27
      20
      30
      35
      32
      21
      37
      21
      29
      40
      23
      32
      29
      30
      32
      26
      29
      32
      16
      25
      23
      27
      37
      26
      27
      24
      21
      35
      19
      32
      21
      28
      30
      22
      33
      24
      30
      33
      33
      30
      24
      38
      28
      27
      29
      25
      25
      30
      28
      26
      34
      35
      25
      32
      29
      31
      27
      28
      35
      35
      30
      23
      21
      35
      31
      41
      21
      34
      30
      31
      30
      33
      24
      25
      25
      31
      26
      33
      25
      29
      37
      21
      34
      24
      26
      22
      23
      31
      22
      23
      31
      29
      28
      22
      24
      19
      32
      24
      29
      28
      31
      30
      27
      22
      24
      30
      22
      22
      31
      28
      18
      29
      22
      28
      32
      29
      30
      25
      33
      22
      25
      31
      25
      35
      31
      23
      39
      37
      31
      26
      28
      26
      31
      41
      28
      33
      24
      18
      25
      24
      37
      29
      17
      27
      36
      20
      23
      24
      25
      26
      18
      32
      25
      18
      34
      36
      26
      25
      26
      24
      30
      36
      29
      21
      31
      28
      26
      33
      23
      21
      26
      26
      27
      30
      19
      34
      24
      29
      31
      27
      25
      20
      22
      25
      28
      24
      30
      20
      29
      30
      30
      18
      22
      27
      24
      24
      17
      23
      24
      29
      33
      24
      19
      30
      18
      26
      21
      22
      21
      25
      20
      31
      34
      21
      21
      20
      20
      23
      29
      22
      34
      24
      22
      21
      27
      19
      32
      23
      24
      17
      28
      30
      21
      22
      28
      17
      23
      25
      23
      23
      20
      22
      26
      26
      20
      24
      30
      24
      31
      26
      25
      28
      18
      15
      26
      29
      29
      26
      21
      25
      30
      24
      29
      30
      26
      25
      28
      26
      21
      18
      24
      29
      20
      23
      16
      20
      27
      26
      23
      20
      21
      22
      29
      18
      25
      21
      24
      23
      20
      26
      18
      25
      25
      19
      16
      28
      14
      23
      27
      28
      31
      25
      32
      30
      41
      49
      57
      51
      50
      45
      47
      48
      32
      25
      31
      22
      30
      18
      18
      33
      19
      19
      23
      26
      19
      14
      22
      23
      22
      20
      20
      28
      17
      19
      20
      21
      18
      18
      19
      20
      18
      17
      25
      22
      35
      19
      30
      19
      22
      24
      31
      14
      28
      21
      25
      31
      25
      19
      17
      34
      16
      21
      21
      20
      30
      27
      27
      23
      19
      27
      24
      22
      22
      29
      31
      26
      31
      20
      12
      20
      27
      19
      20
      24
      26
      34
      27
      27
      28
      17
      20
      16
      22
      21
      25
      23
      21
      15
      23
      27
      25
      24
      26
      15
      21
      19
      21
      21
      23
      21
      19
      20
      18
      20
      22
      23
      24
      22
      19
      28
      23
      20
      10
      21
      29
      25
      24
      20
      23
      34
      25
      21
      24
      18
      17
      26
      15
      20
      25
      29
      28
      13
      21
      23
      23
      21
      14
      28
      27
      24
      24
      36
      21
      16
      20
      24
      30
      22
      18
      18
      27
      25
      17
      11
      14
      25
      13
      17
      13
      17
      14
      25
      21
      17
      18
      19
      23
      24
      23
      19
      19
      27
      21
      27
      28
      35
      27
      29
      34
      43
      36
      26
      30
      22
      26
      24
      29
      33
      13
      26
      33
      27
      26
      23
      16
      18
      22
      20
      37
      22
      30
      27
      30
      37
      45
      51
      41
      31
      32
      25
      25
      12
      20
      18
      17
      18
      22
      29
      28
      24
      22
      17
      19
      20
      13
      21
      25
      14
      19
      20
      26
      22
      20
      22
      20
      16
      22
      19
      22
      17
      15
      24
      20
      26
      20
      29
      19
      20
      22
      16
      28
      17
      16
      21
      27
      19
      20
      17
      27
      23
      28
      23
      24
      23
      19
      21
      26
      17
      27
      24
      16
      13
      28
      18
      18
      32
      31
      32
      17
      16
      18
      24
      21
      22
      21
      21
      21
      16
      12
      20
      17
      12
      25
      15
      19
      27
      15
      19
      32
      24
      22
      20
      23
      17
      17
      25
      19
      21
      23
      20
      28
      24
      28
      32
      38
      41
      32
      64
      72
      35
      47
      30
      30
      36
      24
      22
      21
      27
      28
      22
      21
      23
      14
      21
      27
      22
      10
      20
      19
      15
      21
      25
      25
      20
      20
      17
      22
      21
      24
      17
      17
      26
      26
      25
      21
      17
      25
      22
      22
      13
      25
      19
      18
      27
      26
      22
      23
      24
      21
      29
      20
      22
      20
      15
      16
      19
      18
      16
      22
      15
      21
      21
      23
      21
      26
      16
      29
      16
      22
      18
      20
      18
      12
      23
      26
      16
      19
      25
      20
      21
      20
      12
       8
      25
      21
      17
      23
      16
      23
      17
      17
      23
      18
      11
      14
      26
      22
      17
      25
      12
      23
      27
      26
      20
      22
      18
      15
      17
      16
      15
      12
      13
      21
      21
      15
      14
      17
      19
      21
       8
      26
      24
      13
      24
      21
      20
      22
      14
      19
      19
      17
      19
      27
      20
      24
      15
      23
      23
      18
      18
      20
      34
      18
      13
      25
      17
      25
      20
      15
      29
      19
      18
      22
      18
      15
      13
      18
      17
      24
      21
      18
      25
      30
      21
      16
      22
      22
      20
      21
      12
      19
      18
      15
      19
      32
      19
      13
      16
      19
      15
      18
      14
      14
      24
      19
      18
      28
      19
      19
      12
      10
      24
      22
      19
      18
      22
      31
      17
      21
      16
      20
      18
      17
      29
      23
      19
      20
      25
      25
      26
      20
      17
      33
      14
      15
      27
      21
      31
      30
      29
      38
      32
      33
      26
      25
      28
      28
      20
      22
      26
      19
       9
      20
      19
      15
      15
      20
      25
      14
      19
      18
      15
      24
      17
      20
      22
      18
      16
      13
      31
      17
      19
      17
      11
      18
      12
      14
      18
      21
      21
      25
      26
      16
      17
      12
      24
      21
      20
      17
      19
      20
      13
      21
      20
      16
      22
      27
      10
      17
      18
      13
      20
      22
      26
      14
      22
      23
      18
      18
      16
      21
      13
      15
      19
      20
      11
      15
      19
      24
      13
      20
      17
      23
      14
      10
      17
      24
      15
      18
      19
      11
      13
      15
      15
      16
      14
      13
      23
      19
      11
      14
      13
      13
      21
      17
      15
       9
      24
      20
      17
      14
      20
      15
      17
      14
      15
      16
      14
      12
      19
      23
      13
      13
      18
      15
      20
      15
      19
      19
      18
      23
       7
      26
      17
      11
      22
      16
      15
      20
       9
      21
      13
      21
      23
      14
      13
      18
      17
      25
      13
      22
      18
      24
      14
      26
      17
      11
      25
      24
      13
      12
      17
       8
      22
      15
      23
      21
      15
      20
      10
      17
      21
      16
      19
      17
      13
      15
      29
      11
      18
      18
      18
      13
      16
      11
      21
      22
      19
      24
      18
      29
      23
      17
      19
      10
      26
      22
      27
      20
      26
      34
      23
      32
      31
      22
      24
      26
      21
      22
      22
      22
      19
      19
      13
      15
      11
      16
      14
      18
      20
      19
      13
      13
      20
      12
      25
      16
      18
      12
      24
      19
      13
      16
      14
      23
      13
      11
      14
      20
      22
      14
      15
      11
      22
      15
      15
      11
      15
      19
      23
      15
      20
      18
      20
      14
      15
      19
      15
      19
      15
      19
      16
      12
      19
      16
      19
      12
       8
      21
      10
      19
      15
      20
      12
      17
      18
      17
      11
      23
      22
      16
      21
      14
      13
      20
      15
      19
      18
      23
      11
      17
      20
      13
      16
      15
      29
      13
      15
      17
      15
      14
      18
      15
      11
      18
      22
      21
      16
      14
      16
      16
      24
      17
      17
      17
      15
      27
      21
      18
      21
      11
      27
      15
      15
      16
      11
      19
      22
      23
      18
      19
      24
      19
      17
      18
      12
       9
      14
      25
      18
       9
      10
      18
      13
      18
      14
      17
      16
      13
      21
      20
      11
      16
      21
      17
      14
      17
      19
      15
      21
      15
       9
      26
      18
      19
      16
      12
      10
      15
      11
      21
       9
      19
      12
      14
      22
      23
      17
      13
       9
      15
       9
      20
      20
      14
      23
      15
      25
       9
      16
      20
       7
      21
      18
      10
      16
       9
      20
      12
      19
      12
      16
      15
      12
       9
      12
      14
      23
      16
      17
      11
      14
      19
      18
      12
      23
      18
      19
      18
      17
      13
      18
      14
      24
      14
      18
      24
      21
      13
      19
      29
      12
      16
      14
      13
      19
      17
      17
      24
      22
      24
      18
      14
      14
      13
      13
      11
      16
      11
      13
      15
       9
      14
      12
      15
      13
      18
      14
       9
      19
      20
       9
      16
      11
      11
      17
      16
      11
      17
      13
      11
      14
      16
      13
      13
      15
      14
      12
      20
       9
      17
      20
      17
      19
      11
      21
      13
      19
      13
      14
      14
      18
      14
      11
      15
      18
      19
      17
      20
      21
      18
      24
      16
      19
      18
      19
      14
      12
      20
      16
      20
      13
      15
      10
      12
       6
       8
      16
      15
      19
      16
      17
      16
      11
      18
      10
      21
      14
      16
      23
      22
      23
      14
      17
      10
      28
      14
      10
      16
      13
      18
      14
      17
      16
      10
      20
      19
      19
      14
      12
      11
      15
      19
      19
      21
      18
      17
      23
      13
      19
      17
      16
      13
      17
      19
      15
      16
      17
      19
      16
      17
      15
      15
      13
      17
      10
      20
      14
      15
      22
      13
      21
      14
      16
       8
      12
      16
      14
      15
      22
       8
      17
      12
      16
      11
      17
      11
      22
      16
      16
      20
      14
      19
      13
      18
      17
      10
      10
      23
      20
      16
      17
      19
      13
      27
      15
      21
      14
      14
      21
      29
      18
      19
      18
      15
      20
      18
      18
      26
      18
      15
      15
      17
      13
      10
      16
      14
      11
      20
      18
      16
      20
      16
      14
      15
      13
      14
      12
      11
      14
      20
      22
      17
      17
      17
      22
      16
      11
      17
      18
      18
      17
      10
      16
      12
      19
      24
      12
      16
      17
      13
      10
      12
       6
      10
      11
      14
      13
      16
      11
      17
      16
      12
      17
      12
      18
      12
      12
      16
      13
      11
      12
      19
      16
      10
      15
      19
      13
      14
      13
      19
      12
      19
      10
       9
      13
      14
      15
       8
      20
      12
      20
      20
      13
      13
      16
      10
      15
      19
      14
      13
      18
      12
      12
       8
       9
       7
      18
      13
      20
      12
      14
      14
      10
      20
      20
      13
      13
      19
      17
      12
      22
      10
      11
      11
      14
      13
      13
      12
      15
      12
      19
      11
       8
       7
      12
       9
       9
      18
      13
      12
      16
      10
      15
      18
       9
       9
      12
      14
      16
      20
      18
       8
      21
      15
      12
       8
      10
      18
      19
      20
      12
      18
      12
      12
      15
      15
      11
      18
      14
       7
      12
      14
      21
      15
      20
      14
      12
       9
      12
      22
      12
      14
      12
      13
      13
      13
      12
       9
      14
      17
      10
      13
      19
      12
      10
      11
      17
      19
      17
      15
      15
      20
      14
      14
      13
      19
      11
      14
      15
      13
      11
      18
      15
      12
      12
      10
      13
      20
      13
      12
      10
      10
      12
       9
      14
      15
       6
       8
      10
      16
      12
      13
      15
      12
      10
      12
      12
      13
      11
      15
      15
      13
      10
      11
      13
      18
       7
      10
      14
      16
      19
      12
      17
      12
       7
      11
      13
      10
      15
      19
      10
       9
      21
      11
      15
      11
       9
      14
      11
      18
      20
      13
      21
      16
      17
      13
      10
      11
      11
      12
      11
      10
       9
      13
       9
      20
      14
      16
      14
      13
       9
      18
       5
      18
       7
      16
      13
      14
      13
      12
      11
      17
      14
       8
      12
       7
       9
      11
      11
      19
      19
      15
      10
      12
      12
       8
      17
       9
      17
      15
      16
      18
      14
      16
      14
      10
      10
      15
      10
      14
      16
      15
      10
      19
      14
       7
      17
      14
      10
      13
       9
       8
      18
      10
       6
      13
      13
      10
       8
      15
       8
      17
      11
      15
       8
      16
      16
       9
      16
      12
      12
       8
      17
      15
      12
      15
      13
      12
      17
      11
      11
      12
      15
      18
      10
       7
      21
       9
      13
      13
      11
       8
      15
      17
      21
      14
      10
      11
      18
      15
      15
      13
      20
       9
      15
      18
      12
      15
      17
       8
      12
      12
       4
       5
       8
      17
      14
      15
      13
      20
      14
      18
      12
      12
      13
      17
      10
      11
      13
      13
      14
      13
      18
      11
      11
      10
      13
      11
       9
      14
      14
       5
      16
      11
       7
      11
       9
       7
      12
      10
      12
      14
      16
      13
      14
       8
      10
      14
       7
       9
      12
      12
      12
      14
      15
      14
      13
      16
      12
      11
      12
      14
      14
      16
      16
      13
      12
       9
      14
      13
       9
       9
      10
      14
      14
      14
      15
      13
      12
      13
       9
       5
      12
      18
      12
      10
      12
      16
       7
      18
      12
      16
      12
      12
      15
      13
      10
      17
      17
      12
      12
      15
      14
      13
      15
      18
      15
      12
      11
      15
      12
       7
      15
       8
      12
      14
      15
      11
      13
       6
      15
      10
      10
      12
      13
      13
      11
      10
      10
      12
      10
      17
      17
      13
       9
       8
      12
      12
       9
       9
       9
       5
      13
      16
      10
      16
      10
       8
      10
      18
       5
      12
      14
      11
       9
      14
      11
      11
       7
       9
      12
       9
      12
       7
       8
      16
      11
       9
      12
       9
      16
      10
      14
      15
       9
      18
      16
      13
      15
      13
      10
      13
      15
       9
      15
      13
       6
      11
      14
       9
      13
      14
      15
      11
      11
      12
      16
      12
      18
      15
       9
      10
      14
      13
      11
       9
      11
       8
      17
      10
      12
       7
      14
       9
      16
      12
      11
       7
      14
      16
      12
      16
      10
      13
      14
      13
      11
      12
      13
      11
       8
       8
       9
      10
      12
       8
      10
       7
      14
      12
      10
      15
      11
       8
      13
      14
      17
      11
      14
      11
       9
      10
      14
       9
      14
       9
      10
      14
      10
       5
      10
      17
       8
      16
       7
       4
      10
      11
      15
      12
      13
      12
      14
      11
      13
      14
      17
      12
       8
      11
      10
      14
      14
      12
      12
      10
       9
       7
      14
      13
       7
       8
      13
      12
       8
       9
      12
       7
       8
      15
      10
      13
      11
       8
      10
      11
      10
       9
       7
      11
       9
      11
      12
      19
      13
      12
      13
      11
       6
      10
      12
       9
      12
       9
      10
      10
      11
      10
       8
      12
      12
      12
      17
       9
      11
       6
      13
       8
      10
       3
      17
      12
       4
      11
       8
      14
      11
      15
       9
       6
      18
      11
       9
       9
       9
      12
       9
       8
       7
      11
       3
      13
      10
       8
      11
       7
      18
      14
      10
      17
      14
      17
       6
      10
       6
      10
      12
      12
      12
      10
       7
      12
      15
      13
      12
      17
      13
      21
      25
      35
      33
      48
      57
      49
      78
      70
      73
      94
      64
      54
      53
      44
      35
      19
      17
      17
      19
      12
      14
      17
      12
      10
       9
      11
      12
      12
      11
       7
      12
       7
       8
       5
      19
      13
      13
      11
       8
       6
       4
       8
       7
       6
       9
      16
       8
      11
       9
      12
       9
       9
      11
      10
      10
      14
      11
       8
      12
      11
       9
      11
       5
       5
       8
       9
      10
       5
      11
      16
       8
      18
      11
       8
      14
       6
      11
      14
       7
       6
       7
      11
      13
      13
       7
       8
       9
      13
      13
       9
      13
      12
      11
       7
      12
       9
      14
      12
       6
       8
      13
       3
       7
      10
      12
      14
       7
       9
      10
       8
       7
      12
      10
       9
      12
       5
      10
       7
       9
      15
       9
       7
      11
      13
       8
       8
      12
      11
       9
      16
       8
      16
      14
      10
      15
      10
      15
       8
      12
      11
      16
      10
      11
      12
      10
      14
      12
       7
      15
      10
       7
       7
      18
      10
      11
       9
       8
      11
       9
       8
       6
       7
       9
      10
      18
      12
      12
      12
       9
      13
       9
       4
      14
      18
      12
      13
      12
       9
      15
      13
      14
      12
      10
      24
       6
       8
      15
      11
       6
      12
      11
      15
       9
      16
      12
      11
       7
       6
      13
      12
      14
       8
       6
       7
      13
       6
      11
      11
      12
      10
      10
      10
      16
       8
       8
      18
       6
       7
      12
      11
       9
       5
      11
       9
       9
      14
      17
      11
      11
      10
      10
       7
       9
      12
       5
       7
      11
       7
      12
      14
       9
       7
       6
      18
       8
       3
       6
      12
      16
       7
      10
       3
      11
      12
      12
      12
      12
       8
       7
      11
       6
      11
      10
       7
       9
       9
      10
       7
       3
      14
       9
       8
       8
      10
      10
       8
       7
       8
       4
      10
       7
       7
       5
      14
       4
      13
      11
       5
      13
       5
       6
       6
       6
       8
       8
      12
       7
      13
       6
       7
       6
      10
       7
       9
      12
       8
       8
       9
       5
       4
       6
       9
      11
      10
       3
       5
       7
       6
       6
       7
      10
       7
       8
       6
       7
       9
      13
      11
      12
       9
      13
      12
       6
       5
       6
       6
       8
      10
      13
       8
       7
      11
       3
      10
      10
      12
      12
       7
      19
       9
      17
       8
       9
      14
       6
      13
      11
       8
      11
      13
       4
      10
       7
       9
       9
      10
       8
       7
       9
       9
      12
       6
       6
       7
       9
      11
       9
       8
       7
      10
      11
       5
      10
       8
      14
       4
       7
      12
       9
      11
       8
       6
      13
       2
      10
       4
       7
       7
       6
       4
       8
      14
      19
       9
       6
       8
       8
       5
       9
      11
       6
       8
       8
       6
      10
      11
      16
       6
       7
      11
      11
       7
       9
       5
       7
       8
       8
       7
       6
       5
       7
      12
       6
       6
       7
       9
      10
       5
       9
      15
       9
       5
      12
      14
      11
      15
      11
      11
       9
       8
       7
      14
       9
      10
       4
       8
      15
      10
      14
      16
      17
      14
      13
      11
       8
      11
      13
      12
       7
      10
       9
      12
      10
      15
      12
      13
      13
      19
      13
      18
      14
       9
      10
      11
       9
       5
      13
      10
      14
      14
      10
       5
       6
       3
       6
       4
       8
       9
      12
      10
       6
       3
       5
       7
       6
       6
       4
       6
      15
       6
       9
       5
       5
       6
      21
       8
      10
       6
       7
       5
       5
       7
      13
      10
      10
       7
       8
      13
       7
       6
       3
      11
      13
       6
       9
       8
      12
       9
      13
       9
      11
      13
      10
       7
      11
       3
       4
      13
       9
       5
       6
      10
       6
      10
      11
       8
       7
      10
       6
       7
       1
       8
      14
      10
       9
      10
       6
       7
      12
       6
      12
       8
      12
       6
       7
       9
       5
      10
       7
       6
       5
      12
       9
       6
      15
      15
      10
       8
       7
      10
       8
       6
      11
       3
       9
      10
       9
       8
      11
       7
       2
      11
      11
       7
       7
       6
       6
       4
       4
       4
       9
       9
       8
       8
      11
       6
      14
       3
      13
      13
       8
       8
       1
       8
       6
       5
       9
       4
      10
       9
       4
       8
      10
       9
      10
      12
       5
       8
       7
      10
       7
       8
       4
      12
       8
      11
       8
       9
       5
       3
       6
       6
       9
       7
       9
       6
      12
       3
       6
       8
       9
      10
       6
      10
      14
       6
       7
       6
      10
       7
       5
       6
      10
       8
       9
      10
       6
       5
       6
       9
       5
      10
       5
       6
       9
       6
      12
       5
       8
       8
       4
       7
       7
       5
       4
       3
       4
       2
       4
       5
       9
       9
       9
      13
       7
       6
      13
       6
      14
       9
       8
       5
       8
       7
      10
      11
       8
      11
       8
      10
      10
       9
      10
      13
       7
      12
       9
      12
       9
       7
       9
       4
      12
       6
       6
       3
       7
       6
       9
      15
       8
       8
       6
       5
       3
       8
       8
       3
      12
       6
       6
       6
      10
       7
       8
       4
      11
       8
       6
       7
       8
       7
       6
       8
       6
       5
       5
      12
       6
      10
       8
       8
       9
       7
      14
       7
       8
       6
       4
      12
       4
       7
       7
       5
       8
       9
       3
       8
       7
       8
       7
       8
       5
       6
       6
       4
       5
       3
       7
       8
       9
       7
       6
       9
      13
      13
       8
       4
       9
       5
       5
       6
       4
      11
       5
       7
       6
       7
       9
       4
       4
      13
       4
       5
       8
       7
       7
       5
      12
       7
      10
       6
       6
      13
       9
       6
       8
      11
       7
       6
       7
      11
       8
       6
       6
       9
       6
       5
       5
       3
       5
       5
       5
       6
       4
      14
       7
      12
       7
       3
       6
       9
       8
       4
       8
       5
       5
       8
      11
      14
       8
       7
       7
       8
       9
      12
       8
      10
       7
      12
       6
       6
       8
       6
       8
       3
      14
       7
       8
       6
       2
       3
       8
       9
      12
      11
       5
       5
       5
      13
       6
       6
       6
       9
       6
       7
       4
       7
       7
       6
       7
       9
       4
       9
       4
       7
       6
       5
      12
       6
       9
       7
       8
       7
       8
       7
       4
       9
       9
      15
       4
      11
       5
       7
       5
       5
       7
      12
      12
       7
       8
       5
       5
       6
      11
       8
       7
       4
       9
       5
       6
      10
       8
      11
       6
       9
       8
       6
      13
       2
      10
      10
      14
      13
       6
      15
       9
      16
       9
       8
      13
      12
       9
      11
       6
      12
       4
       4
       4
       9
       5
       5
       9
       9
       9
       6
       7
       9
       9
       2
       8
       4
       7
       3
      11
       2
       7
       8
       8
       9
      10
       8
       7
       6
       8
       4
       4
       5
       2
       9
       6
       4
      10
       5
       7
       8
       7
       8
       6
       4
      12
       4
       4
       7
       5
      11
       5
       7
       9
      15
       7
      11
       8
       7
       4
       6
       9
       5
       4
       1
      10
      14
       8
       4
       7
       4
       5
       8
       8
       5
       7
       8
      10
       3
       7
       5
       7
       5
       7
      10
       9
      11
       6
       5
       8
       2
       3
       7
       5
      11
      11
       8
       6
       6
       4
       8
       8
       8
       6
       9
      10
      11
      14
       9
      28
      13
      25
      26
      33
      30
      22
      24
      26
      19
      34
      13
      24
      21
      12
       6
       5
       6
       7
       9
       6
       8
       3
       7
      10
       9
       5
       7
      12
       7
      10
       8
       7
       5
       8
      10
       8
       4
       5
       3
       6
       7
       9
       3
       3
       5
       5
       9
       6
       6
       5
       8
       4
       6
       3
       1
       9
       9
       4
       8
       8
       4
       4
       6
      11
       6
       6
       2
       3
       4
       9
       9
       8
       5
       7
       6
       7
       6
       6
      10
       6
       8
       5
      11
       6
       4
      10
       5
       8
       3
       7
       5
      13
       3
       3
       5
      16
       6
       8
       5
       8
       4
       8
       3
       7
       5
       8
       5
       2
      11
       9
       7
       7
      11
       9
       9
       9
       6
       4
       6
       6
       4
       7
       7
       8
       3
       7
       7
       6
       8
       4
       6
       9
       4
       3
       5
       6
       7
      11
       4
       7
       9
       2
       2
       9
       3
      10
       7
       5
       6
       4
       9
       7
       7
       8
       9
       8
       7
       8
      12
       5
       5
       9
       8
       5
       2
       8
       6
       7
       4
       6
       8
       5
       6
       6
       8
       9
       2
       9
       7
       9
       4
      12
       6
       8
       2
       6
       9
       3
       9
       9
       4
       5
       3
       4
      13
       6
       6
       2
       7
      11
       3
       4
       3
       4
       5
       3
       4
       5
       4
       7
       4
       3
       9
       8
       5
       3
       7
       3
       5
       2
       9
       8
       3
       3
       7
       5
       5
      10
       6
       6
       5
      10
       4
       8
       8
       7
       8
      12
       5
       4
       4
       3
       9
       8
       4
       7
       6
       6
       5
       2
      10
       6
       3
       5
       2
       6
       9
       7
      12
       4
      10
       5
       7
       7
       3
       7
       6
      10
       7
       5
       7
       4
       8
       8
       3
      10
       8
       3
       3
       7
      12
       5
       4
       6
       8
       7
       7
       5
       7
      10
       9
       7
      10
      10
      13
       8
      11
       8
      10
       4
       4
       6
      10
      10
       7
       6
       7
       9
       9
       2
      12
       7
       3
       6
       6
       7
       8
       7
       3
      12
       3
       8
       5
       8
       6
       6
       6
      12
       2
      10
       5
      11
       5
       7
       8
       6
       4
       9
       6
       7
       2
       2
       5
       8
       7
       5
       4
       6
      12
       6
       5
       7
       4
       9
       5
       5
       9
       7
       5
       9
       7
       1
       5
       7
       1
       1
       3
       9
       3
       4
       3
       8
       6
       8
       7
       6
       3
       6
       5
       5
       3
       7
       3
       9
       7
       9
       4
       8
       5
       4
       3
       6
       8
      10
       5
       8
       3
       6
       4
       8
       9
       5
       9
       4
       6
       4
       6
       5
       6
       9
       5
       7
       3
       8
       4
       3
       4
       2
       6
       7
       3
       2
       5
       5
       5
       7
       3
       5
       4
       1
       6
      12
       6
       2
       7
       6
       6
       3
       6
       3
       4
       3
       5
       8
       4
       3
       6
       9
       6
       6
       2
       8
       6
       7
       8
       9
       8
       5
       8
       9
       4
      12
       9
       5
       7
       2
       7
       8
       5
       3
       5
       9
       5
       3
       4
      10
       7
       7
       5
       4
       5
       9
       5
       9
       8
      10
       7
       7
      12
       6
       3
       9
       5
       6
       4
      10
       4
       6
       5
       8
       6
       5
       9
       3
       2
       6
       9
       4
       7
       4
       3
       5
       7
       5
       6
       2
       5
       7
       6
       4
       4
       7
       8
       7
      10
      10
       7
       3
       4
       4
       6
       8
       8
       2
       5
       7
       6
       4
       7
       9
       3
      11
       2
       5
       8
       3
       3
       6
       6
       6
       5
       2
       7
       5
       5
       5
       3
       7
       4
       7
       8
       9
       8
       5
       5
       5
       6
       3
       2
       3
       5
       6
       5
       4
       6
       2
       4
       5
       3
       4
      10
       5
       8
       6
       5
       7
       4
       5
       5
       4
       5
       1
       3
       6
       5
       3
       7
       4
      11
       3
       9
       4
       8
       6
      10
       3
       5
       7
       9
       6
       9
       9
       8
       1
       4
       3
      11
       3
       5
       5
       4
       9
       5
       6
       5
      10
       5
       7
       6
       4
       5
       6
       3
       4
       6
       5
       3
       8
       3
       8
       6
       8
       3
      11
       4
       8
       4
       4
       4
       8
       1
       7
       6
       6
       4
       6
       8
       5
      10
       6
       3
       6
       7
       7
       9
       6
       7
       8
       3
       2
       3
       5
       3
       9
       8
       1
       4
       5
       7
       6
       7
       7
       9
       7
       5
       4
       9
       6
       6
       9
       5
       7
       5
       4
       7
       6
       4
       5
       6
       8
       4
       6
      10
       8
       3
       7
       4
      10
       5
       2
       6
       9
       5
       2
       4
       9
       8
       7
       0
       8
       3
       3
       5
       6
       7
       4
       4
       6
       1
      12
       4
       8
       4
       3
       5
       4
      10
       6
       5
       4
       5
       4
       3
       5
       6
      10
      11
       7
       3
       9
       2
       2
       6
       2
       5
       4
       0
       5
       5
       2
       5
       7
      12
       6
       6
       4
       2
       2
       7
      10
       3
       2
       5
       6
       2
       6
       9
      12
       4
       5
       3
       7
       5
       4
       1
       8
       4
       8
       4
       5
       7
       3
       7
       7
       7
       3
       7
       6
       3
       5
       3
       4
       6
       6
       3
       4
       4
       5
       2
       4
       3
      10
       7
       7
       4
      11
       4
       5
       5
       5
       4
       5
       5
       6
       6
       4
       4
       5
       6
       6
       7
       4
       1
       6
       6
       5
       6
       3
      10
       5
       7
       5
       8
       3
       9
       3
       9
       4
       2
       1
       4
       5
       4
       3
       5
       3
       5
       8
       7
       3
       6
       7
       5
       5
       2
       6
       6
       7
       7
       6
       8
       7
       2
      11
       4
       4
       2
       8
       5
       8
       7
       3
      11
       6
       6
       4
       5
       7
       6
       4
       6
       2
       4
       4
       9
       8
       5
       8
       3
       6
       5
       9
       5
       4
       4
       1
       4
       4
      10
       9
       2
       0
       3
       5
       3
       1
       6
       2
       3
       7
       8
       2
       6
       5
       1
       7
       4
       3
       2
       6
       5
       3
       2
       3
       3
       6
       5
       6
       4
       4
       5
       5
       4
       5
       2
       5
       3
       5
       4
       6
       5
       4
       4
       9
       2
       3
       9
       6
       6
       7
       4
       3
       6
       5
       3
       6
       7
       4
       4
       4
       4
      12
       8
       4
       8
       5
       3
       3
       2
       4
       4
       4
       2
       6
       4
       5
       6
       4
       5
       5
       9
       5
       6
       7
       8
       6
       3
       7
       7
       5
       6
       6
      10
       5
       6
       8
       4
       6
       8
       5
       6
       6
       1
       1
       2
       3
       8
       5
       1
       9
       4
       9
       4
       3
       1
       1
       6
       5
       7
       5
       4
       5
       5
       5
       3
       7
       6
       5
       2
       4
       8
      10
       3
       3
       4
       7
       4
       4
       4
       6
       6
       5
       2
       4
       4
       3
       5
       6
       8
      10
       3
       2
       2
       8
       2
       4
       7
       6
       6
       4
       2
       6
       6
       3
       5
       5
       5
       5
       6
       2
       7
       5
       1
       8
      11
       7
      10
       4
       4
       2
       2
       3
       4
       2
       6
       8
       2
       4
       8
       1
       3
       7
       8
       4
       8
       5
       8
       3
       3
       8
       4
       2
       8
       4
       5
       4
       5
       2
       5
       4
       1
       4
       3
       4
       0
       1
       3
       7
       5
       2
       3
       4
       3
       1
       4
       1
       9
       6
       3
       7
       3
       2
       3
       3
      12
       5
       4
       9
       3
       4
       8
       6
       8
       5
       5
       4
       6
       4
       7
       2
       1
       7
       8
       7
       5
       3
       5
       4
       2
       5
       3
       3
       9
       9
       6
       4
       3
      10
      11
       4
       8
       3
       6
       1
       7
       4
       2
       2
       2
       5
      10
       5
       6
       2
       7
       5
       8
       3
       3
       3
       8
       4
      12
       6
       6
       4
       7
       8
       7
       7
       7
       6
      10
       5
      12
       5
       2
       9
       4
       6
       6
       2
       8
       7
       6
       6
       8
       9
       3
       6
       6
       6
       3
       3
       5
       7
       4
       2
       4
       4
       1
       1
       1
       2
       4
       7
       1
       4
       5
       4
       6
       2
       7
       5
       7
       3
       2
       3
       3
       4
       5
      11
       8
       8
       9
       8
       7
       8
       6
       5
       4
       7
       4
       6
       4
       5
       3
       3
       5
       3
       4
       6
       1
       4
       7
       5
       2
       2
       4
       9
       3
       5
       1
       7
       4
       7
       8
       7
       5
       6
       6
      10
       2
       8
       8
       5
       9
       6
       5
       7
       6
       3
       3
       6
       6
       2
       2
       4
       6
       7
       8
       3
       9
       7
       3
       7
       4
       6
       2
       5
       4
       2
      10
       5
       5
       8
       4
       6
       5
       8
       2
       2
       4
       3
       3
       4
       4
       7
       7
       9
       7
       8
       3
       2
       5
       3
       3
       4
       7
       5
       1
       1
       5
       5
       7
       8
       8
       5
       3
       3
       4
       5
       4
       3
       9
       4
       5
       2
       8
       2
       6
       8
       5
       8
       3
       4
       3
      10
       5
       4
       5
       3
       5
       4
       0
       7
       4
       4
       6
       1
       2
       8
       3
       1
       4
       6
       4
       3
       5
       5
       3
       3
       6
       5
       7
       7
       5
       4
       5
       5
       4
       8
       5
       5
       6
       8
       3
       3
       6
       5
       5
       7
       4
       2
       6
       5
       4
       9
       6
       3
       3
       3
       1
       3
       5
       4
       4
       6
       6
       3
       2
       3
       6
       4
       5
       2
       4
       7
       5
       5
       6
       3
       6
       5
       1
       5
       5
       4
       7
       3
       5
       5
       5
       1
       6
       5
       3
       1
       4
       9
       7
       4
       3
       5
       6
       5
       4
       5
       4
       3
       5
       6
       8
       4
       5
       5
       3
       1
       4
       5
       6
       4
       4
       6
       4
       4
       7
       6
       5
       3
       4
       8
       5
       6
       3
       2
       3
       6
       6
       6
       6
       2
       7
       7
       5
       6
       5
       4
       9
       7
       6
       4
       7
       3
       4
       7
       6
       2
       6
       5
       2
       6
      11
       4
       5
       5
       8
       5
       3
       5
       6
       3
       9
       3
       5
       7
       6
       5
       2
       2
       3
       3
       5
       4
       9
      14
       9
       6
      17
      10
      10
      11
      15
      11
      16
      13
       9
      17
       8
      10
       9
       9
       4
       6
       7
       9
       4
       6
       5
       1
       4
       4
       1
       7
       6
       7
       7
       5
      10
       1
       5
       6
       6
       8
       8
       8
       9
       7
       6
       3
       2
       9
       5
       1
       3
       3
       5
       5
       2
       3
       3
       5
       1
       4
       1
       1
       4
       6
       6
       3
       3
       1
       5
       4
       4
       5
       0
       2
       4
       9
       2
       4
       4
       7
       4
       3
       4
       3
       8
       2
       3
       2
       5
       2
       3
       2
       5
       7
       3
       5
       6
       7
       6
       6
       5
       1
       4
       6
       2
       9
       6
       2
       9
       4
       4
       3
       4
       7
       4
       3
       7
       0
       3
       1
       4
       6
       1
       2
       7
       6
       3
      11
       9
       4
       7
       3
       4
       1
       4
       8
       5
       7
       2
       1
       7
       6
       4
       1
       3
       7
       3
       4
       4
       1
       6
       7
       5
       7
       4
       1
       4
       8
       3
       6
       3
       6
       2
       6
       1
       6
       7
       6
       6
       3
       5
       6
       4
       3
       5
       2
       6
       5
       3
       3
       2
       1
       3
       3
       4
       2
      11
       4
       4
       4
       5
       2
       5
       2
       5
       3
       4
       7
       0
       5
       1
       3
       0
       5
       5
       5
       7
       4
       0
       0
       0
       0
       0
       0
       0
       0
       0
       0
       0
       0
       0
       0
       0
       0
       0
       0
       0
       0
       0
       0
       0
       0
       0
       0
       0
       0
       0
       0
       0
       0
       0
       0
       0
       0
       0
       0
       0
       0
       0
       0
       0
       0
       0
       0
       0
       0
       0
       0
       0
       0
       0
       0
       0
       0
       0
       0
       0
       0
       0
       0
       0
       0
       0
       0
       0
       0
       0
       0
       0
       0
       0
       0
       0
       0
       0
       0
       0
       0
       0
       0
       0
       0
       0
       0
       0
       0
       0
       0
       0
       0
       0
       0
       0
       0
       0
       0
       0
       0
       0
       0
       0
       0
       0
       0
       0
       0
       0
       0
       0
       0
       0
       0
       0
       0
       0
       0
       0
       0
       0
       0
       0
       0
       0
       0
       0
       0
$ROI:
0
$PRESETS:
None
0
0
$ENER_FIT:
-2.173939 0.279251
$MCA_CAL:
3
-2.173939E+000 2.792507E-001 0.000000E+000 keV
$SHAPE_CAL:
3
1.571259E+001 -1.155430E-003 0.000000E+000
