$SPEC_ID:
226Ra
$SPEC_REM:
DET# 1
DETDESC# MCB 132 Input 1
AP# Maestro Version 6.06
$DATE_MEA:
10/26/2021 14:16:28
$MEAS_TIM:
76607 76623
$DATA:
0 8191
       0
       0
       0
       0
       0
       0
       0
       0
       0
       0
       0
       0
       0
       0
       0
       0
       0
       0
       0
       0
       0
       0
       0
       0
       0
      15
    3764
    9754
    1742
    1182
    1135
    1130
    1183
    1244
    1317
    1319
    1308
    1357
    1318
    1288
    1250
    1229
    1200
    1186
    1186
    1074
    1111
    1030
    1032
    1035
    1047
     974
    1000
     964
     974
     891
     961
     861
     859
     909
     920
     818
     830
     905
     842
     853
     788
     776
     864
     742
     843
     801
     741
     763
     782
     744
     781
     775
     792
     732
     747
     718
     770
     728
     714
     662
     698
     693
     647
     687
     675
     652
     650
     699
     640
     649
     599
     620
     614
     608
     591
     639
     615
     585
     614
     605
     657
     633
     534
     572
     604
     557
     555
     584
     654
     723
     746
     693
     686
     559
     556
     590
     550
     539
     533
     530
     593
     545
     533
     607
     682
     813
     804
     636
     611
     564
     596
     530
     486
     477
     525
     520
     475
     490
     480
     469
     517
     496
     483
     530
     464
     453
     465
     487
     480
     476
     467
     500
     509
     525
     475
     495
     489
     475
     463
     468
     474
     499
     463
     512
     530
     476
     513
     548
     521
     532
     504
     472
     507
     518
     480
     465
     511
     475
     486
     521
     515
     483
     488
     509
     510
     514
     476
     513
     585
     818
    1057
    1096
     964
     682
     554
     498
     468
     503
     501
     555
     523
     501
     532
     560
     527
     544
     542
     555
     545
     583
     572
     622
     619
     615
     595
     617
     625
     687
     647
     750
     682
     762
     887
     841
     868
     907
     979
    1032
     995
     981
     996
     994
     986
    1055
    1044
    1012
    1021
    1030
    1065
    1033
    1027
    1029
    1053
     964
    1040
    1034
     955
     964
     961
     918
     883
     816
     839
     809
     778
     824
     769
     768
     761
     782
     822
     715
     777
     749
     773
     712
     798
     799
     885
     885
     863
     775
     652
     678
     685
     677
     687
     717
     708
     716
     661
     705
     766
     987
    1529
    2156
    2537
    3062
    5760
   12453
   20567
   21732
   15183
    6899
    2295
     754
     456
     412
     420
     413
     410
     455
     487
     528
     563
     548
     548
     424
     408
     372
     422
     416
     464
     495
     447
     427
     423
     404
     413
     408
     391
     412
     418
     431
     410
     421
     391
     394
     434
     441
     518
     573
     660
     612
     537
     489
     429
     468
     457
     453
     459
     424
     418
     405
     452
     407
     411
     437
     412
     451
     425
     470
     447
     436
     490
     447
     437
     443
     459
     466
     453
     486
     476
     446
     472
     471
     526
     457
     481
     468
     415
     474
     483
     472
     453
     481
     500
     488
     543
     540
     514
     484
     469
     509
     537
     542
     489
     550
     497
     541
     523
     531
     525
     530
     588
     523
     534
     564
     520
     526
     574
     541
     517
     563
     594
     546
     545
     531
     553
     542
     549
     528
     549
     544
     518
     538
     579
     547
     583
     543
     556
     545
     576
     550
     558
     550
     572
     541
     566
     559
     568
     564
     577
     564
     577
     582
     529
     598
     563
     607
     558
     580
     588
     558
     563
     569
     594
     541
     634
     625
     563
     581
     564
     532
     602
     609
     609
     543
     605
     590
     602
     591
     563
     576
     561
     579
     539
     608
     600
     584
     607
     595
     590
     599
     602
     584
     578
     587
     579
     625
     605
     623
     615
     581
     647
     621
     627
     602
     584
     629
     596
     613
     624
     601
     614
     602
     604
     656
     603
     612
     637
     643
     651
     650
     717
     660
     654
     632
     652
     644
     708
     634
     663
     687
     669
     716
     666
     621
     622
     689
     665
     681
     688
     704
     694
     679
     668
     688
     674
     689
     727
     735
     727
     701
     720
     721
     743
     717
     761
     787
     790
     781
     759
     782
     734
     749
     757
     826
     738
     753
     793
     807
     756
     822
     781
     813
     812
     792
     874
     791
     839
     787
     838
     815
     765
     792
     783
     778
     760
     852
     739
     785
     813
     844
     939
    1084
    1247
    1227
    1043
     886
     819
     823
     741
     780
     844
     785
     715
     791
     807
     754
     771
     734
     795
     730
     765
     756
     763
     761
     777
     686
     711
     717
     742
     705
     707
     762
     740
     726
     752
     751
     758
     704
     730
     692
     689
     749
     734
     726
     698
     709
     712
     690
     702
     662
     730
     705
     763
     700
     670
     665
     703
     709
     753
     704
     713
     715
     719
     702
     683
     677
     732
     724
     674
     699
     715
     693
     739
     685
     647
     692
     646
     693
     665
     658
     655
     657
     687
     655
     657
     655
     677
     657
     658
     715
     750
     834
     816
     820
     718
     716
     680
     615
     659
     701
     675
     663
     661
     661
     604
     658
     629
     612
     679
     638
     672
     625
     617
     633
     693
     673
     623
     599
     635
     630
     634
     622
     623
     649
     663
     664
     619
     635
     586
     607
     652
     632
     617
     605
     607
     601
     656
     635
     657
     653
     597
     566
     604
     602
     576
     629
     554
     635
     630
     595
     575
     587
     572
     618
     602
     557
     609
     573
     587
     537
     529
     598
     599
     567
     544
     544
     548
     507
     575
     554
     481
     508
     506
     518
     496
     449
     490
     500
     479
     480
     449
     464
     424
     404
     447
     453
     424
     445
     454
     445
     434
     420
     464
     437
     451
     466
     456
     415
     374
     399
     420
     406
     392
     380
     403
     414
     403
     397
     419
     369
     381
     376
     376
     394
     371
     377
     376
     408
     414
     366
     359
     371
     373
     388
     428
     455
     580
     597
     584
     485
     400
     368
     374
     355
     354
     338
     365
     369
     361
     350
     322
     318
     327
     325
     305
     314
     333
     313
     330
     326
     301
     306
     307
     293
     331
     327
     352
     315
     301
     274
     298
     313
     289
     297
     289
     321
     323
     260
     280
     331
     326
     257
     292
     313
     302
     257
     284
     283
     296
     302
     299
     310
     359
     339
     297
     284
     284
     258
     248
     259
     249
     268
     265
     228
     250
     255
     263
     241
     241
     270
     238
     231
     226
     238
     277
     242
     219
     227
     251
     231
     211
     247
     226
     235
     194
     228
     229
     236
     193
     230
     225
     226
     212
     200
     177
     211
     218
     204
     214
     213
     202
     205
     221
     201
     204
     160
     194
     196
     207
     216
     173
     217
     197
     197
     196
     205
     179
     195
     170
     184
     196
     186
     189
     174
     194
     179
     164
     161
     181
     191
     187
     184
     172
     186
     176
     194
     186
     155
     155
     171
     161
     149
     159
     153
     172
     146
     163
     154
     150
     149
     165
     138
     140
     140
     160
     157
     146
     160
     165
     149
     151
     163
     148
     152
     157
     141
     136
     133
     124
     141
     127
     150
     135
     148
     156
     142
     136
     130
     127
     130
     146
     133
     193
     325
     699
    1437
    2518
    3148
    3107
    2275
    1252
     621
     255
     193
     147
     114
     107
     119
     115
      91
     122
     145
     107
     114
     120
     112
     115
     118
     124
     109
     113
     115
     102
     104
     101
      96
     112
      99
     123
      92
     113
     109
     104
     105
     108
     111
      85
      91
      88
      98
     102
      97
     100
     114
      98
     107
      89
     109
      96
      88
     100
     109
      99
     100
      82
     114
      85
      78
     107
      98
     102
     106
      80
      97
      90
      99
     102
      99
     102
     104
      80
     103
     112
      93
      98
      94
     113
      83
     100
      80
      95
      93
      84
      96
      90
     115
     146
     237
     694
    1810
    3611
    5866
    7400
    6687
    4809
    2740
    1075
     358
     143
      88
      96
      77
      84
      73
      80
      67
      75
      80
      81
      71
      71
      72
      77
      94
      67
      77
      64
      77
      98
      64
      74
      82
      67
      70
      84
      54
      79
      74
      65
      66
      71
      65
      73
      66
      79
      60
      58
      75
      82
      65
      63
      73
      69
      86
      72
      51
      62
      70
      61
      64
      86
      77
      79
      67
      71
      71
      72
      67
      72
      76
      61
      77
      67
      69
      78
      70
      65
      63
      65
      62
      61
      70
      66
      58
      73
      69
      69
      69
      56
      89
      65
      71
      76
      53
      69
      70
      80
      71
      78
      64
      80
      71
      77
      70
      75
      54
      83
      73
      70
      72
      67
      67
      61
      51
      72
      65
      79
      66
      54
      70
      72
      71
      60
      61
      57
      66
      72
      68
      78
      78
      95
      76
      64
      84
      59
      71
      59
      66
      83
      70
      52
      75
      63
      53
      72
      63
      67
      61
      59
      67
      51
      64
      51
      68
      58
      71
      67
      70
      81
      49
      61
      62
      66
      72
      41
      71
      62
      64
      60
      78
      59
      66
      81
      76
      63
      61
      81
      83
      97
      72
      72
      70
      69
      74
      71
     106
     159
     397
    1184
    3384
    7542
   13470
   18338
   19915
   17289
   11425
    5807
    2314
     804
     200
      55
      34
      38
      28
      38
      22
      37
      30
      27
      36
      27
      24
      32
      31
      26
      33
      23
      26
      28
      23
      27
      41
      42
      27
      28
      30
      34
      39
      27
      38
      34
      26
      30
      28
      29
      33
      36
      38
      24
      34
      33
      34
      26
      24
      33
      31
      32
      27
      21
      26
      26
      23
      26
      24
      33
      36
      32
      37
      30
      28
      28
      28
      34
      25
      29
      31
      34
      32
      31
      25
      33
      25
      29
      35
      27
      29
      28
      28
      30
      42
      30
      22
      28
      32
      38
      25
      38
     119
     247
     607
    1204
    2002
    2492
    2620
    2105
    1419
     744
     316
     107
      40
      35
      18
      38
      28
      31
      23
      30
      19
      18
      28
      25
      29
      27
      25
      26
      18
      24
      20
      18
      23
      21
      26
      24
      34
      28
      29
      22
      19
      16
      25
      33
      24
      16
      33
      19
      27
      26
      22
      15
      19
      22
      27
      19
      30
      17
      24
      24
      25
      20
      14
      17
      22
      14
      21
      27
      26
      25
      17
      24
      25
      26
      18
      20
      20
      22
      23
      26
      25
      17
      27
      25
      23
      28
      27
      22
      22
      23
      20
      19
      17
      17
      21
      33
      32
      25
      26
      24
      31
      20
      26
      17
      25
      27
      25
      14
      13
      21
      22
      13
      21
      18
      22
      24
      24
      31
      24
      17
      13
      28
      16
      23
      20
      27
      24
      18
      25
      20
      24
      26
      20
      20
      26
      21
      32
      21
      23
      18
      26
      20
      26
      24
      24
      21
      23
      18
      21
      28
      14
      12
      19
      31
      22
      23
      24
      21
      21
      22
      30
      17
      25
      19
      24
      17
      19
      20
      30
      21
      19
      25
      24
      20
      22
      26
      16
      23
      26
      19
      29
      41
      84
      91
     133
     143
     135
      76
      72
      43
      27
      24
      26
      35
      29
      40
      49
      34
      28
      26
      22
      12
      30
      19
      24
      21
      24
      22
      18
      30
      22
      20
      18
      24
      21
      12
      27
      20
      19
      30
      20
      23
      18
      21
      18
      20
      29
      22
      26
      22
      20
      32
      19
      22
      15
      22
      17
      27
      14
      16
      18
      15
      20
      27
      14
      15
      21
      22
      31
      18
      19
      24
      12
      18
      18
      20
      28
      20
      20
      17
      11
      15
      28
      22
      26
      19
      24
      12
      20
      28
      19
      23
      23
      21
      16
      21
      23
      25
      16
      20
      23
      15
      22
      22
      18
      20
      15
      21
      14
      22
      27
      27
      28
      23
      23
      20
      22
      17
      24
      18
      22
      21
      22
      19
      21
      29
      34
      13
      15
      16
      18
      27
      22
      19
      22
      22
      19
      20
      23
      15
      21
      21
      20
      17
      18
      16
      17
      16
      17
      20
      19
      26
      21
      18
      12
      19
      16
      18
      20
      21
      15
      21
      24
      16
      27
      21
      15
      17
      17
      23
      20
      33
      20
      15
      18
      14
      17
      18
      25
      16
       9
      15
      22
      15
       8
      16
      26
      11
      21
      17
      17
      19
      14
      25
      11
      18
      14
      19
      15
      19
      23
      19
      15
      14
      17
      25
      17
      16
      19
      25
      15
      23
      18
      16
      14
      14
      19
      14
      15
      17
      14
      12
      20
      14
      16
       8
      15
      15
      21
      16
      26
      12
      14
      16
      13
      20
      21
      10
      27
      14
      26
      17
      20
      13
      23
      12
      20
      14
      21
      13
      17
      18
      21
      10
      19
      25
      12
       7
      20
      20
      20
      26
      28
      11
      16
      20
      29
      14
      27
      27
      19
      27
      43
      29
      46
      59
      57
     101
      93
     105
     126
     114
     153
     118
     112
      87
      76
      58
      42
      40
      28
      31
      21
      29
      24
      20
      20
       9
      16
      16
      12
      17
      12
      12
      14
      24
      17
      11
      15
      17
      18
      17
      13
      10
      16
      16
      15
      21
      12
      17
      18
      12
      10
      20
      17
      18
       8
      16
      11
      14
      17
      13
      16
      17
      17
      19
      12
      15
      12
      18
      20
      14
      19
      16
      14
      23
      11
      10
      15
      11
      19
      14
      19
      17
      22
      14
      15
      16
      10
      17
      18
      13
      14
       8
      21
      13
      19
      14
      15
      13
      12
      14
      17
      13
      13
      12
      11
       9
      17
      21
      17
      24
      18
      16
      18
       8
      12
      13
      11
      18
      16
      14
      22
      14
      17
      11
      21
      18
      15
      19
      12
      11
      10
      12
      21
      10
      18
      19
      15
      17
      20
      16
      14
       4
      17
      20
      12
      14
      13
      12
      11
      12
      14
       9
      15
      19
      16
       5
      19
       9
       8
       7
      11
      11
      19
      16
      13
      16
      20
      13
      11
      17
      18
      13
      15
      12
      19
       8
       7
      16
      18
      11
      16
      17
      13
      16
      10
      10
      15
      11
      12
      14
      11
      15
      16
      13
      16
      18
      18
      18
      19
      17
      14
      13
      12
      22
      19
      17
      12
      17
      13
      10
      20
      12
      15
      16
      23
      20
      18
      23
      27
      26
      29
      29
      12
      14
      15
      11
      18
      19
      14
      13
      18
      16
      19
      10
      16
      17
      14
      11
      13
      14
      10
      17
      13
      17
      12
      18
      20
      18
       7
      10
      16
      16
      13
      10
      16
      12
      12
      15
      13
      14
      13
       9
      18
      11
      20
      14
      18
      28
      26
      27
      34
      28
      18
      16
      15
      21
      16
      11
      18
      12
      15
      13
      11
      19
      15
      12
      16
      16
      14
      12
      10
      10
      11
      10
       8
      11
      13
      12
      10
      15
      18
      15
      13
      11
      12
       6
      11
      10
      11
      12
      13
      12
      11
      16
      14
      14
      15
      10
      14
      13
      10
      13
      13
      13
      21
       9
      17
      12
      15
      14
      20
      17
       7
      19
      16
      15
      19
      10
      17
      11
      14
      15
      14
      12
      12
      18
      15
      15
       9
      17
      17
      16
      12
      12
      11
      10
      13
      21
      10
      15
      28
      24
      23
      18
      10
      14
      13
       9
      12
      18
       9
      12
      23
      23
      24
      36
      45
      73
      89
      96
      96
      76
      67
      44
      31
      16
      13
      14
      15
      16
      15
      11
       9
      10
      11
      14
      16
      13
      10
      10
      10
       4
      16
      10
       9
      14
      10
      12
      12
      15
      12
      13
      14
      12
      17
       7
       8
       5
       9
      11
      13
      10
      10
      10
      10
      14
      10
      11
      13
       8
      12
      15
      15
      16
      10
      11
      11
       7
      13
      11
      17
      13
      12
      15
      13
      12
       9
      21
      10
      12
       9
      14
       9
      11
      14
       8
      10
      13
      10
      13
      12
       8
      14
      12
      10
      12
      17
      13
      12
      10
      15
      12
       7
       8
      17
      14
      11
      10
      18
       8
      14
      12
      20
      10
      24
      17
       9
      15
      13
      10
      10
      11
      14
      10
      10
       9
      15
       9
       9
      11
      14
      13
      10
      16
       7
      10
      11
      10
       8
       8
      15
       9
      17
      11
      11
      10
      13
      12
       7
      10
       5
      15
       7
      13
       4
       8
       9
      18
       6
       9
      14
      10
      11
      13
      12
      16
      11
      11
       7
      10
       4
       9
      19
      15
      28
      39
      73
      89
     144
     135
     124
     103
      72
      44
      36
      25
      13
      10
       9
      13
      11
       9
       8
      12
      12
       6
      11
      10
      13
      16
      10
      11
      10
       8
      10
      10
      12
      13
       9
      11
      18
      13
       5
       2
       8
      12
      10
      14
      13
      10
      12
      16
       8
      12
       9
      14
      11
       8
       4
       9
      12
      10
       9
       7
      10
      13
      10
      11
      10
      13
       6
      13
      10
      11
       8
       8
      11
      15
       8
      12
       5
      14
      14
      13
      10
      10
       6
       8
      12
      13
      10
      14
      12
       7
      12
      13
      11
      19
       4
       8
      11
      11
      13
      13
       8
      15
      12
      13
      12
       8
       8
       9
       8
       9
      14
       5
       8
      13
      12
       8
       9
      12
       8
      16
      15
      16
      11
      11
      13
       9
      12
      12
      10
      15
       7
      14
      14
      13
       7
      12
      12
       4
      12
       7
       9
      14
      18
      14
       9
      11
       9
      12
       7
      11
      11
      10
      14
      10
      11
       9
      13
      11
       7
      14
       9
       9
      14
      13
       9
       7
      11
      15
      16
       9
      10
      14
      11
      13
       6
      12
      14
      14
      10
       7
      10
      13
       7
      15
      16
      16
      10
       4
       6
      10
       5
      18
      14
      10
      11
       9
       6
      14
      13
      16
      11
      12
       9
      12
       8
      15
       8
      11
       8
      11
       8
      13
       8
      18
      10
      10
       7
      10
      14
      18
      28
      40
      50
      64
      79
      59
      68
      53
      32
      31
      25
      13
      14
      16
       9
      11
       9
       8
       8
      12
      12
      11
      14
      18
      12
       6
       3
       5
      14
       7
      11
       8
      14
       9
      11
       9
       7
      10
      11
       8
       9
      12
       8
      13
      12
       7
       9
       9
       8
       9
       9
       8
       8
      15
      11
      10
       9
      17
       6
      10
       6
      11
       8
       8
       3
      13
       9
       5
       8
       6
       9
      10
       9
      11
       7
      13
      12
      11
      11
      13
      13
      14
       9
      12
       6
       9
       9
       6
      11
      13
       8
       5
       7
       8
      10
      15
       4
      11
       5
       8
       6
       9
      11
      12
       8
      12
      11
       7
       6
       5
      10
       4
       5
       6
      10
       9
       9
       5
       8
       4
       5
      12
      11
       9
      10
      13
       4
      14
      10
      17
      10
      13
      12
       3
       7
      10
       7
       7
       8
       9
       3
       5
       7
       6
      10
      10
       6
       7
      11
       7
      12
       7
       6
       4
      10
       9
      14
      10
       6
      13
      13
      16
      13
      17
      17
      10
       7
       8
      15
      15
      10
      10
      14
      10
       6
      12
       6
       7
       9
       7
       6
       6
      16
      10
       9
      11
       4
      13
       7
       7
       4
       6
      11
       6
      11
       6
      10
       7
       5
       8
       6
       8
      10
      10
       6
      11
       7
      11
       6
       4
       9
       7
       7
       8
       7
      10
       7
       9
       4
       6
       8
       8
      11
       6
      10
       4
      12
       5
       9
      11
      13
       6
       5
      11
      11
      13
       9
       8
       7
      14
      10
      11
       6
      15
      11
       7
       6
       9
      10
      10
       6
      15
       8
       9
      11
       8
       8
       4
      11
       4
       5
      14
       9
       8
       7
       7
      13
       9
       7
      10
      10
      13
      13
       6
       8
       9
      10
       8
       8
      13
       8
       9
       6
      12
      10
       6
      10
      10
       9
      15
       7
      10
      12
      10
      12
      11
      18
      11
       7
       6
       8
       7
       4
       7
       9
      13
       9
       8
       9
      13
       8
       7
       8
       3
       7
       6
       7
       2
       7
       6
       8
      10
       4
       8
       7
       9
       8
       6
       6
      12
       5
       7
       9
      10
       5
       9
      11
      10
       7
       9
      10
       5
       5
      10
       5
       5
       3
       5
       8
       7
       7
       1
       7
       9
       9
       9
       7
      11
      11
       8
       5
       7
       9
       9
       4
      12
       9
       6
      10
       7
       8
       5
      12
      10
      11
       5
      12
       7
       6
       8
      14
       5
       4
       7
       7
       5
       5
       8
       8
       5
      10
       5
      11
       8
       9
       6
       9
       8
       9
      13
       7
       6
      14
       8
       5
       9
       7
      12
       9
       8
       7
       8
       6
       7
      10
       9
      11
      14
       8
      13
       9
       9
       8
       6
       9
      11
       8
      11
      11
      14
       6
       8
       9
       9
       4
       8
       8
      11
       4
       9
       7
       8
       8
       6
       6
       5
      10
       8
      12
       8
       7
       9
       8
       6
       9
      16
       4
      10
      10
       7
      10
       6
       5
       3
      12
       7
      10
       7
      10
      11
       6
       6
       8
       7
       9
      17
       9
      10
      14
      11
       8
       3
       6
      12
       7
       9
      13
       7
      11
       7
      10
      11
      11
       6
       9
      11
      12
       8
       9
       4
      11
      14
       3
      11
       6
      10
       9
      10
       4
       9
      11
       8
      12
      11
       8
       8
       8
      10
       9
       6
       8
      12
      11
       9
      11
       7
       6
       7
       7
       7
       4
       8
       8
       7
       6
       5
       7
       9
       8
      10
       5
       9
      11
      12
       6
       7
       5
       6
       6
       7
       8
       7
       3
       5
       9
       6
       5
      10
      11
       6
       5
      10
       9
       8
       8
       9
      11
       6
       8
      12
       2
       9
       3
       8
      10
       8
       3
       5
       7
       5
       5
       8
       7
       7
      12
       5
       9
       8
       9
       1
       3
       5
       5
       3
      10
       4
       6
       3
       9
       7
       8
       7
      15
       7
       7
       6
       7
       4
       7
       1
       3
       7
       6
       3
       9
       9
       7
       2
       5
       6
       9
      11
       6
       9
       9
       8
       7
      11
       3
       7
       6
       9
       7
      12
      10
       6
       9
       7
      10
       8
       4
      10
       5
       7
       2
       8
       3
       7
       6
       4
       7
       7
       9
       9
       5
       9
       6
       7
       5
       6
       4
       3
       4
       8
       3
       9
       4
       6
       9
       5
       3
      11
       4
       6
       3
      10
      12
       8
      13
       8
      12
      16
      20
      13
      11
       5
       9
       9
       7
       5
      11
       8
       4
       8
       6
       5
       5
       5
       9
       6
      10
      10
       7
      10
       9
       3
      10
       6
       8
       9
       7
       5
       4
       9
       5
       7
       9
       7
       3
       9
       7
       4
       2
       5
      11
       3
       6
       3
       7
       4
      10
       9
       7
       9
       7
       5
       6
      10
       8
       7
      12
       6
       6
       3
       2
      12
       7
      11
      12
       8
       7
       7
       7
       6
      10
      12
      10
       6
      10
       7
       4
      12
       5
       3
      11
      10
       6
       9
       8
       6
       6
       9
      12
       6
       8
       8
       3
       3
       6
       3
       8
       8
       5
       9
      11
      11
      10
       8
       4
       6
       6
       6
       8
       8
       6
       2
       4
       4
       9
       7
       7
       4
       8
       8
       8
       7
       2
       4
       6
       3
       5
       8
       8
       8
       4
       2
       9
       8
       8
       7
       6
      11
       7
       6
       5
       8
       5
       5
       6
       7
       6
       8
       6
       9
      12
       4
       7
       5
       3
       5
       9
       6
       8
       5
      11
       7
      11
       6
       8
       7
       4
      14
       6
       6
       5
       5
      12
      10
       6
       5
       6
       3
       3
       5
       5
       6
       4
       7
      10
       7
       4
      10
       8
       5
      10
      11
      10
       5
      10
       7
      11
       9
       4
       4
       6
      17
       8
      18
      11
       9
       6
       5
       7
       8
       5
       4
       4
       6
      13
       3
       6
       4
       6
       3
       9
       4
       8
       4
       6
       8
       7
       4
       4
       4
       9
      10
       7
       6
       8
       6
       5
       3
      11
       8
       6
       7
       5
       7
       5
       8
       4
       5
       7
       8
       8
       8
       5
       7
      11
       7
       6
       4
       5
       9
       3
       9
       6
       6
       7
       1
       9
       4
       3
       4
       4
       8
       8
       6
       5
       3
       6
       4
       8
       5
       5
      10
       8
       2
       4
       4
       2
      11
       7
       9
      11
       7
       9
       6
       2
       6
      11
      10
       8
       4
       4
       4
       6
       7
       8
       8
       9
       6
       4
       8
      11
      10
       5
       7
      17
      15
      18
      21
      19
      18
      12
      12
       6
       7
       5
       6
       6
       9
       6
       3
      13
       5
       7
       6
       9
       2
       7
       4
      12
      10
       3
       8
       3
       9
       5
       5
       5
       5
       8
       9
       7
       7
       5
       6
       6
       5
       5
       5
       9
      10
       3
       5
       3
       6
       4
      11
       4
       3
       8
       8
      13
       4
       6
       6
       1
       6
       5
       3
       9
       4
       6
       4
       5
      10
       6
       9
       8
       4
      11
       8
      12
       0
       4
      12
       4
       4
      10
       5
       4
       4
       7
       1
       7
       7
       2
       5
       2
       7
       5
       3
       3
       8
       8
       7
       8
      12
       9
       4
       3
       2
       7
       1
       3
       7
       3
       9
       8
       7
       2
       4
       5
       5
       5
       5
       7
       7
       5
       2
       3
       8
       6
       4
       7
      10
       8
       7
       7
       6
       4
       6
       6
       7
       7
       6
       7
       4
       9
       5
       3
       3
       2
       8
      10
       5
       6
       2
       6
       4
       6
       5
       7
       6
       4
       4
      10
      12
       4
       7
       5
       3
       4
       5
       3
       7
       4
       4
       5
       4
       7
       4
       6
       8
       8
       2
       4
       6
       7
       5
       6
       7
       8
       3
       4
       7
       6
       8
       6
       6
       5
       6
       5
       4
       2
       5
       5
       8
       6
      10
       6
       4
       8
       5
       7
       8
       7
       4
       1
       4
       3
       8
       5
       6
       7
       6
       2
       6
       5
       6
       9
       6
       4
      11
      11
      10
      15
      10
       6
       7
       4
       7
      10
       3
      10
       5
       3
       4
       3
       3
       4
       5
       5
       3
       6
       3
       4
       6
       7
       3
       2
       5
       6
      13
       7
       5
       3
       7
       7
       2
       5
       5
       2
       3
       8
       5
       3
       4
       2
       6
       7
       6
       6
       7
       2
       5
       6
       7
       3
      11
       5
       5
      10
       4
       5
       5
       6
       4
       3
       6
       5
       5
       2
       1
       9
       4
       6
       6
       2
       4
       4
       6
       5
       3
       5
      12
       2
       5
       4
       5
       8
       6
       4
       3
       3
       6
       9
       2
       4
       7
       4
       1
       8
       6
       3
       4
       4
       2
       9
       4
       7
       7
       8
       8
       2
       5
       5
       3
       4
       7
       1
       5
       5
      10
       6
       6
       7
       7
       4
       4
       7
       4
       5
       4
       4
       3
       4
       6
       3
      10
       3
       8
       3
       5
       9
       4
       2
       8
       3
       6
       4
       3
       3
       6
       4
       7
       4
       1
       5
       4
       2
       1
       3
       3
       6
      10
       5
       6
       1
       5
       5
       6
       9
       7
       9
       4
       9
       6
       3
       6
       4
       6
       7
       2
       3
       6
       6
       0
      10
       7
      10
       5
       2
       7
       7
       5
       6
      10
       8
       3
       6
       5
       5
       9
      14
      10
       4
       8
       8
       9
      11
       8
       3
       7
       5
       8
       8
      10
       3
       5
       7
       4
       8
       5
       6
       2
       6
       5
       4
       8
       3
       3
       6
       4
       5
       3
       4
       9
       3
       2
       5
       6
       5
       4
       4
       0
       7
       7
       5
       5
       4
       2
       4
       3
       2
       3
       4
       7
       6
       3
       1
       2
       4
       5
       2
       6
       6
       6
       4
       3
       5
       4
       1
       6
       4
       8
       6
       3
       6
       2
       4
       8
       5
       4
       2
       6
       2
       3
       5
       6
       5
       5
       4
       4
       5
       9
       2
       4
       5
       3
      10
       1
       8
       2
       3
       1
       5
       7
       3
       4
       4
       6
       7
       5
       7
       1
       6
       5
       3
       7
       8
       5
      11
       5
      10
       3
       7
       5
       8
       2
       3
       6
       5
       6
       4
       4
       2
       7
       4
       5
       5
       6
       4
       5
       5
       6
       7
       4
       4
       9
       8
       3
       3
       5
       8
       3
       7
       3
       7
       7
       6
       4
       8
       5
       3
       6
       3
       7
      10
       4
       3
       5
       3
      10
       1
       2
       4
       4
       7
      11
       7
       6
       3
       3
       3
       4
       4
       3
       2
       3
       5
       7
       6
       4
       6
       4
       3
       3
       4
       2
       1
       8
       4
       3
       4
       4
       3
       6
       2
       4
       6
       6
       8
       6
       8
       3
       6
       5
       7
       3
       5
       3
       7
       5
       1
       6
       4
       5
       6
       3
       3
       6
       3
       6
       5
       7
       8
       2
       5
       1
       5
       7
       6
       4
       5
       5
       5
       8
       9
       3
       4
       4
       2
       3
       5
       6
       3
       3
       5
       5
       4
       6
       2
       4
       8
       7
       4
       4
       4
       3
       3
       9
       2
       6
       5
       8
       5
       8
       8
       6
       4
       3
       1
       7
       5
       5
       6
       3
       2
       3
       3
       4
       5
       3
       6
       6
       6
       5
       5
       8
       6
       2
       3
       2
       9
       5
       5
       6
       5
       2
       2
       4
       8
       6
       5
       5
       6
       5
       3
       8
       1
       6
       6
       4
       4
       9
       4
       6
       7
       6
       4
       7
       7
       5
       0
       6
       7
       8
       2
       1
       3
       1
       3
       3
       2
       5
       7
       4
       5
       5
       1
       3
       9
       4
       2
       2
       6
       8
       5
       3
       3
       3
       1
       2
       5
       4
       5
       5
       2
       1
       7
       5
       5
      10
       3
       4
       4
       1
       1
       7
       4
       2
       4
      11
       4
       5
       4
       2
       4
      10
       6
       4
       5
       8
       6
       3
       0
       7
       6
       4
       5
       5
       3
       1
       5
       7
       7
       4
       3
       4
       3
       4
       9
       6
       5
       8
       3
       3
       3
       2
       2
       5
       3
       7
       5
       3
       8
       5
       7
       9
       6
       8
       8
       7
       0
       7
       1
       5
       6
       5
       5
       7
       5
       5
       5
       0
       5
       7
       4
       5
       8
       3
       5
       4
       4
       5
       3
       5
       4
       4
       5
       4
       6
       5
       3
       5
       2
       5
       6
       4
       1
       2
       9
       6
       3
       4
       4
       3
       4
       0
      11
       8
       3
       2
       2
       6
       5
       6
       5
       6
       2
       4
       1
       8
       2
       2
       6
       5
       2
       2
       3
       3
       2
       0
       4
       2
       5
       4
       2
       1
       3
       4
       4
       4
       5
       7
       3
       3
       3
       4
       2
       5
       3
       5
       4
       5
       4
       4
       2
       1
       4
       4
       6
       8
       2
       3
       7
       7
       4
       4
       4
       4
       1
       6
       2
       7
       6
       5
       3
       1
       5
       9
       9
       5
       6
       4
       5
       3
       3
       4
       2
       4
       2
       1
       4
       5
       4
       2
       6
       8
       2
       7
       2
       7
       4
       4
       6
       4
       4
       2
       8
       5
       3
       1
       3
       3
       5
       3
       6
       6
       5
       1
       3
       5
       7
       2
       4
       2
       6
       3
       4
       8
       4
       4
       3
       5
       5
       2
       4
       5
       2
       6
       4
       3
       3
       5
       2
       3
       4
       4
       5
       2
       5
       3
       6
       7
       3
       2
       5
       3
      11
       3
       6
       4
       3
       3
       4
       4
       9
       5
       3
       4
       4
       4
       8
       3
       2
       4
       2
       8
       2
       3
       3
       4
       4
       4
       2
       1
       6
       3
       5
       5
       3
       5
      10
       4
       5
       3
       6
       5
       3
       3
       2
       3
       8
       3
       5
       3
       6
       1
       5
       7
       1
       1
       7
       4
       5
       2
       6
       2
       4
       4
       4
       5
       6
       9
       2
       2
       5
       3
       6
       5
       2
       4
       4
       3
       6
       0
       0
       4
       6
       5
       2
       3
       9
       3
       6
       5
       1
       0
       1
       2
       4
       6
       1
       2
       2
       3
       3
       1
       5
       3
       2
       9
       5
       7
       5
       3
       1
       4
       3
       3
       5
       8
       5
       5
       1
       2
       2
       3
       3
       4
       2
       3
       2
       4
       5
       3
       6
       2
       3
       4
       4
       6
       4
       3
       7
       3
       3
       8
       3
       5
       2
       7
       3
       3
       2
       2
       4
       3
      13
       3
       7
       2
       3
       6
       5
       3
       6
       3
       3
       6
       3
       2
       5
       4
       2
       3
       3
       2
       2
       4
       3
       5
       5
       3
       7
       2
       1
       1
       3
       0
       5
       0
       2
       4
       7
       0
       3
       0
       4
       4
       5
       3
       5
       3
       3
       4
       2
       4
       4
       5
       3
       2
       2
       1
       1
       3
       4
       5
       3
       3
       5
       6
       2
       8
       6
       2
       2
       3
       4
       1
       2
       7
       4
       4
       6
       3
       4
       3
       1
       1
       0
       4
       3
       3
       5
       6
       4
       6
       5
       5
       4
       4
       4
       6
       3
       2
       5
       1
       2
       2
       1
       2
       5
       5
       3
       4
       6
       2
       3
       4
       4
       8
       6
       0
       3
       8
       1
       5
       1
       3
       1
       3
       5
       3
       2
       9
       2
       4
       3
       5
       5
       1
       5
      10
       2
       5
       4
       5
       2
       3
       6
       1
       8
       5
       6
       6
       4
       7
       3
       5
       7
       6
       7
       2
       6
       2
       3
       4
       8
       2
       3
       2
       5
       6
       5
       3
       2
       1
       4
       0
       2
       4
       4
       2
       6
       5
       0
       1
       6
       3
       1
       4
       1
       2
       0
       4
       4
       1
       1
       5
       2
       4
       4
       6
       1
       4
       6
       5
       6
       2
       2
       4
       3
       6
       5
       2
       2
       3
       3
       0
       1
       3
       6
       1
       4
       5
       2
       6
       4
       3
       3
       2
       3
       3
       2
       5
       4
       2
       1
       4
       4
       5
       2
       6
       8
       4
       6
       5
       6
       6
       2
       1
       3
       4
       3
       3
       7
       3
       4
       3
       5
       3
       0
       5
       6
       4
       3
       3
       4
       6
       6
       3
       3
       3
       3
       6
       8
       4
       3
       2
       7
       9
       5
       2
       5
       5
       3
       3
       6
       4
       4
       3
       4
       2
       6
       4
       0
       8
       7
       1
       3
       2
       5
       4
       6
       5
       0
       2
       4
       3
       2
       3
       4
       2
       1
       2
       1
       5
       0
       2
       2
       4
       3
       6
       5
       5
       5
       2
       3
       4
       0
       2
       3
       4
       4
       2
       4
       6
       7
       3
       3
       3
       1
       2
       4
       4
       5
       3
       2
       3
       4
       3
       3
       2
       3
       1
       3
       1
       6
       5
       3
       6
       1
       3
       4
       5
       0
       0
       1
       1
       2
       5
       5
       7
       3
       3
       2
       4
       4
       4
       5
       3
       6
       4
       2
       5
       3
       4
       4
       2
       3
       9
       2
       6
       1
       4
       2
       4
       2
       4
       3
       0
       6
       5
       2
       2
       4
       2
       3
       2
       2
       2
       3
       2
       3
       0
       3
       2
       3
       5
       0
       1
       4
       4
       1
       1
       6
       2
       4
       3
       2
       2
       2
       1
       1
       5
       3
       1
       3
       6
       2
       3
       4
       3
       4
       2
       6
       7
       4
      15
      12
      11
      19
      19
      18
      19
      16
      18
      14
      12
       8
      11
       3
       4
       6
       6
       5
       2
       0
       5
       5
       4
       3
       3
       4
       3
       3
       3
       2
       4
       5
       2
       5
       4
       2
       3
       1
       5
       2
       0
       1
       0
       3
       1
       2
       4
       2
       3
       2
       5
       1
       0
       2
       2
       3
       2
       6
       7
       2
       2
       2
       1
       2
       2
       4
       8
       1
       4
       1
       1
       6
       7
       5
       1
       0
       2
       2
       7
       4
       1
       3
       2
       4
       1
       1
       4
       3
       6
       3
       4
       3
       3
       7
       2
       4
       4
       8
       3
       3
       2
       3
       1
       6
       4
       2
       3
       2
       2
       1
       4
       2
       4
       3
       3
       5
       2
       1
       4
       2
       3
       2
       2
       3
       1
       1
       0
       5
       0
       4
       0
       3
       2
       5
       1
       1
       3
       2
       2
       1
       4
       0
       2
       4
       1
       3
       3
       4
       1
       5
       1
       6
       5
       2
       4
       3
       2
       3
       4
       5
       4
       3
       3
       5
       6
       3
       0
       5
       3
       6
       6
       4
       5
       2
       3
       2
       2
       4
       4
       5
       4
       5
       3
       6
       3
       3
       2
       1
       1
       0
       3
       2
       6
       4
       2
       3
       4
       1
       0
       3
       3
       4
       2
       3
       5
       3
       1
       2
       4
       6
       1
       2
       2
       2
       0
       5
       1
       4
       2
       1
       3
       2
       1
       3
       0
       4
       2
       2
       4
       6
       4
       3
       3
       1
       1
       2
       5
       1
       2
       1
       3
       2
       4
       1
       3
       3
       1
       2
       2
       3
       3
       3
       2
       2
      10
       3
       5
       3
       3
       2
       3
       2
       4
       2
       4
       4
       5
       3
       0
       5
       5
       4
       3
       3
       1
       2
       3
       2
       2
       0
       0
       4
       2
       4
       1
       4
       1
       2
       3
       7
       5
       4
       3
       3
       4
       1
       0
       2
       1
       9
       1
       3
       1
       4
       3
       2
       1
       1
       2
       0
       1
       5
       5
       1
       3
       3
       3
       5
       3
       4
       1
       1
       7
       2
       4
       2
       4
       1
       3
       3
       4
       0
       3
       2
       0
       1
       2
       7
       1
       1
       1
       2
       3
       1
       1
       5
       1
       1
       3
       5
       6
       1
       2
       0
       1
       1
       0
       2
       4
       4
       2
       1
       3
       0
       1
       5
       1
       1
       2
       2
       1
       4
       5
       2
       2
       2
       0
       0
       4
       3
       2
       3
       3
       3
       0
       2
       0
       6
       1
       2
       8
       4
       2
       6
       1
       3
       3
       2
       1
       2
       5
       1
       5
       4
       1
       1
       3
       1
       5
       1
       1
       0
       1
       2
       2
       4
       2
       3
       0
       0
       2
       4
       1
       3
       2
       2
       3
       1
       3
       5
       1
       2
       4
       3
       1
       3
       2
       2
       4
       1
       1
       3
       1
       8
       5
       4
       2
       1
       0
       1
       2
       4
       3
       2
       4
       3
       4
       3
       5
       1
       8
       5
       4
       5
       5
       4
       2
       3
       5
       3
       2
       2
       2
       5
       5
       5
       2
       4
       3
       6
       1
       4
       4
       0
       3
       0
       3
       5
       3
       4
       0
       3
       4
       6
       2
       2
       3
       3
       3
       1
       2
       3
       2
       6
       1
       1
       4
       4
       1
       4
       3
       2
       5
       2
       2
       1
       1
       0
       5
       2
       4
       1
       3
       5
       2
       2
       3
       4
       6
       3
       3
       5
       4
       4
       3
       2
       2
       1
       1
       2
       2
       2
       2
       1
       1
       1
       1
       4
       0
       2
       3
       5
       1
       0
       5
       7
       2
       2
       3
       1
       1
       2
       3
       4
       4
       3
       3
       4
       1
       0
       5
       2
       2
       1
       1
       2
       1
       5
       5
       1
       1
       1
       1
       1
       3
       4
       6
       3
       1
       2
       2
       1
       0
       2
       3
       4
       3
       3
       2
       1
       3
       1
       5
       1
       0
       6
       1
       3
       4
       2
       1
       4
       7
       6
       4
       3
       2
       4
       6
       3
       3
       2
       1
       1
       2
       1
       0
       1
       2
       2
       2
       2
       3
       1
       1
       3
       2
       2
       1
       1
       3
       0
       5
       4
       1
       4
       1
       2
       4
       3
       1
       2
       1
       2
       1
       2
       2
       4
       0
       3
       3
       1
       3
       2
       2
       1
       3
       3
       0
       3
       0
       4
       4
       1
       4
       4
       3
       3
       1
       1
       1
       4
       3
       2
       2
       2
       4
       0
       0
       2
       1
       0
       3
       2
       1
       1
       0
       1
       2
       1
       2
       3
       1
       2
       1
       2
       4
       3
       2
       2
       1
       1
       1
       0
       3
       4
       0
       3
       1
       3
       3
       1
       5
       2
       2
       2
       2
       4
       3
       4
       2
       1
       2
       2
       3
       2
       3
       2
       3
       2
       3
       5
       4
       2
       2
       3
       1
       1
       1
       1
       1
       3
       1
       2
       2
       1
       1
       4
       2
       2
       5
       5
       2
       1
       1
       2
       2
       6
       2
       3
       2
       2
       1
       5
       2
       1
       1
       2
       4
       1
       4
       4
       5
       6
       1
       2
       3
       3
       2
       2
       4
       0
       1
       0
       2
       4
       2
       4
       0
       4
       1
       3
       2
       2
       1
       2
       4
       4
       4
       4
       2
       1
       3
       3
       1
       1
       2
       0
       2
       1
       0
       4
       4
       3
       0
       0
       1
       2
       1
       1
       2
       2
       1
       0
       1
       0
       1
       3
       2
       1
       1
       1
       3
       1
       1
       1
       2
       1
       0
       4
       2
       1
       2
       1
       1
       4
       5
       0
       3
       0
       2
       2
       0
       3
       2
       5
       3
       1
       2
       3
       1
       2
       2
       3
       1
       1
       2
       1
       1
       2
       4
       2
       2
       1
       2
       0
       5
       3
       5
       2
       1
       1
       3
       4
       2
       2
       2
       5
       1
       1
       2
       2
       0
       0
       1
       1
       6
       4
       0
       1
       3
       4
       1
       2
       4
       1
       1
       3
       1
       0
       2
       2
       2
       2
       0
       0
       1
       4
       2
       2
       1
       3
       3
       2
       2
       2
       4
       4
       1
       3
       2
       4
       2
       0
       2
       2
       5
       3
       0
       2
       2
       3
       2
       3
       2
       2
       3
       2
       2
       3
       1
       0
       4
       1
       4
       2
       4
       2
       2
       2
       2
       3
       1
       2
       6
       0
       2
       2
       3
       3
       2
       5
       2
       4
       0
       2
       5
       2
       3
       2
       3
       3
       6
       1
       4
       2
       2
       2
       2
       0
       4
       4
       2
       4
       1
       2
       2
       3
       1
       2
       2
       3
       2
       4
       2
       3
       1
       0
       1
       4
       2
       2
       2
       1
       3
       1
       3
       1
       0
       2
       0
       1
       1
       3
       4
       2
       1
       5
       2
       2
       2
       1
       1
       3
       2
       5
       2
       1
       0
       4
       3
       3
       4
       1
       2
       0
       2
       0
       2
       4
       1
       1
       2
       1
       1
       0
       1
       4
       0
       0
       2
       7
       3
       3
       3
       2
       1
       1
       1
       3
       2
       2
       3
       3
       5
       0
       5
       7
       5
       3
       6
      10
       6
      13
      11
       8
       9
       4
       2
       9
       3
       2
       3
       4
       5
       1
       0
       1
       2
       2
       2
       2
       2
       4
       7
       3
       2
       0
       2
       0
       3
       2
       3
       2
       1
       4
       1
       4
       3
       0
       3
       2
       4
       2
       1
       1
       0
       1
       3
       3
       2
       1
       0
       3
       3
       3
       2
       1
       2
       3
       1
       1
       1
       4
       1
       4
       1
       1
       1
       3
       2
       2
       0
       3
       2
       1
       6
       0
       2
       1
       4
       0
       1
       0
       2
       3
       1
       1
       1
       1
       0
       2
       0
       2
       2
       2
       1
       1
       2
       4
       1
       0
       2
       1
       0
       2
       1
       0
       2
       0
       1
       2
       3
       4
       3
       0
       1
       1
       0
       3
       1
       2
       1
       2
       0
       1
       1
       2
       3
       1
       0
       1
       2
       4
       4
       2
       3
       2
       4
       1
       2
       2
       1
       3
       2
       3
       1
       0
       6
       0
       1
       0
       0
       3
       4
       0
       2
       1
       2
       1
       2
       3
       1
       1
       0
       3
       1
       4
       1
       2
       1
       1
       2
       1
       4
       1
       3
       1
       0
       2
       0
       2
       1
       2
       3
       1
       0
       1
       2
       1
       3
       2
       1
       0
       3
       3
       2
       3
       1
       0
       3
       1
       1
       0
       1
       0
       2
       2
       3
       1
       1
       2
       4
       3
       2
       0
       0
       4
       3
       0
       5
       4
       2
       0
       1
       0
       2
       3
       2
       1
       1
       1
       1
       3
       0
       0
       1
       3
       1
       1
       0
       2
       0
       2
       3
       1
       1
       1
       0
       1
       2
       3
       3
       2
       3
       1
       2
       2
       2
       3
       2
       2
       1
       1
       3
       1
       0
       2
       3
       2
       2
       0
       3
       1
       1
       1
       1
       1
       3
       1
       2
       2
       0
       2
       0
       4
       3
       2
       1
       3
       1
       5
       0
       3
       3
       2
       3
       1
       2
       4
       1
       1
       1
       1
       1
       1
       1
       4
       2
       1
       3
       0
       3
       4
       1
       3
       1
       0
       1
       2
       1
       0
       1
       2
       0
       0
       1
       2
       4
       3
       3
       2
       2
       1
       1
       1
       4
       1
       2
       2
       3
       0
       3
       0
       1
       2
       2
       4
       2
       5
       1
       5
       0
       0
       1
       3
       2
       2
       0
       1
       2
       2
       2
       3
       1
       1
       1
       4
       0
       0
       3
       4
       2
       0
       3
       3
       2
       0
       1
       7
       1
       0
       1
       1
       0
       3
       3
       2
       1
       4
       1
       0
       0
       2
       3
       1
       2
       1
       2
       1
       1
       4
       1
       0
       2
       0
       4
       2
       1
       4
       1
       1
       1
       3
       6
       9
       3
       3
       1
       2
       2
       3
       2
       2
       4
       2
       1
       4
       0
       1
       2
       2
       1
       4
       1
       1
       2
       3
       3
       6
       3
       3
       2
       2
       3
       1
       0
       1
       2
       2
       4
       2
       1
       0
       2
       3
       1
       1
       1
       2
       3
       1
       1
       1
       4
       0
       2
       2
       1
       2
       3
       0
       2
       0
       3
       1
       1
       2
       1
       2
       1
       3
       6
       2
       1
       3
       2
       1
       0
       2
       2
       0
       1
       3
       3
       1
       2
       2
       3
       1
       6
       1
       3
       1
       1
       0
       0
       2
       0
       2
       0
       0
       2
       1
       1
       7
       1
       3
       3
       2
       4
       1
       1
       0
       2
       4
       3
       3
       0
       0
       0
       0
       1
       0
       2
       1
       5
       0
       3
       1
       1
       3
       3
       0
       2
       3
       2
       2
       2
       6
       4
       1
       0
       3
       3
       1
       2
       1
       1
       2
       1
       1
       0
       1
       2
       0
       1
       0
       4
       2
       1
       2
       1
       3
       1
       4
       2
       0
       2
       2
       6
       0
       3
       3
       3
       3
       0
       4
       0
       0
       1
       0
       1
       3
       3
       2
       1
       2
       0
       1
       1
       3
       1
       4
       0
       1
       0
       0
       3
       2
       2
       4
       0
       3
       4
       1
       0
       2
       2
       3
       1
       3
       2
       0
       2
       3
       5
       1
       3
       0
       2
       4
       2
       7
       1
       2
       3
       1
       1
       1
       0
       1
       0
       4
       1
       3
       2
       1
       0
       1
       1
       0
       2
       2
       3
       1
       1
       5
       3
       0
       3
       4
       1
       6
       4
       2
       2
       2
       0
       2
       2
       0
       0
       1
       1
       1
       0
       1
       0
       2
       0
       0
       2
       1
       1
       0
       3
       1
       0
       4
       2
       2
       2
       6
       2
       2
       0
       0
       4
       1
       5
       2
       2
       0
       1
       2
       3
       2
       1
       5
       0
       1
       3
       2
       0
       0
       1
       2
       2
       3
       3
       1
       2
       1
       1
       2
       0
       2
       3
       3
       3
       2
       2
       3
       1
       1
       3
       2
       1
       4
       3
       2
       1
       2
       1
       1
       1
       3
       0
       2
       1
       2
       3
       1
       0
       0
       4
       2
       1
       4
       1
       1
       2
       3
       1
       1
       1
       2
       1
       1
       2
       1
       3
       0
       5
       2
       0
       2
       2
       1
       2
       3
       1
       1
       1
       2
       2
       4
       0
       2
       4
       1
       4
       2
       1
       3
       1
       0
       3
       0
       1
       2
       1
       4
       3
       0
       3
       1
       2
       2
       0
       2
       2
       2
       3
       0
       1
       2
       3
       0
       3
       1
       2
       2
       1
       2
       2
       2
       4
       1
       1
       1
       1
       0
       3
       1
       1
       1
       1
       0
       1
       2
       1
       3
       1
       1
       2
       3
       3
       0
       1
       0
       2
       2
       0
       2
       1
       1
       2
       1
       0
       0
       3
       1
       2
       0
       1
       4
       0
       2
       0
       2
       1
       2
       2
       0
       0
       1
       6
       0
       1
       1
       1
       0
       1
       0
       3
       1
       0
       1
       1
       5
       1
       1
       0
       1
       3
       2
       1
       2
       0
       1
       1
       2
       2
       3
       0
       1
       5
       1
       0
       0
       3
       1
       1
       1
       1
       1
       1
       0
       2
       1
       3
       1
       2
       1
       1
       1
       2
       2
       3
       1
       1
       0
       3
       3
       1
       2
       4
       1
       1
       3
       3
       3
       0
       2
       0
       1
       2
       3
       2
       0
       3
       2
       3
       1
       5
       1
       1
       2
       1
       2
       2
       1
       1
       0
       1
       1
       2
       1
       6
       1
       1
       2
       1
       3
       2
       0
       2
       1
       2
       1
       2
       2
       2
       2
       1
       1
       1
       0
       0
       1
       0
       0
       1
       2
       3
       1
       1
       0
       0
       1
       1
       2
       2
       1
       1
       1
       2
       2
       1
       0
       1
       2
       1
       0
       2
       2
       1
       3
       2
       2
       2
       4
       0
       1
       0
       1
       2
       1
       3
       5
       4
       2
       1
       1
       1
       3
       4
       1
       1
       1
       2
       2
       3
       1
       1
       2
       3
       0
       3
       1
       1
       3
       0
       1
       2
       3
       0
       0
       3
       5
       0
       2
       1
       0
       3
       0
       2
       2
       3
       2
       4
       3
       1
       1
       0
       1
       0
       1
       3
       2
       0
       4
       0
       1
       0
       0
       0
       1
       0
       1
       1
       4
       1
       2
       2
       2
       1
       2
       2
       2
       4
       2
       0
       0
       0
       1
       0
       2
       1
       1
       1
       2
       1
       0
       1
       2
       2
       0
       0
       1
       2
       2
       1
       1
       0
       0
       5
       0
       0
       0
       3
       3
       2
       0
       1
       1
       3
       0
       1
       1
       2
       1
       3
       1
       1
       0
       1
       1
       1
       2
       1
       1
       1
       2
       2
       0
       1
       1
       2
       2
       2
       1
       1
       1
       1
       0
       3
       1
       1
       1
       2
       1
       0
       3
       1
       2
       0
       0
       0
       0
       0
       2
       3
       1
       2
       0
       0
       1
       2
       1
       4
       1
       3
       1
       0
       2
       1
       1
       0
       0
       1
       4
       6
       1
       2
       3
       3
       4
       1
       1
       1
       1
       2
       4
       2
       2
       3
       1
       3
       6
       2
       1
       3
       5
       1
       0
       0
       1
       3
       1
       1
       2
       0
       2
       4
       1
       3
       2
       0
       4
       1
       2
       0
       2
       2
       2
       1
       3
       3
       1
       4
       0
       3
       1
       3
       4
       0
       1
       0
       4
       1
       2
       1
       0
       4
       1
       1
       3
       1
       2
       2
       3
       1
       6
       1
       1
       1
       2
       3
       0
       3
       1
       2
       1
       1
       0
       1
       2
       1
       0
       1
       1
       0
       0
       1
       1
       1
       0
       1
       2
       2
       2
       3
       3
       0
       2
       0
       0
       0
       0
       3
       1
       0
       2
       1
       2
       1
       3
       3
       3
       0
       4
       1
       1
       3
       0
       3
       2
       1
       0
       1
       2
       2
       1
       1
       3
       0
       0
       1
       1
       1
       2
       2
       0
       2
       2
       1
       2
       1
       1
       0
       1
       0
       0
       2
       1
       2
       0
       7
       2
       2
       2
       1
       0
       0
       2
       1
       3
       1
       2
       0
       4
       2
       0
       1
       0
       1
       0
       2
       1
       1
       3
       1
       1
       1
       2
       0
       2
       1
       0
       2
       0
       1
       1
       3
       1
       1
       2
       2
       2
       1
       0
       2
       1
       4
       1
       2
       1
       1
       0
       1
       1
       4
       3
       2
       0
       1
       2
       2
       1
       0
       3
       2
       0
       1
       1
       0
       1
       1
       0
       2
       3
       1
       0
       0
       1
       3
       0
       2
       1
       2
       0
       0
       0
       1
       1
       1
       0
       0
       0
       2
       3
       1
       1
       1
       0
       0
       1
       1
       2
       2
       2
       1
       1
       1
       0
       0
       2
       2
       0
       0
       0
       2
       0
       4
       1
       1
       0
       3
       0
       2
       2
       4
       1
       3
       2
       0
       2
       0
       4
       3
       1
       3
       0
       1
       1
       1
       0
       0
       1
       1
       2
       3
       1
       1
       0
       2
       1
       1
       3
       0
       0
       1
       1
       1
       1
       3
       5
       1
       0
       0
       1
       1
       1
       1
       1
       2
       1
       3
       2
       1
       3
       0
       2
       2
       1
       2
       2
       1
       1
       1
       1
       1
       2
       1
       3
       1
       0
       0
       0
       3
       4
       3
       1
       1
       2
       4
       0
       1
       0
       2
       3
       1
       0
       2
       2
       1
       3
       3
       2
       2
       3
       4
       1
       1
       9
       1
       7
       4
       3
       4
       1
       3
       4
       0
       1
       2
       3
       1
       0
       0
       2
       0
       0
       2
       0
       3
       1
       3
       1
       0
       1
       0
       1
       0
       1
       2
       2
       1
       2
       0
       0
       2
       2
       0
       2
       3
       1
       0
       0
       3
       1
       1
       3
       2
       3
       5
       2
       0
       4
       4
       2
       1
       0
       4
       0
       4
       2
       1
       0
       0
       1
       3
       3
       3
       1
       1
       1
       0
       1
       1
       0
       1
       2
       2
       0
       2
       1
       4
       0
       2
       0
       0
       1
       2
       3
       1
       0
       2
       2
       4
       2
       3
       0
       0
       0
       1
       1
       2
       3
       2
       2
       4
       0
       1
       1
       0
       1
       0
       0
       0
       1
       1
       0
       2
       0
       3
       0
       0
       0
       0
       1
       2
       1
       0
       1
       2
       1
       0
       0
       0
       1
       1
       1
       1
       0
       2
       1
       2
       1
       2
       1
       0
       0
       2
       0
       0
       1
       2
       1
       1
       0
       0
       0
       3
       1
       0
       0
       0
       0
       0
       0
       0
       0
       0
       0
       0
       0
       0
       0
       0
       0
       0
       0
       0
       0
       0
       0
       0
       0
       0
       0
       0
       0
       0
       0
       0
       0
       0
       0
       0
       0
       0
       0
       0
       0
       0
       0
       0
       0
       0
       0
       0
       0
       0
       0
       0
       0
       0
       0
       0
       0
       0
       0
       0
       0
       0
       0
       0
       0
       0
       0
       0
       0
       0
       0
       0
       0
       0
       0
       0
       0
       0
       0
       0
       0
       0
       0
       0
       0
       0
       0
       0
       0
       0
       0
       0
       0
       0
       0
       0
       0
       0
       0
       0
       0
       0
       0
       0
       0
       0
       0
       0
       0
       0
       0
       0
       0
       0
       0
       0
       0
       0
       0
       0
       0
       0
       0
       0
       0
       0
       0
       0
       0
$ROI:
0
$PRESETS:
None
0
0
$ENER_FIT:
-2.173939 0.279251
$MCA_CAL:
3
-2.173939E+000 2.792507E-001 0.000000E+000 keV
$SHAPE_CAL:
3
1.571259E+001 -1.155430E-003 0.000000E+000
