$SPEC_ID:
226Ra
$SPEC_REM:
DET# 1
DETDESC# MCB 132 Input 1
AP# Maestro Version 6.06
$DATE_MEA:
02/10/2022 12:04:02
$MEAS_TIM:
5000 5002
$DATA:
0 8191
       0
       0
       0
       0
       0
       0
       0
       0
       0
       0
       0
       0
       0
       0
       0
       0
       0
       0
       0
       0
       0
       0
       0
       0
       0
       1
     272
    1667
     347
     190
     159
     181
     181
     225
     197
     236
     228
     208
     212
     186
     200
     211
     179
     188
     175
     184
     186
     153
     179
     166
     171
     177
     149
     147
     159
     149
     139
     155
     119
     152
     132
     126
     134
     116
     130
     130
     129
     146
     125
     121
     132
     109
     118
     138
     100
     121
      99
     108
     110
     123
     107
     124
     106
     108
     115
     107
     113
     102
     111
      96
      92
     106
      99
      91
      96
      93
      91
     104
      85
     107
     113
     104
      84
      92
     107
      84
      83
     101
      73
     107
      81
     112
      92
     109
     109
     136
     125
     104
     113
      86
      88
      68
      76
      78
      70
      95
     106
      87
      96
     112
     111
     125
     125
     103
      94
      91
      91
      71
      73
      64
      96
      83
      78
      81
      76
      78
      70
      72
      77
      92
      70
      67
      81
      65
      64
      85
      79
      82
      86
      80
      58
      95
      87
      73
      79
      75
      73
      70
      71
      68
      94
      83
      85
      72
      90
      86
      75
      71
      87
      90
      79
      80
      69
      63
      94
      84
      82
      64
      61
      92
      73
      77
      89
      81
     143
     161
     177
     184
     129
     109
      83
      89
      68
      72
      79
      75
      87
      73
      89
      86
     100
      69
     107
      81
     103
      78
      79
      87
     100
      82
     108
     100
     106
      97
      98
     120
     126
     141
     154
     166
     126
     165
     139
     154
     157
     149
     188
     179
     145
     174
     170
     159
     178
     191
     176
     175
     175
     172
     158
     157
     147
     133
     145
     153
     162
     124
     128
     109
     105
     104
     123
     113
     120
     100
     115
      93
     128
     115
     105
      97
      92
     106
     120
     137
     125
     134
     109
     107
      88
      92
      85
      91
     123
      90
      94
     120
     112
     147
     216
     267
     351
     460
     657
    1402
    2455
    3319
    3430
    2576
    1364
     506
     155
      76
      66
      52
      49
      60
      70
      76
      77
      79
      91
      72
      73
      55
      57
      57
      62
      68
      65
      79
      63
      59
      56
      69
      58
      47
      60
      54
      54
      52
      48
      62
      57
      65
      62
      77
      82
      66
      73
      67
      58
      47
      58
      65
      66
      64
      55
      52
      49
      54
      49
      72
      73
      51
      57
      62
      50
      67
      61
      63
      56
      64
      60
      71
      60
      64
      66
      63
      66
      63
      74
      62
      67
      75
      53
      76
      63
      67
      77
      75
      61
      59
      77
      65
      58
      66
      75
      69
      89
      82
      73
     105
      77
      59
      64
      65
      79
      66
      85
      51
      70
      85
      72
      65
      89
      61
      85
      68
      68
      76
      74
      80
      76
      68
      76
      69
      74
      79
      76
      87
      89
      65
      94
      86
      58
      82
      76
      73
      73
      77
      82
      78
      90
      89
      78
      68
      85
      78
      74
      90
      82
      89
      71
      94
      75
      82
      77
      89
      97
      70
      77
      76
      84
      71
      58
     101
      92
      83
      85
      99
      74
      93
      95
      77
      94
      93
      77
      77
      94
      73
      85
      82
     102
      74
      79
      73
      82
      71
      74
      87
      91
      85
     102
      97
      94
      93
      96
      58
      99
      81
     107
     106
      98
      83
      81
      95
      83
      80
     101
      99
      88
      85
      88
      93
      97
      96
     102
      96
      90
     101
      92
     100
      93
      84
     100
     117
     107
     114
      89
     112
     110
     118
     122
     107
      96
     119
      99
     100
      84
      89
     115
     107
     104
     117
     111
     113
     126
     112
     116
     125
     126
     124
     134
     129
     118
     103
     114
     131
     125
     113
     117
     116
     121
     126
     128
     116
     140
      99
     121
     135
     144
     166
     137
     129
     126
     128
     132
     140
     133
     124
     127
     145
     126
     118
     132
     136
     181
     175
     150
     197
     173
     184
     163
     166
     148
     129
     129
     122
     148
     134
     129
     127
     136
     127
     128
     135
     127
     118
     144
     130
     120
     135
     138
     117
     110
     141
     123
     134
     135
     114
     126
     143
     121
     120
     126
     128
     128
     122
     107
     137
      92
     143
     144
     125
      98
     129
     112
     107
     119
     128
     103
     111
     119
     110
     109
     126
     114
     125
     113
     134
     111
     119
     131
     111
     114
      94
     125
     103
     125
     107
     104
      94
     119
     107
     110
     117
     106
      98
     122
     111
     110
     122
     115
     115
     117
     108
     120
     119
     107
     107
     115
      91
     119
     113
     110
     119
     114
     100
     114
     122
     108
     102
      90
     132
     102
      78
     108
      94
      93
      92
      93
      91
      98
     101
     106
      98
      95
      93
      91
      87
      89
      93
     108
      96
      91
      99
     101
      96
     105
      97
      77
      74
      79
      74
      91
      88
      78
      81
      68
      93
      84
      87
      66
      94
      81
      95
      98
      71
      66
      83
      74
      88
      59
      79
      70
      84
      75
      59
      60
      71
      80
      63
      59
      69
      65
      50
      56
      68
      61
      77
      63
      57
      69
      64
      59
      61
      56
      52
      56
      60
      52
      56
      53
      47
      49
      50
      57
      44
      53
      45
      47
      54
      45
      29
      45
      46
      53
      32
      48
      41
      40
      28
      37
      56
      48
      51
      49
      37
      43
      43
      44
      32
      50
      47
      41
      38
      39
      34
      47
      52
      65
      57
      68
      60
      53
      46
      64
      50
      40
      38
      33
      27
      42
      30
      45
      32
      33
      34
      37
      30
      40
      28
      31
      26
      28
      26
      20
      43
      33
      23
      24
      29
      26
      24
      27
      24
      25
      31
      24
      20
      24
      20
      18
      26
      25
      23
      29
      21
      23
      21
      17
      16
      22
      19
      24
      24
      26
      33
      23
      21
      21
      20
      25
      26
      21
      22
      27
      19
      25
      24
      13
      19
      26
      19
      23
      21
      20
      21
      20
      16
      22
      17
      19
      19
      13
      24
      26
      19
      15
      17
      25
      26
      15
      24
      25
      17
      12
      22
      17
      19
      21
      15
      12
      15
      20
      20
      15
      20
      14
      19
      20
      18
      15
      16
      13
      14
      21
      17
      17
      10
      13
      20
      18
      15
      17
      20
      22
      18
      19
      13
      13
      14
      15
      14
      13
      10
       9
      17
      15
      14
       9
      17
      17
      17
      26
      14
      17
      15
      14
      15
      10
      12
      18
      15
       9
      15
      12
      13
       7
      14
      20
       8
      12
      14
       8
      19
      12
       9
      16
       9
      14
       8
      14
       7
      10
      14
      11
      14
      10
      15
      12
      12
      15
      13
      19
      17
      23
      69
     110
     196
     284
     269
     224
     190
     227
     279
     289
     269
     182
      90
      42
      21
      10
      12
      11
       9
       9
      11
       7
      14
      11
      17
       9
      11
       9
       7
      11
      10
      10
      20
      12
      17
      14
      15
       9
      11
      12
      14
      19
      14
      16
      13
      23
      13
       5
      11
      18
      16
      11
      10
      17
      12
       6
      10
      11
      11
       8
       9
      11
      14
      10
      16
      11
      10
      11
      11
      13
      12
      12
      12
      10
       8
      10
      13
      20
      10
      13
      10
       9
      12
      13
       8
      12
      16
       9
      14
       7
      16
      15
      20
      52
     147
     285
     480
     597
     594
     463
     343
     391
     513
     683
     684
     529
     337
     161
      68
      34
      13
      10
       8
       5
       5
      13
       7
      12
      12
      10
       6
       9
      15
      10
       9
      14
       9
      10
      11
       8
       9
      10
      12
       7
       7
      10
       4
       7
      11
       9
      13
       6
       5
      10
      10
       8
      13
      10
       4
       5
       7
      11
       8
      10
       9
       5
       8
      10
      10
      19
       4
      14
       8
      12
      11
      10
       8
      12
      13
      11
       5
       6
       7
       8
       8
       6
      11
       5
      15
      11
       9
       9
       8
       6
       8
       4
      12
       7
       9
      13
       4
       7
       7
      12
      10
       8
       5
       4
      15
       2
      10
       8
      14
      10
       9
       9
       9
       8
      12
       7
       6
       8
       5
      11
      10
       6
       8
       6
       9
       5
       7
       6
       3
       6
      11
       6
       9
       9
      16
       8
       8
       8
      11
      12
       7
      10
       9
      11
       7
       3
       8
      16
       7
      13
       5
      17
       9
      12
       4
       9
      11
      14
       9
      10
      13
       6
      10
      10
       8
       7
       8
       9
       5
       9
       5
      12
       6
       7
      11
       8
      11
      16
       9
      15
      12
       5
      11
       9
      10
       5
      20
      55
     127
     360
     762
    1252
    1709
    1688
    1316
     876
     631
     721
    1183
    1735
    1856
    1535
    1115
     573
     221
      69
      23
       7
       3
       2
       3
       1
       2
       4
       1
       4
       3
       3
       4
       3
       4
       5
       0
       5
       0
       3
       1
       4
       4
       3
       2
       1
       0
       3
       0
       2
       2
       1
       1
       2
       2
       1
       3
       1
       2
       4
       4
       3
       1
       0
       4
       3
       7
       3
       3
       2
       4
       4
       1
       4
       4
       2
       1
       3
       3
       1
       4
       7
       1
       4
       3
       3
       2
       3
       3
       3
       2
       6
       1
       1
       3
       0
       3
       4
       6
       3
      11
      21
      41
      94
     172
     233
     254
     175
     117
      64
      59
     107
     204
     234
     236
     185
     122
      56
      24
       5
       2
       2
       3
       3
       3
       5
       1
       1
       2
       2
       1
       0
       1
       2
       1
       0
       1
       3
       2
       2
       0
       4
       1
       3
       1
       4
       2
       2
       0
       0
       1
       1
       1
       0
       1
       0
       2
       2
       2
       2
       2
       0
       2
       3
       3
       0
       0
       0
       1
       2
       0
       3
       1
       3
       1
       5
       1
       2
       2
       1
       1
       1
       1
       1
       1
       3
       1
       0
       0
       2
       2
       5
       0
       2
       2
       1
       0
       2
       0
       2
       1
       1
       2
       3
       3
       1
       1
       1
       1
       0
       1
       1
       3
       2
       3
       2
       5
       0
       0
       1
       1
       1
       1
       1
       3
       2
       0
       1
       3
       1
       0
       1
       1
       1
       1
       3
       2
       2
       2
       2
       2
       3
       1
       2
       1
       1
       3
       0
       0
       3
       3
       1
       2
       4
       0
       1
       2
       1
       4
       3
       3
       2
       3
       2
       2
       2
       2
       3
       3
       1
       0
       1
       4
       2
       0
       0
       4
       2
       1
       3
       2
       1
       3
       5
       4
       4
       1
       2
       3
       1
       3
       2
       6
      10
       6
      11
       4
       1
       4
       1
       6
      10
       8
       7
       3
       5
       1
       2
       1
       0
       1
       0
       1
       3
       1
       0
       0
       2
       1
       1
       1
       2
       3
       5
       3
       2
       2
       1
       0
       3
       1
       0
       1
       0
       1
       0
       2
       0
       1
       1
       0
       2
       3
       2
       1
       2
       2
       0
       0
       0
       3
       5
       1
       2
       1
       3
       2
       2
       0
       3
       1
       2
       0
       2
       0
       0
       1
       0
       2
       0
       2
       1
       3
       2
       0
       1
       3
       0
       2
       1
       0
       0
       1
       0
       1
       2
       2
       1
       0
       1
       0
       1
       0
       2
       2
       3
       3
       2
       2
       0
       3
       4
       1
       0
       0
       2
       1
       0
       2
       2
       1
       0
       2
       0
       2
       1
       0
       0
       2
       0
       1
       1
       1
       1
       1
       1
       0
       1
       5
       1
       0
       0
       2
       1
       1
       0
       0
       2
       1
       1
       2
       1
       1
       3
       1
       0
       3
       1
       1
       0
       2
       1
       0
       2
       2
       1
       1
       0
       0
       2
       1
       0
       0
       0
       1
       2
       0
       3
       0
       2
       0
       0
       1
       1
       0
       2
       2
       2
       1
       0
       2
       0
       0
       0
       0
       2
       2
       2
       2
       1
       3
       2
       1
       0
       1
       1
       1
       1
       1
       1
       3
       1
       4
       0
       1
       3
       1
       3
       2
       2
       0
       3
       0
       1
       1
       1
       1
       0
       2
       3
       1
       0
       1
       1
       1
       1
       1
       0
       0
       0
       1
       2
       3
       3
       1
       1
       2
       0
       0
       2
       0
       2
       1
       0
       1
       0
       0
       1
       0
       4
       1
       1
       1
       3
       5
       4
       5
       5
       4
       1
       3
       3
       5
       8
       6
       6
       6
       5
       3
       4
       4
       6
       7
       2
       1
       0
       2
       1
       0
       2
       1
       2
       0
       2
       0
       0
       1
       3
       2
       1
       0
       0
       1
       2
       1
       1
       0
       1
       0
       1
       2
       0
       1
       1
       0
       0
       2
       1
       4
       0
       0
       1
       1
       1
       0
       2
       1
       0
       1
       2
       1
       0
       2
       0
       0
       2
       0
       0
       2
       0
       0
       1
       1
       1
       1
       0
       0
       1
       1
       0
       1
       0
       0
       0
       2
       1
       1
       3
       0
       1
       1
       0
       1
       6
       1
       1
       0
       0
       0
       0
       0
       1
       2
       3
       1
       0
       0
       1
       0
       1
       0
       0
       1
       1
       0
       0
       1
       0
       1
       0
       0
       2
       3
       1
       0
       0
       0
       1
       1
       0
       2
       1
       1
       1
       0
       0
       0
       0
       1
       0
       1
       0
       0
       3
       1
       1
       1
       1
       1
       2
       5
       1
       1
       0
       1
       1
       2
       0
       1
       0
       1
       0
       2
       1
       0
       2
       5
       0
       2
       1
       1
       1
       0
       2
       0
       1
       1
       1
       0
       0
       1
       2
       1
       1
       0
       2
       1
       0
       4
       0
       2
       1
       1
       1
       0
       0
       0
       0
       0
       1
       1
       1
       1
       2
       0
       1
       0
       2
       3
       0
       0
       1
       1
       1
       2
       3
       1
       2
       1
       2
       1
       1
       1
       1
       1
       3
       0
       0
       0
       1
       1
       0
       1
       0
       0
       0
       1
       0
       1
       0
       0
       0
       0
       1
       2
       2
       0
       0
       2
       2
       1
       4
       2
       0
       0
       0
       2
       0
       2
       1
       5
       0
       1
       1
       2
       3
       0
       0
       0
       1
       1
       0
       0
       0
       0
       3
       1
       1
       0
       0
       4
       1
       1
       1
       3
       0
       0
       0
       0
       1
       1
       1
       1
       0
       1
       0
       2
       0
       1
       2
       2
       1
       1
       2
       0
       0
       2
       2
       0
       0
       0
       1
       1
       2
       0
       2
       2
       1
       0
       1
       1
       0
       0
       1
       1
       1
       0
       0
       2
       0
       1
       1
       1
       1
       0
       1
       2
       2
       0
       2
       1
       1
       0
       0
       0
       0
       3
       2
       2
       1
       0
       0
       2
       0
       2
       0
       2
       1
       0
       1
       1
       1
       2
       3
       7
       4
       9
       4
       1
       0
       2
       2
       2
       2
       0
       2
       2
       2
       1
       8
       1
       2
       2
       0
       1
       2
       2
       3
       0
       1
       0
       1
       0
       0
       1
       1
       0
       0
       1
       0
       2
       1
       2
       0
       1
       1
       0
       1
       3
       0
       0
       1
       0
       2
       0
       0
       0
       1
       1
       1
       3
       0
       1
       1
       1
       0
       1
       0
       1
       0
       0
       0
       0
       1
       1
       1
       0
       3
       0
       0
       1
       0
       1
       2
       1
       1
       1
       1
       0
       2
       1
       0
       0
       1
       0
       0
       0
       0
       1
       0
       0
       1
       2
       1
       2
       1
       2
       1
       1
       2
       1
       1
       0
       1
       0
       2
       1
       0
       0
       0
       0
       2
       0
       0
       1
       1
       1
       1
       1
       0
       0
       0
       0
       2
       1
       0
       2
       0
       2
       0
       1
       1
       0
       0
       0
       1
       1
       2
       0
       0
       1
       0
       1
       1
       0
       1
       2
       1
       2
       2
       1
       1
       3
       2
       1
       0
       0
       0
       0
       2
       2
       4
       6
       1
       2
       5
       1
       4
       0
       0
       1
       3
       0
       1
       4
       3
       4
       9
      12
       4
       8
       1
       1
       0
       0
       0
       2
       2
       1
       0
       0
       0
       0
       1
       1
       1
       1
       1
       0
       1
       0
       1
       1
       0
       1
       0
       3
       0
       3
       0
       1
       1
       0
       0
       1
       0
       0
       0
       1
       0
       1
       0
       0
       1
       1
       0
       0
       1
       1
       0
       0
       2
       0
       0
       1
       1
       0
       0
       0
       1
       0
       0
       0
       1
       1
       1
       1
       0
       1
       2
       1
       0
       1
       2
       1
       0
       0
       0
       0
       3
       1
       1
       2
       2
       0
       1
       0
       1
       1
       1
       0
       0
       0
       0
       1
       1
       1
       2
       0
       3
       1
       1
       0
       0
       2
       2
       3
       0
       1
       1
       1
       1
       1
       2
       0
       0
       1
       0
       0
       2
       3
       0
       1
       0
       2
       0
       1
       1
       0
       0
       1
       0
       1
       0
       0
       1
       1
       1
       1
       0
       0
       1
       0
       1
       1
       1
       1
       0
       1
       1
       1
       0
       1
       0
       0
       0
       0
       1
       0
       0
       0
       1
       2
       1
       0
       0
       2
       1
       1
       0
       0
       0
       1
       0
       0
       0
       0
       1
       0
       0
       0
       1
       2
       0
       2
       2
       2
       1
       1
       0
       3
       1
       2
       1
       0
       1
       0
       2
       1
       1
       1
       4
       5
       1
       3
       4
       0
       0
       1
       1
       0
       2
       0
       1
       3
       2
       5
       3
       5
       4
       2
       1
       2
       0
       2
       0
       1
       0
       1
       0
       0
       1
       0
       0
       0
       0
       0
       0
       2
       1
       0
       0
       0
       0
       3
       1
       1
       2
       1
       0
       0
       0
       1
       0
       1
       2
       0
       1
       2
       1
       0
       1
       0
       1
       1
       1
       0
       0
       1
       1
       1
       0
       1
       0
       2
       0
       0
       0
       1
       0
       0
       1
       1
       1
       0
       0
       1
       1
       0
       0
       1
       0
       2
       0
       2
       0
       1
       3
       0
       1
       1
       1
       0
       1
       2
       1
       0
       0
       0
       1
       2
       0
       2
       1
       1
       0
       1
       1
       0
       0
       1
       0
       1
       0
       0
       0
       0
       1
       1
       0
       1
       0
       0
       1
       1
       0
       1
       1
       1
       2
       1
       0
       1
       1
       0
       0
       1
       1
       1
       2
       3
       0
       1
       3
       0
       0
       0
       0
       1
       1
       0
       1
       0
       0
       1
       2
       1
       0
       2
       4
       1
       0
       0
       4
       0
       1
       2
       0
       0
       0
       0
       0
       0
       0
       1
       1
       0
       0
       0
       0
       1
       1
       0
       0
       1
       0
       1
       0
       0
       0
       1
       1
       0
       0
       1
       0
       0
       1
       1
       1
       0
       0
       0
       0
       0
       0
       2
       0
       0
       0
       0
       1
       2
       0
       0
       0
       1
       0
       1
       0
       0
       1
       1
       0
       0
       0
       0
       2
       0
       1
       0
       2
       2
       0
       2
       2
       1
       0
       0
       1
       2
       0
       0
       0
       2
       2
       0
       0
       0
       1
       1
       1
       0
       0
       0
       1
       0
       0
       2
       2
       1
       2
       1
       1
       1
       0
       2
       1
       1
       3
       1
       0
       2
       0
       0
       1
       1
       0
       0
       0
       0
       1
       0
       0
       1
       0
       1
       1
       0
       0
       0
       0
       0
       0
       0
       1
       1
       0
       1
       0
       2
       0
       0
       0
       0
       0
       0
       1
       0
       0
       0
       2
       1
       1
       1
       0
       1
       1
       1
       1
       0
       0
       0
       0
       1
       0
       0
       0
       0
       1
       0
       1
       0
       0
       1
       0
       1
       0
       0
       0
       0
       0
       2
       0
       0
       1
       2
       1
       1
       1
       0
       1
       2
       0
       0
       0
       1
       0
       1
       1
       1
       1
       2
       1
       1
       0
       1
       0
       1
       1
       2
       0
       0
       0
       0
       1
       0
       0
       1
       1
       0
       2
       0
       0
       0
       1
       1
       1
       0
       0
       0
       1
       2
       0
       0
       1
       1
       1
       1
       0
       1
       0
       1
       1
       1
       0
       0
       0
       0
       0
       0
       0
       1
       0
       0
       1
       0
       0
       0
       2
       0
       2
       0
       1
       1
       0
       0
       0
       0
       0
       1
       0
       2
       2
       0
       0
       0
       0
       0
       0
       0
       1
       1
       2
       1
       1
       0
       1
       2
       0
       0
       0
       0
       1
       0
       0
       1
       0
       0
       1
       1
       1
       2
       0
       0
       1
       1
       2
       2
       1
       0
       0
       0
       0
       1
       0
       0
       1
       0
       2
       0
       2
       0
       1
       0
       3
       2
       0
       0
       2
       1
       0
       2
       0
       0
       0
       1
       1
       0
       0
       0
       2
       0
       0
       2
       0
       1
       0
       0
       0
       0
       1
       1
       0
       0
       1
       1
       2
       0
       0
       0
       1
       1
       1
       0
       0
       0
       0
       1
       1
       0
       0
       1
       1
       0
       0
       1
       0
       1
       1
       1
       0
       0
       0
       0
       1
       2
       0
       0
       0
       0
       0
       0
       0
       1
       0
       1
       0
       1
       0
       0
       0
       0
       0
       0
       0
       1
       1
       0
       0
       0
       1
       1
       0
       0
       2
       0
       2
       0
       0
       1
       1
       0
       0
       0
       0
       0
       0
       1
       1
       0
       0
       1
       0
       2
       1
       0
       0
       0
       1
       0
       3
       0
       1
       2
       1
       0
       0
       0
       0
       1
       0
       1
       0
       1
       0
       1
       0
       0
       0
       0
       1
       1
       0
       0
       0
       1
       1
       0
       2
       0
       0
       0
       0
       0
       1
       0
       0
       0
       0
       0
       2
       0
       0
       0
       0
       1
       1
       1
       0
       0
       0
       0
       1
       2
       0
       0
       1
       2
       2
       2
       2
       0
       0
       0
       0
       0
       0
       0
       0
       0
       0
       1
       1
       0
       0
       0
       1
       0
       1
       1
       0
       1
       0
       0
       0
       0
       0
       1
       1
       0
       0
       0
       0
       0
       0
       0
       0
       1
       0
       1
       0
       0
       0
       1
       0
       0
       0
       0
       1
       0
       1
       0
       0
       0
       0
       1
       0
       1
       0
       1
       0
       1
       1
       2
       0
       0
       0
       0
       0
       0
       0
       1
       0
       1
       0
       2
       0
       0
       1
       1
       2
       0
       1
       1
       0
       0
       0
       0
       1
       0
       0
       0
       0
       0
       0
       0
       2
       0
       0
       0
       1
       1
       0
       1
       2
       0
       3
       0
       0
       1
       0
       1
       1
       0
       0
       0
       2
       0
       1
       0
       0
       0
       0
       0
       1
       0
       1
       0
       1
       1
       0
       1
       0
       1
       0
       0
       0
       0
       0
       2
       0
       1
       0
       1
       1
       0
       0
       1
       0
       0
       0
       1
       0
       0
       0
       0
       1
       0
       0
       0
       0
       1
       0
       0
       0
       0
       1
       1
       0
       0
       1
       0
       1
       1
       1
       2
       0
       0
       1
       0
       0
       0
       0
       0
       0
       1
       1
       1
       0
       0
       0
       0
       0
       0
       2
       0
       0
       0
       0
       1
       1
       0
       0
       1
       0
       0
       1
       1
       0
       0
       1
       1
       1
       0
       0
       1
       1
       0
       1
       0
       1
       0
       2
       1
       1
       1
       1
       0
       0
       1
       0
       1
       1
       0
       0
       0
       0
       0
       0
       2
       0
       2
       0
       1
       0
       0
       1
       0
       0
       0
       0
       0
       0
       0
       1
       0
       0
       0
       0
       0
       0
       0
       0
       1
       1
       0
       1
       0
       0
       0
       0
       1
       1
       0
       0
       1
       1
       0
       0
       0
       2
       0
       0
       3
       0
       0
       1
       1
       0
       0
       0
       0
       0
       1
       0
       0
       0
       0
       1
       0
       0
       0
       0
       0
       1
       0
       0
       0
       0
       0
       0
       0
       0
       1
       0
       2
       1
       0
       0
       2
       0
       0
       0
       1
       0
       0
       0
       1
       1
       0
       0
       0
       1
       2
       0
       1
       0
       1
       2
       0
       1
       0
       0
       0
       1
       0
       1
       3
       0
       0
       0
       1
       0
       0
       0
       1
       0
       0
       0
       0
       0
       0
       0
       1
       0
       0
       0
       0
       1
       0
       0
       0
       1
       0
       0
       0
       1
       0
       0
       0
       1
       2
       0
       0
       0
       0
       0
       1
       0
       1
       0
       0
       1
       0
       1
       1
       0
       2
       0
       0
       0
       0
       1
       2
       0
       0
       2
       1
       0
       0
       0
       1
       0
       0
       0
       2
       0
       0
       1
       1
       0
       0
       0
       0
       0
       0
       1
       0
       1
       0
       0
       0
       0
       0
       0
       2
       2
       0
       0
       0
       0
       0
       1
       0
       0
       0
       0
       0
       0
       1
       0
       0
       0
       1
       0
       1
       0
       0
       0
       0
       1
       0
       0
       0
       0
       0
       0
       1
       0
       0
       1
       2
       0
       1
       2
       1
       1
       0
       1
       2
       1
       0
       1
       1
       0
       1
       1
       0
       0
       1
       0
       0
       0
       0
       2
       0
       0
       0
       0
       0
       2
       0
       1
       0
       1
       0
       0
       0
       1
       1
       0
       0
       0
       1
       0
       0
       0
       0
       1
       1
       0
       1
       1
       0
       0
       0
       0
       0
       0
       1
       0
       0
       0
       1
       0
       1
       0
       2
       0
       0
       2
       1
       0
       0
       0
       1
       0
       1
       0
       0
       0
       0
       0
       0
       0
       0
       0
       0
       0
       0
       0
       0
       0
       0
       4
       1
       0
       0
       0
       0
       1
       0
       0
       1
       0
       0
       1
       0
       0
       0
       0
       0
       0
       1
       0
       0
       0
       1
       1
       0
       0
       1
       0
       0
       0
       0
       0
       0
       0
       0
       2
       0
       0
       2
       0
       0
       1
       1
       0
       0
       0
       0
       0
       0
       1
       0
       0
       1
       0
       0
       0
       1
       1
       0
       0
       0
       2
       1
       0
       0
       0
       0
       1
       0
       0
       0
       0
       0
       0
       1
       0
       0
       0
       0
       1
       0
       0
       0
       1
       1
       0
       1
       0
       1
       0
       0
       0
       1
       0
       1
       0
       0
       0
       0
       1
       0
       0
       0
       1
       0
       0
       0
       0
       1
       1
       0
       1
       0
       0
       0
       0
       0
       1
       0
       0
       0
       0
       0
       1
       0
       0
       0
       0
       0
       2
       0
       0
       0
       0
       1
       1
       0
       0
       0
       0
       1
       0
       0
       1
       0
       0
       1
       0
       1
       1
       0
       0
       0
       1
       1
       0
       0
       0
       0
       0
       1
       0
       0
       0
       0
       1
       2
       1
       1
       0
       1
       0
       1
       0
       0
       0
       0
       0
       0
       0
       1
       0
       0
       0
       0
       0
       0
       1
       0
       2
       0
       0
       0
       1
       0
       0
       1
       0
       1
       1
       2
       0
       0
       0
       1
       0
       1
       1
       0
       0
       0
       0
       2
       0
       1
       0
       1
       0
       0
       0
       0
       0
       0
       0
       0
       0
       0
       0
       0
       0
       0
       0
       0
       0
       1
       0
       0
       0
       0
       0
       0
       1
       0
       1
       1
       0
       0
       1
       0
       0
       0
       0
       1
       0
       0
       0
       2
       0
       1
       0
       0
       1
       1
       0
       0
       0
       1
       0
       0
       1
       0
       0
       0
       0
       1
       0
       0
       1
       1
       0
       0
       2
       1
       1
       0
       1
       0
       0
       1
       1
       2
       0
       0
       0
       0
       0
       0
       1
       0
       0
       0
       0
       0
       1
       1
       0
       0
       0
       0
       1
       1
       0
       0
       0
       1
       0
       0
       0
       1
       0
       0
       1
       0
       0
       1
       0
       0
       0
       2
       0
       0
       0
       1
       0
       0
       0
       0
       1
       0
       0
       0
       0
       0
       0
       0
       0
       0
       0
       0
       0
       0
       1
       0
       0
       0
       0
       1
       1
       2
       1
       0
       0
       0
       0
       0
       0
       0
       1
       0
       0
       1
       1
       0
       0
       0
       1
       0
       1
       0
       0
       0
       1
       0
       0
       1
       1
       0
       0
       0
       1
       1
       0
       0
       0
       0
       0
       0
       0
       0
       1
       0
       0
       2
       0
       1
       0
       1
       0
       0
       0
       0
       0
       0
       0
       0
       0
       1
       1
       0
       0
       0
       1
       0
       0
       0
       0
       0
       0
       0
       1
       0
       2
       0
       0
       0
       0
       0
       1
       0
       1
       0
       0
       0
       0
       0
       1
       0
       0
       1
       0
       0
       0
       0
       0
       0
       0
       0
       0
       0
       0
       0
       1
       1
       0
       2
       0
       0
       0
       0
       0
       0
       0
       0
       0
       1
       0
       0
       0
       1
       0
       0
       0
       0
       0
       0
       2
       0
       0
       0
       0
       0
       0
       0
       0
       1
       0
       0
       0
       0
       0
       0
       0
       1
       0
       1
       0
       1
       0
       0
       1
       0
       0
       0
       0
       0
       0
       0
       0
       1
       1
       0
       0
       0
       0
       0
       0
       0
       0
       1
       0
       0
       1
       0
       1
       0
       0
       0
       0
       0
       0
       0
       0
       0
       0
       1
       1
       1
       0
       1
       0
       0
       0
       1
       0
       0
       0
       0
       0
       0
       1
       0
       0
       0
       1
       0
       2
       0
       1
       0
       0
       0
       0
       0
       0
       1
       0
       0
       0
       1
       0
       0
       0
       1
       0
       0
       0
       1
       0
       0
       0
       0
       0
       0
       0
       0
       0
       0
       0
       1
       1
       1
       0
       1
       0
       0
       0
       0
       0
       0
       1
       0
       0
       2
       0
       0
       0
       0
       0
       0
       0
       0
       0
       1
       0
       0
       1
       1
       0
       1
       0
       0
       1
       0
       0
       0
       0
       0
       0
       0
       0
       0
       0
       0
       0
       0
       1
       0
       1
       0
       1
       0
       0
       0
       0
       1
       0
       1
       0
       0
       0
       0
       0
       0
       0
       0
       0
       0
       0
       0
       0
       1
       0
       0
       0
       0
       0
       0
       0
       0
       0
       2
       1
       0
       0
       0
       1
       1
       0
       0
       0
       0
       0
       0
       1
       2
       0
       1
       0
       0
       0
       0
       0
       1
       0
       0
       0
       1
       0
       0
       1
       0
       0
       3
       1
       0
       0
       0
       0
       0
       0
       0
       0
       1
       0
       0
       0
       0
       0
       0
       2
       0
       0
       0
       1
       1
       0
       0
       0
       0
       1
       0
       0
       0
       0
       1
       1
       0
       0
       1
       0
       0
       0
       0
       1
       0
       0
       0
       1
       0
       0
       0
       0
       0
       0
       0
       0
       0
       1
       1
       0
       0
       0
       1
       0
       0
       0
       0
       0
       1
       0
       0
       0
       0
       0
       0
       1
       1
       0
       0
       1
       0
       1
       0
       0
       0
       0
       0
       0
       0
       0
       1
       0
       0
       1
       2
       1
       0
       0
       1
       0
       0
       0
       0
       0
       0
       0
       1
       0
       0
       1
       0
       0
       0
       0
       0
       0
       0
       0
       0
       0
       0
       0
       0
       0
       0
       0
       0
       0
       0
       0
       0
       0
       0
       0
       1
       0
       0
       0
       0
       0
       0
       0
       1
       0
       0
       0
       0
       0
       0
       0
       0
       0
       0
       1
       0
       0
       0
       0
       0
       0
       0
       1
       1
       0
       0
       0
       1
       1
       0
       0
       0
       0
       0
       0
       1
       1
       0
       0
       0
       0
       0
       0
       0
       0
       0
       0
       0
       0
       0
       0
       0
       0
       1
       1
       0
       0
       0
       1
       1
       0
       0
       0
       0
       0
       0
       0
       0
       2
       0
       0
       1
       0
       1
       0
       1
       0
       1
       0
       0
       1
       0
       0
       0
       1
       0
       1
       0
       0
       0
       0
       0
       0
       0
       0
       0
       0
       1
       0
       0
       0
       0
       0
       0
       0
       1
       0
       0
       0
       1
       0
       0
       0
       0
       1
       0
       0
       0
       0
       0
       1
       0
       0
       0
       0
       0
       0
       0
       0
       0
       1
       0
       0
       0
       0
       0
       0
       0
       0
       1
       0
       0
       0
       0
       0
       0
       0
       0
       0
       0
       0
       0
       0
       0
       0
       1
       0
       0
       0
       0
       0
       0
       0
       0
       0
       0
       0
       0
       0
       0
       0
       0
       0
       1
       1
       0
       1
       0
       0
       1
       0
       1
       0
       0
       0
       0
       0
       0
       0
       0
       1
       0
       0
       0
       0
       0
       0
       0
       0
       0
       0
       1
       0
       0
       0
       0
       2
       0
       0
       0
       0
       0
       0
       2
       0
       1
       0
       0
       0
       0
       0
       0
       0
       0
       0
       0
       0
       0
       0
       0
       0
       0
       0
       0
       0
       0
       0
       0
       0
       0
       0
       0
       1
       0
       0
       0
       0
       1
       1
       0
       0
       1
       1
       0
       0
       0
       0
       0
       1
       0
       0
       0
       0
       0
       1
       1
       0
       1
       1
       2
       0
       0
       0
       0
       1
       0
       0
       0
       0
       0
       1
       1
       0
       0
       0
       0
       0
       0
       0
       0
       0
       1
       0
       0
       1
       0
       0
       1
       0
       0
       0
       0
       0
       0
       0
       0
       0
       0
       0
       0
       0
       0
       0
       1
       0
       1
       1
       2
       0
       0
       0
       0
       0
       0
       0
       0
       0
       0
       0
       0
       0
       1
       1
       0
       1
       0
       1
       0
       0
       0
       0
       1
       0
       0
       0
       0
       1
       0
       1
       0
       0
       2
       0
       0
       0
       2
       0
       0
       1
       0
       0
       1
       0
       0
       2
       0
       0
       0
       0
       0
       1
       0
       0
       0
       1
       0
       1
       0
       0
       0
       0
       0
       0
       0
       1
       0
       0
       0
       1
       0
       0
       0
       0
       1
       0
       0
       1
       0
       1
       0
       0
       0
       1
       1
       0
       0
       0
       1
       0
       0
       1
       0
       0
       0
       0
       0
       1
       0
       0
       0
       1
       0
       1
       0
       0
       0
       1
       0
       0
       0
       0
       0
       1
       1
       0
       0
       0
       0
       1
       0
       0
       0
       0
       0
       0
       0
       0
       1
       0
       0
       0
       0
       0
       1
       0
       0
       0
       0
       0
       0
       0
       0
       0
       0
       0
       0
       1
       0
       0
       0
       0
       0
       0
       0
       1
       0
       0
       0
       0
       0
       0
       0
       0
       0
       0
       0
       0
       0
       0
       1
       0
       0
       1
       0
       1
       0
       1
       0
       0
       0
       0
       1
       0
       1
       0
       1
       0
       0
       0
       0
       0
       0
       0
       0
       0
       0
       1
       0
       0
       0
       0
       0
       0
       0
       1
       0
       0
       0
       0
       0
       0
       0
       0
       0
       0
       1
       0
       0
       1
       1
       0
       1
       1
       0
       1
       0
       0
       1
       0
       3
       1
       0
       0
       0
       0
       0
       0
       1
       1
       0
       0
       1
       0
       0
       0
       0
       1
       0
       1
       1
       0
       0
       0
       0
       0
       0
       1
       0
       0
       0
       0
       1
       1
       1
       0
       0
       1
       1
       1
       0
       1
       0
       0
       0
       0
       0
       0
       0
       0
       0
       0
       0
       0
       0
       0
       1
       0
       1
       3
       0
       0
       0
       0
       1
       0
       0
       1
       0
       0
       1
       1
       0
       0
       0
       0
       0
       0
       0
       1
       0
       0
       0
       0
       0
       0
       1
       0
       0
       0
       0
       0
       1
       1
       0
       0
       0
       0
       0
       1
       0
       0
       0
       1
       0
       0
       0
       0
       0
       1
       0
       0
       0
       1
       0
       0
       0
       0
       0
       0
       0
       0
       0
       0
       0
       0
       0
       1
       0
       0
       1
       0
       0
       0
       2
       0
       0
       0
       0
       0
       0
       1
       0
       0
       0
       0
       0
       0
       0
       0
       0
       0
       0
       0
       0
       0
       1
       0
       0
       0
       0
       1
       1
       0
       0
       0
       0
       0
       0
       0
       1
       1
       0
       0
       0
       0
       0
       0
       0
       0
       0
       0
       0
       0
       0
       1
       0
       0
       1
       0
       0
       0
       0
       0
       0
       0
       0
       0
       1
       0
       0
       0
       0
       1
       0
       1
       1
       0
       0
       1
       0
       0
       0
       0
       0
       0
       0
       0
       0
       0
       1
       0
       0
       0
       0
       0
       0
       0
       0
       1
       0
       0
       0
       0
       0
       0
       0
       1
       0
       0
       0
       0
       0
       0
       0
       0
       0
       0
       0
       0
       0
       0
       1
       0
       0
       0
       0
       0
       0
       0
       0
       0
       0
       0
       0
       0
       1
       0
       0
       0
       1
       0
       0
       0
       0
       0
       0
       0
       0
       0
       0
       0
       0
       1
       0
       1
       0
       0
       1
       0
       0
       0
       1
       0
       0
       0
       0
       0
       0
       0
       0
       1
       0
       0
       0
       0
       0
       0
       1
       0
       0
       0
       0
       1
       0
       0
       0
       0
       0
       0
       0
       0
       1
       1
       0
       0
       0
       1
       2
       0
       0
       0
       0
       0
       0
       0
       0
       0
       0
       0
       0
       0
       0
       0
       0
       1
       0
       0
       0
       0
       0
       1
       0
       0
       0
       0
       0
       0
       1
       0
       0
       0
       0
       0
       0
       0
       0
       0
       0
       1
       1
       0
       0
       0
       0
       0
       1
       0
       0
       1
       0
       0
       1
       0
       0
       0
       0
       0
       0
       0
       0
       0
       0
       0
       0
       0
       0
       0
       0
       0
       0
       0
       0
       0
       0
       1
       0
       0
       0
       0
       0
       0
       0
       0
       0
       0
       0
       0
       1
       0
       1
       0
       0
       1
       0
       0
       0
       0
       0
       1
       0
       0
       0
       0
       0
       0
       0
       0
       1
       0
       0
       0
       0
       1
       0
       0
       1
       0
       0
       0
       1
       0
       0
       0
       0
       0
       0
       0
       1
       1
       0
       0
       0
       0
       0
       0
       0
       1
       0
       1
       1
       0
       0
       1
       0
       0
       0
       1
       0
       0
       0
       0
       0
       0
       0
       0
       0
       0
       0
       0
       0
       0
       0
       0
       0
       0
       0
       1
       0
       0
       0
       1
       0
       0
       0
       0
       0
       1
       0
       0
       0
       1
       0
       0
       0
       0
       0
       1
       0
       0
       0
       0
       0
       1
       0
       0
       0
       0
       0
       1
       0
       0
       0
       0
       0
       0
       0
       0
       0
       2
       0
       0
       0
       0
       0
       0
       0
       0
       0
       0
       0
       1
       0
       0
       0
       0
       0
       0
       0
       0
       0
       0
       0
       0
       0
       0
       0
       0
       1
       0
       0
       0
       0
       0
       0
       0
       0
       0
       0
       0
       0
       0
       0
       0
       0
       0
       0
       0
       0
       0
       0
       1
       0
       0
       0
       0
       0
       0
       0
       0
       0
       0
       1
       0
       2
       0
       0
       0
       0
       0
       0
       0
       0
       0
       0
       0
       0
       0
       0
       0
       0
       0
       0
       0
       0
       0
       0
       0
       0
       0
       0
       0
       0
       0
       1
       0
       0
       0
       1
       0
       0
       0
       0
       0
       0
       0
       1
       0
       0
       0
       0
       0
       1
       0
       1
       0
       0
       0
       0
       0
       1
       0
       0
       0
       0
       0
       0
       1
       0
       0
       0
       0
       0
       0
       0
       0
       0
       0
       0
       0
       0
       0
       0
       0
       0
       0
       0
       0
       0
       0
       0
       1
       0
       0
       0
       0
       0
       0
       0
       0
       0
       0
       0
       0
       0
       1
       0
       0
       0
       0
       0
       1
       2
       0
       1
       1
       1
       0
       0
       0
       0
       0
       0
       0
       0
       1
       0
       0
       0
       0
       0
       0
       0
       0
       0
       1
       0
       1
       0
       0
       0
       0
       0
       0
       0
       0
       1
       0
       0
       1
       0
       0
       0
       0
       0
       0
       0
       0
       1
       2
       0
       0
       0
       0
       0
       0
       0
       0
       0
       0
       0
       0
       0
       0
       0
       0
       0
       0
       0
       0
       0
       0
       0
       0
       0
       0
       0
       0
       0
       0
       0
       0
       0
       0
       0
       0
       0
       0
       0
       1
       0
       0
       0
       0
       0
       0
       0
       0
       0
       0
       0
       0
       0
       1
       0
       0
       0
       0
       1
       0
       0
       0
       0
       0
       0
       0
       0
       1
       0
       0
       0
       1
       0
       0
       0
       0
       0
       0
       0
       1
       0
       0
       0
       1
       0
       0
       0
       0
       0
       0
       1
       0
       0
       0
       0
       0
       0
       0
       0
       1
       0
       0
       0
       0
       0
       0
       1
       0
       0
       0
       0
       0
       0
       0
       0
       0
       1
       0
       0
       1
       1
       0
       0
       0
       0
       0
       0
       0
       0
       0
       1
       0
       0
       0
       0
       0
       0
       0
       0
       0
       0
       1
       0
       0
       0
       0
       1
       0
       0
       0
       0
       0
       0
       0
       0
       0
       0
       0
       1
       0
       0
       0
       0
       0
       0
       0
       0
       0
       1
       0
       0
       0
       0
       0
       0
       0
       0
       0
       0
       0
       0
       0
       0
       0
       0
       0
       0
       0
       0
       0
       1
       0
       0
       0
       0
       0
       1
       0
       0
       0
       0
       0
       0
       1
       0
       0
       0
       0
       0
       0
       0
       0
       0
       0
       0
       0
       0
       0
       0
       0
       0
       0
       0
       0
       0
       0
       0
       0
       0
       0
       0
       0
       0
       0
       0
       0
       0
       1
       0
       0
       1
       0
       0
       1
       0
       0
       0
       0
       0
       0
       0
       0
       0
       0
       0
       0
       0
       0
       0
       0
       0
       0
       1
       3
       0
       0
       0
       0
       0
       0
       0
       0
       0
       0
       0
       0
       0
       0
       0
       0
       0
       0
       1
       0
       0
       0
       0
       0
       0
       0
       0
       0
       0
       0
       0
       0
       0
       0
       0
       0
       0
       0
       0
       0
       0
       1
       0
       0
       1
       0
       0
       1
       0
       1
       0
       1
       0
       0
       1
       0
       0
       0
       1
       0
       0
       0
       0
       0
       0
       0
       1
       0
       0
       0
       0
       0
       0
       0
       0
       0
       0
       0
       0
       0
       0
       0
       0
       0
       0
       0
       0
       0
       1
       0
       0
       0
       0
       0
       0
       0
       0
       0
       0
       0
       0
       0
       0
       1
       1
       1
       0
       0
       0
       0
       0
       0
       1
       0
       0
       0
       0
       0
       1
       0
       0
       0
       0
       0
       0
       0
       0
       0
       0
       0
       0
       0
       0
       0
       0
       0
       0
       1
       0
       0
       0
       0
       0
       0
       0
       0
       1
       0
       0
       0
       0
       0
       0
       0
       0
       0
       0
       0
       0
       0
       0
       0
       0
       0
       0
       0
       0
       0
       0
       0
       1
       0
       0
       0
       0
       0
       0
       0
       0
       0
       0
       0
       0
       0
       0
       0
       0
       0
       0
       0
       0
       0
       0
       0
       2
       0
       2
       0
       0
       0
       0
       0
       0
       0
       0
       0
       0
       0
       0
       0
       0
       0
       0
       0
       0
       0
       0
       0
       0
       1
       1
       0
       0
       0
       0
       0
       0
       0
       0
       0
       0
       0
       0
       0
       0
       0
       0
       0
       0
       0
       0
       0
       0
       0
       0
       0
       0
       0
       0
       0
       0
       0
       0
       0
       0
       0
       1
       0
       0
       0
       0
       0
       0
       0
       0
       0
       0
       0
       0
       0
       0
       0
       0
       0
       0
       0
       0
       0
       2
       1
       0
       0
       0
       0
       1
       0
       1
       0
       0
       0
       0
       0
       0
       0
       0
       1
       0
       0
       0
       1
       1
       0
       0
       0
       1
       0
       0
       0
       0
       0
       0
       0
       0
       0
       1
       0
       0
       0
       0
       0
       0
       0
       0
       0
       0
       1
       0
       0
       0
       0
       0
       0
       0
       0
       0
       0
       0
       0
       0
       0
       0
       0
       0
       0
       0
       0
       0
       0
       0
       0
       0
       0
       0
       0
       0
       1
       1
       0
       0
       0
       0
       0
       0
       0
       0
       0
       0
       0
       1
       0
       0
       0
       0
       0
       0
       0
       0
       0
       0
       0
       0
       0
       0
       0
       0
       0
       1
       0
       1
       0
       0
       0
       0
       0
       1
       0
       0
       0
       0
       0
       0
       0
       0
       0
       0
       0
       0
       0
       1
       0
       0
       0
       0
       0
       0
       0
       0
       0
       0
       1
       0
       0
       0
       0
       0
       0
       0
       0
       0
       0
       0
       0
       0
       0
       0
       0
       1
       0
       0
       0
       0
       0
       1
       0
       0
       0
       0
       0
       1
       0
       0
       1
       0
       0
       0
       0
       0
       0
       0
       0
       1
       0
       0
       0
       1
       0
       0
       0
       0
       0
       0
       0
       0
       0
       0
       0
       0
       1
       0
       0
       0
       0
       0
       0
       1
       0
       0
       1
       0
       0
       0
       0
       0
       0
       0
       0
       0
       0
       0
       0
       1
       0
       0
       0
       0
       0
       1
       0
       0
       0
       0
       0
       0
       0
       0
       0
       1
       0
       0
       0
       0
       1
       0
       0
       0
       0
       0
       0
       0
       0
       0
       0
       0
       0
       0
       0
       1
       0
       0
       0
       0
       0
       0
       1
       0
       0
       0
       0
       0
       0
       0
       0
       0
       0
       0
       0
       0
       0
       1
       0
       0
       0
       0
       0
       0
       0
       0
       0
       0
       0
       0
       0
       1
       1
       0
       0
       1
       0
       0
       0
       0
       0
       0
       0
       0
       0
       0
       0
       0
       0
       0
       0
       0
       0
       0
       1
       0
       0
       0
       0
       0
       0
       0
       0
       0
       1
       0
       0
       1
       0
       0
       0
       0
       0
       0
       0
       0
       0
       1
       0
       0
       0
       0
       0
       0
       0
       0
       0
       0
       0
       0
       0
       0
       0
       1
       0
       0
       0
       0
       0
       0
       0
       0
       0
       0
       0
       1
       0
       0
       1
       1
       0
       0
       0
       0
       0
       0
       0
       0
       0
       0
       0
       0
       0
       0
       0
       0
       0
       0
       0
       0
       0
       0
       0
       0
       1
       0
       0
       0
       0
       0
       0
       0
       0
       0
       0
       0
       1
       0
       1
       0
       1
       0
       1
       0
       0
       0
       0
       1
       0
       0
       0
       0
       0
       0
       0
       0
       0
       0
       0
       0
       0
       0
       0
       0
       0
       0
       0
       0
       0
       0
       1
       0
       0
       0
       1
       0
       0
       0
       0
       0
       0
       0
       0
       1
       0
       0
       1
       0
       0
       0
       0
       0
       0
       0
       0
       0
       0
       0
       0
       0
       0
       0
       0
       0
       0
       0
       0
       0
       0
       0
       0
       0
       0
       0
       1
       0
       0
       0
       0
       0
       0
       0
       0
       0
       0
       0
       0
       0
       0
       0
       0
       0
       0
       0
       0
       0
       0
       0
       0
       0
       0
       1
       0
       0
       0
       0
       0
       0
       0
       0
       0
       0
       0
       0
       0
       0
       0
       0
       0
       0
       0
       0
       0
       0
       0
       0
       0
       0
       0
       0
       1
       0
       0
       0
       0
       0
       0
       0
       0
       0
       0
       0
       0
       1
       0
       0
       0
       0
       0
       0
       0
       0
       0
       0
       0
       0
       1
       0
       0
       0
       0
       0
       1
       0
       0
       0
       0
       0
       0
       0
       0
       0
       1
       0
       1
       1
       0
       0
       0
       0
       1
       1
       0
       0
       0
       0
       1
       0
       0
       0
       0
       0
       0
       0
       0
       1
       0
       0
       0
       0
       0
       0
       0
       1
       0
       0
       0
       1
       0
       0
       0
       0
       0
       0
       0
       0
       0
       0
       0
       0
       0
       0
       0
       0
       0
       0
       0
       0
       0
       0
       0
       0
       0
       0
       0
       0
       0
       0
       0
       1
       0
       0
       0
       0
       0
       0
       0
       0
       0
       0
       0
       1
       0
       0
       0
       1
       0
       1
       0
       0
       0
       0
       0
       0
       0
       0
       0
       0
       0
       0
       0
       0
       0
       0
       0
       0
       0
       0
       0
       0
       0
       0
       0
       0
       0
       0
       0
       0
       1
       0
       0
       0
       0
       0
       0
       0
       0
       0
       0
       0
       0
       0
       0
       0
       1
       0
       0
       0
       0
       0
       0
       0
       0
       0
       0
       0
       0
       0
       0
       0
       0
       0
       0
       1
       0
       0
       0
       0
       0
       1
       0
       0
       0
       0
       0
       0
       0
       0
       0
       1
       0
       0
       0
       0
       0
       0
       0
       0
       0
       0
       0
       0
       0
       1
       0
       0
       0
       0
       0
       0
       0
       0
       0
       0
       0
       0
       1
       0
       0
       0
       0
       0
       0
       0
       0
       0
       0
       0
       0
       0
       0
       0
       0
       0
       1
       0
       0
       0
       0
       0
       0
       1
       0
       0
       0
       0
       0
       0
       0
       0
       0
       0
       0
       0
       0
       0
       0
       0
       0
       1
       0
       0
       0
       0
       0
       0
       0
       0
       0
       0
       0
       0
       1
       0
       0
       0
       0
       0
       0
       0
       1
       0
       1
       1
       0
       0
       0
       0
       0
       0
       0
       0
       0
       0
       0
       0
       0
       0
       1
       0
       0
       0
       0
       0
       0
       1
       0
       0
       0
       0
       2
       0
       0
       0
       0
       0
       0
       0
       0
       0
       0
       0
       0
       0
       0
       0
       0
       0
       1
       0
       0
       0
       0
       1
       0
       0
       0
       0
       0
       1
       0
       0
       0
       0
       1
       0
       0
       0
       0
       0
       1
       0
       0
       0
       0
       0
       0
       0
       0
       0
       0
       0
       0
       0
       0
       0
       0
       0
       0
       0
       0
       0
       0
       0
       0
       0
       0
       0
       0
       0
       0
       0
       0
       0
       0
       0
       0
       0
       0
       0
       0
       0
       0
       0
       0
       0
       0
       0
       1
       0
       0
       0
       0
       0
       0
       0
       0
       0
       0
       0
       0
       0
       1
       0
       0
       0
       0
       1
       0
       0
       0
       0
       0
       0
       0
       1
       0
       0
       0
       0
       0
       0
       0
       0
       0
       0
       0
       0
       0
       1
       0
       1
       0
       0
       0
       0
       0
       0
       0
       0
       0
       0
       0
       0
       1
       0
       0
       0
       0
       0
       0
       0
       0
       0
       1
       0
       0
       0
       0
       0
       0
       0
       0
       0
       0
       0
       0
       0
       0
       0
       0
       0
       1
       0
       0
       0
       0
       0
       0
       0
       0
       0
       0
       0
       0
       0
       0
       0
       0
       0
       0
       0
       0
       0
       0
       0
       0
       0
       1
       0
       0
       0
       1
       0
       0
       0
       0
       0
       0
       0
       0
       0
       0
       0
       0
       0
       1
       0
       0
       0
       0
       0
       0
       0
       0
       0
       0
       0
       1
       0
       0
       0
       0
       0
       0
       0
       0
       0
       0
       0
       0
       0
       0
       0
       0
       0
       0
       0
       0
       0
       0
       0
       0
       1
       0
       0
       0
       0
       0
       0
       0
       0
       0
       0
       0
       1
       0
       0
       0
       0
       0
       0
       0
       0
       0
       0
       0
       1
       0
       0
       0
       0
       0
       0
       0
       0
       0
       0
       0
       0
       0
       0
       0
       0
       0
       0
       0
       0
       0
       0
       0
       2
       0
       1
       0
       1
       0
       0
       0
       1
       0
       0
       1
       0
       0
       0
       0
       0
       0
       0
       0
       0
       0
       0
       0
       0
       0
       0
       0
       0
       1
       0
       0
       0
       0
       0
       0
       0
       0
       0
       0
       0
       0
       0
       0
       0
       0
       0
       0
       0
       0
       0
       0
       0
       0
       0
       0
       0
       0
       0
       0
       0
       0
       0
       0
       0
       0
       1
       0
       0
       1
       0
       0
       0
       0
       0
       0
       0
       0
       0
       0
       0
       0
       0
       0
       0
       0
       0
       0
       0
       0
       0
       0
       0
       1
       0
       0
       0
       0
       0
       0
       0
       0
       0
       0
       0
       0
       0
       0
       0
       0
       0
       0
       0
       1
       0
       0
       0
       0
       0
       1
       0
       0
       0
       0
       0
       0
       0
       0
       0
       0
       0
       0
       0
       0
       0
       0
       1
       0
       0
       0
       0
       0
       0
       0
       0
       0
       0
       0
       0
       0
       0
       1
       0
       0
       1
       0
       0
       0
       0
       1
       0
       0
       0
       0
       0
       0
       0
       0
       0
       0
       0
       0
       0
       0
       0
       0
       0
       0
       0
       0
       0
       0
       0
       0
       0
       0
       0
       0
       0
       0
       0
       0
       0
       1
       0
       0
       0
       0
       0
       1
       0
       0
       0
       0
       0
       0
       0
       0
       0
       0
       0
       0
       0
       0
       0
       0
       1
       0
       0
       0
       0
       0
       0
       0
       0
       0
       0
       0
       0
       0
       0
       0
       0
       0
       1
       0
       0
       0
       0
       0
       0
       0
       0
       0
       0
       0
       0
       0
       0
       0
       0
       0
       0
       0
       0
       1
       0
       0
       0
       0
       0
       1
       0
       0
       0
       0
       0
       1
       1
       1
       0
       0
       0
       0
       0
       0
       0
       0
       0
       0
       0
       0
       0
       0
       0
       0
       0
       0
       0
       0
       0
       0
       0
       0
       0
       0
       0
       0
       0
       0
       0
       0
       0
       0
       0
       0
       1
       0
       0
       0
       0
       0
       0
       0
       0
       0
       0
       0
       0
       0
       0
       0
       0
       0
       1
       0
       0
       0
       0
       0
       0
       0
       0
       0
       0
       0
       0
       0
       0
       0
       0
       0
       0
       0
       0
       0
       0
       1
       0
       0
       0
       0
       0
       1
       0
       0
       0
       0
       0
       0
       0
       1
       0
       0
       0
       1
       0
       0
       0
       0
       0
       0
       0
       0
       0
       0
       0
       0
       0
       0
       0
       0
       0
       0
       0
       0
       0
       0
       0
       0
       0
       0
       0
       0
       0
       0
       0
       0
       0
       0
       0
       0
       0
       0
       0
       0
       0
       0
       0
       0
       0
       0
       0
       0
       0
       0
       0
       0
       0
       0
       0
       0
       0
       0
       0
       0
       0
       0
       0
       0
       0
       0
       0
       0
       0
       0
       0
       0
       0
       0
       0
       0
       0
       0
       0
       0
       0
       0
       0
       0
       0
       0
       0
       0
       0
       0
       0
       0
       0
       0
       0
       0
       0
       0
       0
       0
       0
       0
       0
       0
       0
       0
       0
       0
       0
       0
       0
       0
       0
       0
       0
       0
       0
       0
       0
       0
       0
       0
       0
       0
       0
       0
       0
       0
       0
       0
       0
       0
       0
       0
       0
       0
       0
       0
       0
$ROI:
0
$PRESETS:
None
0
0
$ENER_FIT:
-2.173939 0.279251
$MCA_CAL:
3
-2.173939E+000 2.792507E-001 0.000000E+000 keV
$SHAPE_CAL:
3
1.571259E+001 -1.155430E-003 0.000000E+000
