$SPEC_ID:
226Ra
$SPEC_REM:
DET# 1
DETDESC# MCB 132 Input 1
AP# Maestro Version 6.06
$DATE_MEA:
10/26/2021 12:51:22
$MEAS_TIM:
4898 4915
$DATA:
0 8191
       0
       0
       0
       0
       0
       0
       0
       0
       0
       0
       0
       0
       0
       0
       0
       0
       0
       0
       0
       0
       0
       0
       0
       0
       0
       4
    3656
   11372
    2478
    1700
    1625
    1617
    1698
    1739
    1820
    1981
    1931
    1903
    1837
    1766
    1779
    1734
    1618
    1662
    1613
    1607
    1563
    1515
    1468
    1521
    1410
    1372
    1455
    1376
    1382
    1327
    1280
    1328
    1321
    1329
    1259
    1262
    1290
    1265
    1201
    1256
    1160
    1162
    1119
    1198
    1118
    1182
    1127
    1106
    1172
    1127
    1122
    1048
    1089
    1036
    1096
    1053
    1000
    1009
     997
    1025
    1040
     969
     908
    1040
    1053
     967
     931
     951
     915
     859
     962
     929
     959
     915
     897
     935
     900
     943
     915
     870
     848
     902
     854
     872
     866
     887
     830
     856
     877
     790
     777
     854
     864
     854
     859
     835
     831
     790
     822
     935
     829
     873
     838
     846
     811
     905
     854
     878
     864
     946
     901
     909
     879
     886
     951
     867
     889
     868
     997
    1321
    1769
    2810
    3639
    4286
    4024
    2841
    1561
     883
     687
     615
     684
     647
     648
     699
     685
     684
     619
     603
     652
     724
    1077
    1640
    2465
    2591
    1990
    1350
    1250
    1195
    1025
     776
     564
     499
     472
     532
     499
     502
     491
     464
     466
     491
     486
     466
     469
     445
     456
     464
     469
     442
     491
     495
     503
     515
     465
     462
     445
     515
     478
     470
     480
     451
     455
     446
     463
     487
     465
     436
     457
     468
     463
     442
     451
     429
     448
     463
     466
     474
     439
     432
     464
     455
     463
     471
     467
     439
     484
     474
     493
     485
     472
     499
     474
     474
     450
     514
     469
     449
     489
     486
     562
     515
     542
     558
     485
     459
     539
     536
     566
     550
     479
     568
     581
     588
     562
     573
     606
     546
     569
     589
     637
     685
     753
     755
     712
     718
     695
     621
     678
     768
     885
     912
     897
     782
     663
     589
     603
     629
     611
     655
     641
     611
     635
     655
     650
     635
     688
     694
     735
     704
     702
     668
     754
     747
     790
     776
     854
     872
     859
     928
     972
     901
    1016
    1051
    1116
    1174
    1278
    1211
    1202
    1158
    1052
    1080
    1114
    1099
    1184
    1179
    1175
    1137
    1131
    1092
    1105
    1103
    1066
    1106
    1090
    1065
    1097
    1112
    1076
    1137
    1138
    1089
    1088
    1160
    1101
    1104
    1098
    1092
    1009
    1068
    1005
    1058
    1014
    1022
     998
     996
     988
    1050
     998
    1007
     940
     901
     981
     959
     933
     959
     956
     892
     903
     922
     875
     936
     927
     913
     880
     916
     888
     885
     885
     850
     868
     846
     853
     817
     839
     873
     853
     925
     831
     921
     822
     879
     855
     856
     853
     816
     802
     865
     807
     873
     779
     800
     842
     804
     831
     799
     840
     823
     777
     804
     793
     841
     740
     773
     789
     812
     808
     754
     799
     821
     817
     752
     808
     784
     792
     823
     819
     762
     779
     837
     801
     744
     801
     779
     826
     789
     795
     797
     795
     848
     770
     823
     875
     858
    1063
    2298
    6391
   15434
   26215
   30744
   24563
   13063
    5152
    1870
    1015
     818
     708
     626
     590
     611
     611
     617
     609
     672
     646
     652
     648
     634
     657
     613
     689
     638
     634
     645
     691
     648
     594
     693
     672
     665
     634
     600
     648
     652
     604
     643
     628
     646
     646
     657
     608
     660
     612
     652
     630
     600
     682
     659
     701
     614
     607
     661
     635
     617
     674
     649
     657
     654
     638
     645
     610
     674
     631
     663
     663
     645
     674
     627
     679
     645
     660
     665
     616
     614
     693
     645
     631
     644
     679
     653
     647
     654
     694
     661
     670
     663
     686
     718
     728
     710
     744
     714
     691
     726
     770
     721
     670
     683
     732
     747
     708
     730
     715
     738
     744
     676
     751
     712
     731
     771
     708
     766
     729
     746
     758
     729
     773
     718
     704
     702
     721
     744
     762
     713
     718
     788
     672
     754
     713
     742
     691
     714
     714
     700
     751
     708
     703
     721
     747
     713
     656
     750
     661
     663
     703
     744
     679
     694
     679
     672
     669
     704
     690
     749
     728
     734
     719
     647
     688
     661
     702
     670
     732
     727
     707
     668
     747
     697
     734
     671
     705
     679
     648
     693
     683
     746
     684
     713
     701
     744
     685
     767
     703
     631
     664
     674
     715
     705
     740
     704
     680
     654
     691
     708
     662
     663
     667
     675
     729
     672
     645
     677
     701
     694
     703
     684
     668
     686
     666
     665
     631
     671
     633
     682
     669
     643
     628
     655
     594
     688
     700
     626
     670
     648
     600
     677
     632
     613
     646
     650
     643
     607
     635
     637
     670
     661
     601
     651
     633
     648
     626
     638
     670
     585
     636
     677
     587
     654
     565
     641
     625
     605
     612
     607
     633
     589
     582
     590
     593
     616
     566
     564
     562
     598
     626
     583
     583
     581
     575
     564
     569
     571
     606
     554
     571
     537
     555
     564
     535
     547
     542
     557
     536
     511
     548
     555
     528
     526
     564
     583
     578
     554
     484
     521
     547
     515
     546
     531
     524
     528
     556
     549
     528
     512
     559
     499
     527
     527
     534
     518
     531
     508
     525
     531
     504
     502
     512
     533
     527
     518
     521
     486
     497
     531
     518
     525
     533
     504
     478
     502
     504
     535
     505
     472
     493
     513
     534
     547
     508
     514
     513
     502
     504
     485
     519
     514
     476
     471
     474
     473
     511
     495
     484
     503
     500
     525
     502
     434
     500
     454
     519
     504
     464
     503
     470
     467
     446
     441
     520
     530
     492
     479
     446
     458
     491
     478
     446
     464
     476
     467
     479
     433
     444
     492
     491
     476
     456
     464
     424
     420
     445
     384
     473
     428
     476
     420
     429
     473
     441
     409
     429
     436
     463
     431
     420
     402
     469
     413
     433
     441
     420
     414
     451
     403
     458
     396
     426
     412
     415
     439
     417
     433
     404
     399
     385
     425
     399
     390
     399
     463
     402
     429
     404
     398
     485
     572
    1031
    2139
    3926
    5422
    5478
    4343
    2542
    1321
     629
     418
     375
     383
     388
     388
     392
     385
     401
     384
     375
     409
     370
     401
     387
     383
     368
     417
     416
     374
     411
     417
     368
     391
     358
     390
     420
     360
     321
     359
     328
     318
     363
     344
     360
     322
     325
     308
     324
     367
     339
     349
     347
     327
     347
     329
     320
     329
     307
     352
     336
     357
     317
     338
     323
     341
     319
     334
     307
     321
     312
     298
     332
     309
     304
     328
     306
     293
     305
     361
     284
     302
     311
     350
     305
     306
     328
     365
     263
     301
     297
     341
     320
     342
     303
     289
     337
     293
     327
     319
     350
     345
     351
     295
     293
     270
     308
     313
     310
     321
     330
     285
     325
     318
     317
     324
     324
     303
     280
     307
     284
     273
     282
     284
     289
     292
     295
     252
     266
     257
     327
     276
     264
     301
     333
     266
     282
     268
     291
     251
     261
     265
     272
     241
     277
     292
     278
     283
     231
     287
     261
     282
     261
     263
     259
     243
     268
     270
     253
     267
     233
     281
     263
     239
     237
     261
     240
     226
     247
     257
     266
     239
     244
     235
     263
     275
     233
     247
     289
     224
     238
     216
     225
     253
     229
     243
     293
     374
     465
     465
     477
     411
     348
     279
     239
     254
     233
     232
     250
     246
     241
     208
     258
     234
     239
     230
     238
     225
     246
     227
     227
     268
     242
     239
     227
     230
     256
     219
     252
     222
     241
     256
     216
     214
     249
     234
     224
     227
     217
     250
     237
     205
     228
     206
     240
     226
     245
     230
     235
     213
     231
     226
     217
     242
     233
     245
     226
     233
     207
     240
     218
     225
     228
     215
     211
     208
     239
     239
     237
     238
     218
     210
     219
     205
     227
     213
     194
     223
     201
     210
     198
     222
     202
     224
     220
     207
     196
     212
     216
     216
     186
     215
     186
     213
     212
     217
     189
     202
     215
     198
     224
     241
     234
     253
     224
     248
     240
     249
     199
     199
     230
     189
     209
     208
     199
     180
     202
     244
     258
     283
     258
     215
     215
     225
     226
     190
     202
     206
     200
     197
     192
     169
     217
     199
     207
     190
     211
     216
     202
     218
     159
     189
     199
     207
     199
     190
     205
     196
     218
     193
     203
     211
     171
     198
     203
     218
     211
     210
     191
     216
     174
     188
     205
     200
     211
     214
     261
     462
    1100
    2854
    5893
    9843
   12651
   12677
    9753
    5936
    2703
    1113
     435
     214
     194
     166
     195
     169
     189
     160
     143
     165
     169
     171
     164
     163
     159
     159
     163
     172
     172
     182
     176
     163
     145
     184
     191
     169
     176
     159
     146
     165
     163
     145
     174
     157
     172
     167
     165
     147
     167
     164
     172
     152
     180
     158
     175
     179
     166
     165
     165
     157
     170
     155
     154
     165
     156
     150
     145
     145
     148
     188
     137
     147
     161
     192
     168
     185
     170
     172
     169
     156
     192
     142
     145
     177
     198
     235
     305
     388
     485
     502
     497
     365
     251
     197
     156
     160
     133
     146
     165
     166
     161
     141
     150
     151
     164
     145
     132
     136
     159
     149
     152
     125
     133
     121
     153
     154
     167
     170
     140
     153
     129
     154
     156
     135
     121
     153
     156
     158
     157
     153
     143
     129
     144
     145
     164
     168
     145
     157
     135
     147
     167
     131
     139
     141
     135
     138
     145
     119
     132
     148
     144
     145
     153
     157
     172
     158
     151
     143
     153
     145
     146
     136
     139
     136
     112
     139
     150
     137
     154
     137
     138
     135
     151
     149
     120
     143
     148
     142
     146
     132
     121
     124
     116
     126
     152
     136
     141
     121
     131
     122
     132
     138
     140
     138
     137
     140
     136
     140
     121
     124
     127
     120
     112
     147
     150
     133
     118
     128
     146
     124
     113
     146
     130
     149
     143
     148
     148
     109
     121
     114
     142
     123
     111
     114
     145
     128
     122
     153
     121
     142
     131
     125
     123
     127
     129
     118
     129
     144
     153
     180
     240
     455
     626
     954
     974
     962
     669
     415
     261
     177
     139
     126
     116
     130
     121
     126
     134
     113
     145
     173
     156
     160
     186
     164
     116
     132
     137
     127
     127
     136
     136
     131
     136
     150
     113
     135
     140
     116
     110
     125
     120
     135
     127
     127
     139
     130
     114
     124
     112
     128
     111
     136
     121
     115
     121
     112
     113
     122
      97
     118
     132
     121
      94
     111
     113
     126
     125
      97
     121
     105
     108
     135
     106
     130
     116
     110
     100
     138
     121
     116
     116
     105
     122
     118
     123
     134
     132
     131
     125
     127
     121
     122
     134
     105
     117
     135
     123
     125
     123
     132
     113
     129
     104
     111
     114
     119
     111
     116
     124
     149
     104
     119
     124
     116
     115
     129
     133
     240
     379
     615
     945
    1140
    1193
    1027
     765
     448
     264
     152
     120
     113
     115
     116
     124
     113
     112
     103
      97
     113
     117
     108
     116
     115
     110
     102
     118
      98
     119
      92
     116
     109
     111
     112
     115
     106
     121
     123
     100
     117
     121
     113
     114
     122
     123
      90
     103
     108
     103
     103
     118
     106
     109
      97
      96
     123
     111
     130
     104
     116
      97
     108
     101
     100
     106
      97
     115
     115
     111
     100
      95
     111
     111
     106
      87
     116
      99
     107
     121
      96
     118
      86
      97
     114
      96
     115
     120
     115
     108
     100
     128
     119
      89
     118
     115
     105
     109
     117
     114
     101
      96
      79
      95
     106
     111
     114
     102
      90
     110
      91
     110
     115
     111
     109
     100
     118
      97
     106
      98
     118
      97
     102
     104
     104
     102
     101
      99
      96
     119
     111
      93
     111
      84
     111
     116
     106
     134
      97
      97
      99
      99
     103
     134
     109
     107
     126
     119
     105
     100
     102
     104
     102
      97
      79
      99
     103
     103
      96
      98
     118
     133
     145
     183
     224
     238
     240
     196
     155
     125
     118
     123
      99
      83
      90
     103
      95
      87
      91
     132
      93
     109
     117
     117
     117
     109
     104
     104
     111
      95
      99
      88
     117
     108
      99
     131
      95
      90
     100
     103
      85
     110
      97
      98
      80
     105
     101
      96
     117
      87
     102
      86
     109
     107
     115
     113
     131
     147
     130
     150
     127
     128
      97
     107
      94
      97
     102
     104
     103
      90
      94
      82
     103
      94
     103
     106
     110
     103
     105
     107
     113
     116
     117
     149
     144
     133
     149
     146
     113
     119
     125
     107
      97
     105
     104
      91
      93
      95
      78
      86
     107
      91
     110
     114
     108
      80
      99
      97
      99
      91
      96
     115
     100
      94
     100
      89
     113
     107
     119
     127
     103
     109
     105
      93
      98
     105
     104
     122
      92
     111
      90
      92
     116
      95
      95
      80
     115
      90
     108
      84
      88
     108
      92
      85
     109
      97
      87
      98
      95
     102
      88
     120
     103
     104
     116
     112
      98
      86
      97
     114
      90
     111
     102
      96
      90
     104
     111
      99
     121
     124
      92
     117
     113
      85
      97
      85
     108
     100
     101
     109
      82
      83
     103
      92
     111
      86
     114
      88
     100
      94
      95
     106
     105
     105
     119
      98
     112
      95
     117
     105
      99
     100
      98
     119
     107
     104
     106
      83
      86
      89
     105
      97
     107
      92
     103
     104
     107
      87
      89
      90
      98
      85
     100
      95
      98
      83
      95
     100
     104
     117
     106
     103
      93
      96
     106
     101
     108
     109
      95
     106
      89
     101
      92
      87
     110
      89
      89
     122
     110
      94
     108
      94
      95
     102
     100
      81
      95
     117
      93
     117
     104
      98
     120
     103
     114
     100
     100
     106
      95
      96
     120
     142
     168
     209
     225
     242
     200
     166
     169
     129
     118
     116
     130
     140
     130
     139
     135
     123
     127
     110
     107
      86
      87
     117
     103
      89
     104
     117
     108
      96
     108
      88
      91
      90
      94
     109
     101
      92
     111
     112
      96
     107
      94
     110
     100
      98
     117
     104
      91
      96
     102
     109
     100
     114
      91
     105
     107
      80
     119
     104
     102
     118
      94
     109
     105
     102
      98
      96
     107
      97
     111
     107
     109
      94
      95
     117
     119
      97
     107
     119
     113
     126
     170
     171
     215
     213
     188
     196
     139
     125
      90
      85
      93
      86
     103
      81
      92
     101
      91
      96
      99
      87
     110
     109
      95
     101
      87
      97
      92
      92
      99
      63
      72
      84
      90
      98
      71
      99
      73
      97
      77
     100
      91
      79
      80
     103
      86
      92
      76
      82
      66
      74
      94
      66
      91
      93
      67
      78
      80
      84
      87
      82
      99
      77
      87
      87
      91
      69
      79
      92
      68
      96
      83
      69
      87
      85
      74
      78
      79
      74
      83
     104
      95
      84
      91
      79
      78
      81
      76
      82
      87
      99
      76
      94
      86
      88
      86
      71
     100
      82
      93
      99
      87
      89
      86
      85
      82
      81
      78
     104
      75
      93
      97
     104
      77
      79
      82
      80
      82
      73
      76
      72
      87
      83
      98
      71
      63
      94
      64
      90
     106
      78
      91
      87
      74
      86
      88
      82
     101
      91
      78
      77
      89
      83
      67
      74
      86
      75
      76
      74
      87
      91
      69
      79
      83
      80
      89
      88
      73
      85
      71
      73
      70
      97
      70
      81
      85
      86
      91
      76
      78
      91
      69
      93
      91
      82
      82
      80
      75
      86
      85
      66
      83
      79
      78
      96
      77
      76
      82
      60
      85
      84
      73
      85
      77
      58
      76
      84
      84
      79
      70
      90
      69
      71
      67
      71
      84
      98
      84
      69
      82
      83
      57
      83
      90
      71
      79
      72
      87
      85
      76
      63
      79
      70
      69
      91
      93
      76
      79
      73
      79
      85
      76
      81
      81
      74
      74
      76
      73
      80
      83
      81
      87
      75
      70
      83
      73
      57
      84
      88
      81
      83
     103
     104
     124
     108
     118
     115
     115
     113
      83
      78
      82
      78
      84
      81
      69
      83
      80
      81
      92
      85
      80
      95
      96
      75
      80
     106
      65
      78
      76
      90
      88
      77
      71
      74
      71
      71
      73
      96
     100
      84
      77
      78
      83
      73
      69
      83
      70
      92
      80
      74
      80
      56
      90
      83
      80
      86
      65
      82
      85
      75
      69
      76
      67
      72
      84
      80
     109
     105
     113
     113
     119
     120
      94
      83
      75
      80
      65
      88
      81
     109
      99
     120
     166
     161
     172
     162
     149
     137
      95
      85
      86
      84
      79
      69
      68
      94
      47
      81
      63
      73
      91
      74
      70
      71
      76
      63
      78
      92
      76
      84
      89
      82
      96
      76
     104
      90
     140
     185
     220
     242
     239
     226
     190
     140
     126
      94
      93
      85
      80
      93
      79
      75
      75
      87
      93
      82
      69
      61
      80
      72
      58
      68
      85
      62
      79
      76
      82
      74
      80
      82
      78
      74
      75
      67
      82
      67
      75
      68
      78
      79
      82
      77
      69
      73
      79
      97
      74
      78
      67
      75
      70
      85
      87
      77
      75
      86
      78
      97
      80
      79
      75
      63
      83
      76
      72
      90
      78
      66
      70
      66
      67
      84
      82
      81
      89
      79
      65
      72
      82
      83
      74
      71
      85
     101
      99
      93
      85
      84
     100
      83
      88
      54
      85
      95
      68
      69
      75
      86
      76
      77
      75
      78
      81
      87
      86
      93
     120
     124
     141
     149
     132
     115
     137
      97
     112
      80
      93
      78
      91
      86
      92
      94
      96
     105
     125
      95
      93
      92
      62
      82
      82
      96
      85
      90
      81
      76
      81
      55
      84
      74
      75
      93
      89
      76
      91
      71
      94
      90
      88
      81
      78
      85
      85
      92
      96
      82
      85
      76
      87
      72
      90
      76
      93
      90
      72
      79
      78
      79
      67
     104
      90
      88
      87
      92
      70
      82
      85
      79
      76
      94
      93
      86
      69
      79
      86
      91
      78
      89
      80
      82
      73
      92
      72
      82
      72
      88
      82
      70
      90
      89
      75
      66
      77
      87
      63
      80
      86
      87
      84
      80
      69
      96
      80
      81
      65
      90
      77
      70
      65
      89
      72
      87
      77
      86
      63
      92
      72
      78
      90
      78
      83
      95
      76
      82
      81
     104
      81
      77
      69
      73
      71
      68
      87
      83
      89
      70
      86
      84
      78
      86
      84
      80
      69
      97
      81
      80
      84
      85
      73
      75
      78
      61
      81
      75
      71
      75
      73
      78
      94
      86
      89
     104
     108
     130
     104
     108
      83
      90
      81
      74
      80
      68
      73
      83
      84
     102
      87
      86
      84
      80
      74
      88
      76
      83
      72
      62
      66
      64
      65
      67
      63
      82
      59
      69
      83
      89
      65
      85
      84
      74
      75
      62
      65
      92
      99
     151
     220
     348
     575
     958
    1356
    1877
    2111
    2280
    2153
    1704
    1241
     807
     515
     274
     145
     101
      95
      77
      62
      55
      59
      77
      64
      78
      57
      48
      55
      63
      67
      65
      65
      58
      79
      71
      65
      80
      70
      66
      63
      75
      67
      73
      75
      63
      73
      79
      75
      61
      70
      63
      78
      54
      72
      61
      64
      75
      64
      83
      50
      68
      70
      66
      65
      72
      59
      63
      71
      62
      59
      72
      60
      62
      62
      56
      62
      57
      59
      65
      54
      57
      74
      68
      57
      54
      63
      71
      77
      65
      55
      77
      62
      59
      62
      74
      61
      56
      75
      61
      73
      58
      65
      72
      79
      66
      61
      64
      65
      68
      81
      55
      67
      63
      69
      82
      63
      75
      74
      95
      93
     118
     116
     105
     105
      88
      75
      69
      59
      68
      75
      62
      74
      55
      48
      69
      64
      47
      56
      65
      68
      66
      65
      74
      51
      66
      73
      66
      66
      59
      64
      62
      57
      67
      55
      72
      58
      59
      62
      76
      68
      59
      61
      64
      49
      67
      59
      71
      63
      61
      61
      60
      59
      61
      79
      72
      73
      63
      58
      83
      62
      63
      38
      73
      57
      74
      71
      71
      66
      53
      75
      65
      52
      59
      61
      62
      70
      57
      75
      60
      68
      57
      69
      65
      79
      69
      61
      63
      75
      68
      52
      58
      74
      71
      60
      71
      66
      63
      65
      59
      62
      54
      74
      67
      75
      62
      76
      77
      71
      75
      85
      78
      93
     107
     114
      86
      70
      73
      77
      65
      68
      72
      71
      60
      64
      70
      68
      71
      72
      50
      56
      66
      58
      66
      68
      62
      72
      64
      80
      66
      63
      59
      62
      65
      69
      76
      65
      72
      55
      75
      71
      62
      70
      69
      68
      77
      59
      74
      75
      70
      74
      58
      68
      63
      86
      75
      84
      62
      70
      78
      73
      61
      74
      71
      67
      72
      83
      52
      60
      59
      68
      65
      75
      51
      72
      51
      65
      78
      76
      74
      69
      80
      68
      55
      70
      79
      72
      86
      87
     122
     172
     249
     375
     463
     620
     699
     693
     612
     542
     419
     299
     196
     153
     100
      83
      71
      62
      66
      78
      68
      65
      80
      79
      86
      81
      78
      83
      83
      92
      76
      94
      67
      56
      56
      76
      74
      80
      73
      69
      64
      72
      89
      61
      74
      71
      61
      68
      70
      74
      78
      49
      65
      58
      74
      80
      51
      62
      62
      54
      56
      64
      80
      53
      70
      69
      63
      54
      59
      51
      63
      69
      47
      66
      59
      66
      51
      68
      56
      57
      58
      67
      59
      66
      69
      57
      66
      70
      74
      57
      59
      66
      67
      54
      75
      64
      59
      69
      51
      63
      65
      71
      59
      51
      67
      71
      73
      76
      50
      44
      73
      73
      71
      81
      77
      60
      70
      66
      67
      58
      55
      52
      60
      59
      64
      55
      65
      88
      62
      79
      64
      65
      58
      52
      64
      53
      66
      49
      50
      62
      51
      68
      42
      46
      60
      44
      51
      49
      54
      52
      51
      47
      48
      51
      46
      44
      50
      42
      47
      52
      48
      49
      40
      61
      36
      51
      43
      45
      49
      40
      49
      39
      64
      48
      57
      44
      38
      54
      51
      39
      48
      46
      56
      43
      63
      53
      49
      65
      67
      58
      78
      98
     100
     106
      91
      91
      76
      59
      63
      52
      43
      56
      43
      38
      38
      47
      36
      59
      62
      37
      44
      49
      57
      52
      68
      59
      62
      87
      92
      85
      70
      66
      63
      51
      40
      52
      53
      44
      47
      46
      45
      50
      34
      47
      54
      58
      65
      65
      41
      42
      48
      38
      34
      36
      36
      54
      43
      43
      45
      35
      33
      30
      47
      39
      51
      34
      45
      27
      45
      40
      51
      51
      33
      29
      32
      46
      59
      43
      39
      43
      42
      38
      46
      36
      44
      53
      36
      37
      35
      48
      35
      40
      36
      47
      45
      30
      34
      36
      51
      42
      36
      42
      40
      43
      42
      32
      35
      32
      47
      49
      36
      42
      31
      36
      38
      45
      45
      37
      49
      31
      39
      34
      29
      37
      47
      37
      42
      38
      40
      48
      38
      45
      40
      48
      53
      36
      45
      41
      34
      50
      35
      48
      45
      45
      43
      42
      38
      37
      41
      38
      48
      60
      54
      65
     105
     140
     213
     350
     519
     820
    1191
    1528
    1790
    1903
    1859
    1607
    1302
     938
     552
     346
     208
      99
      69
      45
      45
      36
      30
      32
      29
      40
      41
      23
      37
      43
      37
      36
      25
      37
      32
      28
      35
      34
      31
      28
      31
      29
      42
      36
      39
      41
      34
      33
      31
      41
      34
      29
      41
      34
      28
      23
      32
      34
      34
      22
      40
      24
      29
      29
      27
      29
      37
      33
      44
      31
      25
      37
      27
      25
      30
      32
      31
      38
      30
      34
      29
      41
      33
      19
      27
      35
      22
      28
      23
      21
      31
      38
      33
      25
      28
      29
      27
      48
      35
      28
      18
      36
      32
      40
      39
      31
      35
      34
      33
      43
      16
      45
      26
      26
      29
      36
      28
      25
      30
      28
      28
      29
      36
      32
      38
      38
      37
      42
      33
      49
      35
      28
      31
      32
      23
      34
      35
      29
      23
      26
      33
      31
      34
      33
      25
      31
      41
      32
      34
      35
      44
      37
      66
      80
      82
      90
     127
     133
     100
     100
      91
      63
      47
      34
      37
      35
      21
      24
      31
      27
      29
      32
      25
      27
      29
      29
      24
      31
      30
      21
      22
      28
      21
      16
      30
      33
      28
      29
      28
      35
      26
      24
      27
      22
      28
      18
      24
      28
      28
      29
      32
      30
      31
      33
      24
      20
      28
      25
      23
      23
      24
      33
      23
      46
      35
      18
      27
      23
      30
      21
      21
      26
      25
      33
      29
      27
      33
      28
      21
      19
      27
      21
      19
      32
      22
      27
      27
      31
      27
      26
      23
      25
      29
      30
      28
      22
      34
      29
      42
      21
      27
      29
      30
      30
      25
      25
      25
      24
      38
      41
      36
      26
      25
      27
      29
      28
      32
      30
      26
      26
      44
      27
      23
      25
      18
      21
      31
      22
      23
      30
      31
      20
      27
      31
      30
      20
      31
      24
      20
      32
      20
      34
      27
      33
      25
      29
      32
      27
      22
      24
      25
      28
      25
      26
      31
      25
      32
      23
      21
      26
      23
      32
      27
      30
      24
      33
      24
      23
      24
      27
      14
      30
      25
      30
      36
      28
      32
      36
      22
      29
      18
      29
      30
      26
      31
      26
      23
      38
      24
      29
      20
      31
      31
      22
      29
      25
      24
      34
      28
      29
      32
      28
      31
      22
      21
      33
      24
      27
      30
      33
      31
      28
      42
      24
      35
      33
      34
      25
      26
      31
      33
      20
      35
      29
      25
      24
      30
      39
      20
      33
      27
      26
      31
      24
      24
      29
      27
      28
      25
      17
      25
      33
      24
      25
      30
      34
      28
      32
      18
      29
      34
      31
      32
      29
      23
      32
      29
      43
      27
      22
      28
      34
      27
      22
      36
      27
      34
      28
      38
      34
      30
      37
      32
      34
      17
      26
      32
      32
      35
      33
      35
      45
      35
      44
      41
      49
      57
      84
     159
     222
     333
     488
     669
     845
     997
    1090
    1099
    1008
     884
     721
     523
     322
     245
     163
     106
     153
     143
     171
     203
     220
     203
     183
     174
     131
     100
      61
      63
      40
      36
      25
      34
      27
      25
      34
      29
      29
      21
      30
      26
      34
      27
      35
      33
      23
      28
      27
      30
      30
      30
      20
      21
      18
      20
      18
      33
      26
      27
      37
      22
      37
      31
      27
      37
      25
      26
      30
      20
      28
      27
      30
      31
      33
      33
      25
      17
      30
      25
      32
      30
      33
      25
      32
      27
      38
      39
      48
      51
      69
      63
     106
     125
     138
     208
     288
     440
     632
     795
    1117
    1410
    1446
    1452
    1295
    1142
     925
     611
     446
     244
     181
     100
      64
      36
      30
      30
      27
      26
      18
      24
      26
      26
      30
      39
      22
      37
      33
      25
      32
      34
      29
      34
      33
      34
      21
      33
      41
      27
      36
      33
      32
      23
      39
      22
      30
      32
      38
      28
      26
      30
      31
      25
      30
      29
      44
      27
      42
      24
      31
      34
      28
      32
      27
      23
      33
      29
      34
      33
      33
      33
      33
      24
      19
      23
      35
      34
      31
      38
      24
      44
      29
      33
      35
      27
      28
      35
      29
      25
      32
      35
      24
      33
      29
      22
      21
      32
      29
      25
      23
      27
      31
      28
      30
      22
      29
      30
      32
      33
      33
      29
      39
      28
      36
      46
      31
      33
      34
      21
      32
      42
      30
      30
      31
      39
      23
      31
      21
      35
      25
      31
      38
      38
      33
      27
      37
      31
      30
      28
      33
      37
      33
      25
      30
      20
      18
      35
      22
      37
      39
      34
      27
      33
      34
      26
      34
      29
      31
      29
      31
      37
      37
      29
      35
      32
      37
      29
      31
      34
      32
      38
      31
      40
      36
      35
      30
      34
      34
      40
      32
      39
      20
      38
      41
      33
      42
      36
      35
      34
      44
      42
      43
      35
      39
      37
      39
      30
      30
      31
      36
      35
      27
      32
      43
      30
      40
      35
      38
      33
      48
      39
      33
      44
      46
      40
      34
      28
      37
      36
      32
      31
      39
      39
      47
      42
      27
      47
      32
      52
      28
      37
      32
      35
      40
      30
      25
      26
      35
      39
      31
      36
      39
      30
      38
      30
      34
      35
      40
      42
      33
      34
      43
      42
      33
      31
      38
      27
      36
      39
      29
      34
      37
      42
      29
      40
      39
      38
      27
      29
      29
      40
      34
      24
      39
      49
      36
      44
      31
      38
      34
      24
      21
      29
      18
      26
      44
      34
      35
      32
      23
      23
      28
      25
      23
      19
      26
      22
      20
      35
      21
      25
      28
      24
      25
      21
      27
      30
      29
      34
      40
      26
      21
      23
      20
      29
      18
      17
      22
      25
      21
      22
      14
      14
      28
      23
      21
      26
      22
      20
      21
      17
      19
      21
      19
      22
      24
      29
      15
      23
      25
      21
      24
      26
      21
      20
      30
      21
      20
      20
      20
      22
      31
      23
      20
      17
      28
      34
      34
      57
      56
      83
      89
     107
     161
     140
     152
     162
     102
     122
      94
      66
      60
      47
      28
      28
      18
      16
      14
      15
      13
      14
      18
      17
      28
      14
      13
      12
      25
      17
      23
      17
      21
       8
      22
      16
      17
      22
      16
      16
      15
      15
      14
      21
      18
      11
      22
      19
      21
      18
      22
      15
      17
      23
      17
      26
      17
      12
      24
      10
      17
      11
      17
      12
      13
      22
      24
      21
      19
      17
      22
      25
      19
      13
      10
      10
      14
      15
      12
      19
      25
       9
      11
      19
      12
      26
      14
      17
      13
      26
      13
      17
      13
      23
      19
      16
      24
      14
      16
      14
      22
      19
      10
      15
      14
      10
      16
      10
      12
      14
      16
      18
      13
      11
      19
      18
      13
      20
      14
      24
      11
      13
      11
      12
      11
      19
      12
      11
      12
      15
      14
      21
      23
      16
      16
      17
      34
      36
      28
      28
      35
      29
      34
      30
      17
      16
      15
      12
      12
      19
      18
      19
      10
      12
       9
      15
      12
       9
      10
       9
       8
      17
      16
      16
      11
       7
      15
       3
      11
      11
      16
      13
      17
      10
      14
       8
      14
      18
      18
      20
      14
       9
      10
      12
      14
      11
      14
      14
       9
      14
      11
       9
      10
      21
      15
       6
      10
       9
      16
       9
       7
      12
      11
       9
       7
       5
      13
      11
      13
       6
      16
      17
      20
      14
       5
      11
       8
       6
       7
      10
      13
      16
      24
      22
      29
      30
      21
      26
      25
      28
      15
      13
      14
      10
      16
       9
      12
      10
       7
       5
      11
       6
      13
      15
       6
      12
      12
       8
      11
      16
       7
      11
      12
       7
      11
       9
       8
       7
      10
       8
      16
       3
       7
       6
       4
      14
       9
      17
       4
       5
      11
       6
       7
       8
      10
       7
       9
       6
       9
      11
      11
      10
       7
       6
      10
      16
       9
      14
      12
      11
      14
      13
      23
      21
      12
      14
      11
       8
      15
       7
       3
      16
       8
      15
      10
      16
      15
      39
      30
      50
      64
     102
     116
     122
     119
     147
     147
     144
     101
      94
      58
      44
      28
      10
      12
       8
       5
      10
       9
       6
       5
       8
       4
       7
       4
       3
       7
       6
       6
       6
       6
       7
       8
       3
       8
       6
       1
      11
       8
       3
       7
       7
       3
       5
      12
       9
       3
       7
       7
       6
       2
       5
       5
       3
      10
       7
       5
       7
       2
       6
       5
       3
       6
       4
       4
       3
       2
       4
       4
       8
       7
       4
       5
       6
       2
       5
       3
       6
       7
       5
       2
       9
       2
       0
       3
       4
       3
       5
       2
       6
       3
       1
       3
       4
       3
       5
       4
       0
       5
       5
       2
       2
       2
       5
       1
       5
       6
       4
       2
       1
       2
       2
       3
       5
       2
       3
       5
       5
       3
       2
       1
       5
       3
       1
       4
       3
       8
       1
       3
       2
       7
       7
       1
       3
       3
       3
       3
       5
       3
       6
       0
       0
       2
       2
       2
       1
       1
       1
       3
       4
       4
       2
       2
       4
       4
       2
       2
       4
       4
       6
       2
       3
       4
       1
       4
       4
       4
       2
       6
       3
       3
       5
       6
       0
       8
       3
       3
       4
       5
       3
       5
       3
       5
       5
       2
       3
       3
       3
       4
       8
       3
       3
       3
       4
       7
       2
       4
       5
       6
       1
       3
       3
       4
       2
       0
       3
       2
       6
       1
       4
       4
       3
       2
       2
       3
       5
       0
       5
       1
       3
       4
       4
       4
       4
       4
       1
       1
       5
       3
       3
       2
       3
       1
       2
      10
       1
       3
       7
       2
       6
       5
       3
       2
       0
       1
       2
       2
       3
       3
       3
       4
       1
       5
       0
       6
       3
       1
       4
       4
       7
       3
       7
       5
       2
       2
       2
       3
       2
       3
       2
       4
       2
       0
       1
       4
       1
       2
       3
       1
       2
       2
       4
       2
       4
       3
       4
       2
       2
       2
       3
       4
       3
       2
       2
       2
       3
       1
       2
       3
       2
       2
       2
       2
       3
       0
       0
       0
       4
       1
       5
       3
       5
       5
       1
       2
       3
       3
       1
       2
       0
       5
       3
       0
       2
       2
       2
       5
       1
       2
       1
       0
       3
       6
       4
       1
       0
       2
       4
       2
       1
       2
       2
       0
       3
       5
       3
       1
       2
       3
       1
       1
       1
       3
       0
       2
       0
       3
       6
       1
       4
       3
       4
       6
       5
       1
       4
       0
       5
       7
       3
       3
       4
       5
       1
       6
       5
       5
       8
       8
      12
      25
      33
      36
      56
      71
     116
     154
     266
     386
     579
     774
     963
    1217
    1445
    1433
    1611
    1500
    1317
    1226
     910
     695
     465
     335
     186
     112
      51
      17
      10
       6
       3
       1
       1
       1
       1
       2
       1
       3
       1
       0
       0
       1
       0
       0
       1
       1
       0
       2
       1
       0
       0
       0
       3
       0
       0
       0
       1
       1
       0
       0
       5
       1
       0
       0
       2
       1
       0
       0
       1
       0
       0
       0
       0
       0
       1
       0
       0
       2
       0
       0
       1
       1
       1
       0
       3
       2
       0
       0
       0
       2
       0
       1
       0
       0
       1
       0
       0
       0
       0
       0
       1
       0
       0
       0
       0
       1
       2
       0
       1
       0
       0
       0
       1
       1
       2
       3
       2
       1
       1
       0
       0
       2
       1
       0
       0
       0
       0
       0
       0
       0
       0
       1
       0
       1
       0
       0
       1
       0
       0
       0
       1
       0
       2
       1
       1
       0
       0
       0
       1
       0
       0
       0
       2
       0
       0
       2
       0
       1
       0
       0
       1
       2
       0
       0
       0
       0
       0
       0
       0
       1
       0
       0
       0
       1
       1
       2
       2
       1
       0
       0
       0
       0
       3
       4
      11
       2
       7
      18
      17
      22
      14
      34
      32
      40
      30
      38
      35
      23
      18
      16
      11
       5
       8
       2
       3
       3
       2
       1
       0
       2
       3
       1
       0
       0
       0
       0
       1
       0
       0
       0
       0
       0
       0
       0
       0
       0
       0
       0
       0
       0
       0
       0
       0
       1
       0
       1
       0
       0
       0
       0
       0
       3
       1
       0
       0
       0
       0
       1
       0
       0
       0
       0
       0
       0
       1
       0
       0
       0
       0
       0
       0
       0
       1
       0
       0
       1
       0
       0
       0
       0
       0
       0
       0
       0
       0
       0
       0
       0
       0
       1
       0
       0
       1
       0
       1
       0
       0
       0
       0
       0
       1
       0
       0
       0
       2
       1
       1
       0
       0
       1
       0
       0
       1
       1
       0
       0
       0
       0
       2
       0
       0
       1
       0
       0
       0
       0
       0
       1
       0
       1
       1
       1
       0
       0
       2
       0
       0
       1
       0
       1
       0
       0
       0
       0
       0
       1
       1
       0
       0
       0
       1
       0
       1
       1
       0
       1
       1
       0
       0
       0
       0
       0
       1
       0
       0
       0
       0
       0
       0
       0
       1
       0
       1
       0
       0
       0
       1
       1
       1
       0
       0
       0
       0
       0
       0
       0
       1
       0
       0
       0
       0
       0
       0
       0
       0
       0
       0
       1
       0
       0
       0
       1
       0
       0
       0
       1
       0
       0
       1
       0
       0
       0
       1
       0
       1
       0
       0
       0
       1
       0
       0
       1
       1
       0
       0
       0
       1
       1
       0
       1
       1
       0
       1
       0
       0
       0
       1
       0
       0
       0
       0
       0
       2
       1
       0
       3
       1
       1
       0
       5
       4
       9
      13
      12
       9
      10
      15
      13
      19
       9
      14
      11
      14
       6
       6
       4
       3
       2
       0
       1
       0
       1
       1
       1
       0
       0
       0
       1
       1
       0
       0
       0
       1
       0
       0
       0
       0
       1
       0
       1
       1
       0
       0
       0
       0
       1
       0
       0
       1
       0
       0
       0
       1
       0
       0
       2
       0
       0
       0
       0
       0
       1
       1
       0
       0
       1
       0
       0
       0
       0
       0
       0
       0
       1
       0
       0
       0
       0
       2
       0
       0
       0
       0
       1
       0
       0
       0
       1
       0
       0
       0
       0
       1
       0
       1
       0
       0
       1
       0
       0
       0
       0
       0
       0
       0
       1
       0
       0
       0
       1
       1
       0
       1
       0
       1
       0
       0
       0
       0
       0
       0
       1
       0
       0
       0
       0
       0
       0
       0
       0
       1
       1
       1
       0
       1
       1
       0
       0
       0
       0
       0
       1
       0
       2
       0
       0
       1
       0
       0
       1
       0
       0
       0
       0
       0
       0
       0
       0
       0
       0
       0
       0
       0
       0
       0
       0
       0
       0
       0
       0
       0
       0
       0
       0
       0
       0
       0
       0
       0
       0
       0
       0
       0
       0
       2
       0
       0
       0
       0
       0
       1
       0
       0
       0
       0
       0
       0
       0
       0
       0
       0
       1
       0
       0
       1
       0
       0
       1
       1
       0
       0
       0
       0
       0
       0
       0
       0
       0
       0
       0
       0
       0
       0
       0
       0
       0
       0
       0
       0
       0
       0
       0
       1
       0
       0
       1
       1
       0
       0
       0
       0
       2
       1
       0
       0
       0
       0
       1
       0
       1
       1
       2
       0
       2
       2
       0
       1
       0
       0
       0
       0
       1
       1
       0
       0
       0
       0
       0
       0
       0
       0
       0
       0
       0
       0
       0
       0
       0
       0
       0
       0
       2
       2
       0
       0
       2
       1
       0
       0
       0
       1
       1
       1
       0
       3
       0
       1
       1
       0
       0
       0
       0
       0
       0
       0
       0
       0
       0
       0
       0
       1
       0
       0
       0
       0
       0
       0
       0
       0
       0
       1
       0
       0
       0
       0
       0
       0
       0
       1
       0
       0
       1
       0
       0
       0
       0
       0
       0
       0
       0
       0
       0
       0
       0
       0
       0
       0
       0
       0
       0
       0
       0
       0
       1
       0
       0
       1
       0
       0
       0
       0
       0
       0
       0
       0
       0
       0
       0
       0
       0
       0
       1
       1
       0
       0
       0
       0
       1
       1
       1
       1
       0
       0
       0
       0
       1
       0
       0
       0
       0
       0
       0
       0
       0
       0
       0
       0
       1
       0
       0
       0
       0
       0
       0
       0
       0
       0
       1
       0
       0
       0
       0
       1
       1
       1
       0
       0
       1
       0
       0
       0
       0
       0
       1
       0
       0
       1
       0
       0
       0
       0
       0
       0
       0
       0
       0
       0
       0
       0
       1
       1
       0
       1
       0
       0
       0
       1
       1
       0
       0
       0
       0
       1
       0
       2
       0
       2
       0
       0
       0
       0
       0
       1
       1
       0
       0
       1
       0
       1
       0
       0
       0
       0
       0
       0
       1
       0
       0
       1
       0
       0
       1
       2
       0
       0
       0
       0
       0
       0
       0
       0
       0
       0
       0
       0
       0
       0
       0
       0
       0
       0
       1
       0
       0
       0
       1
       0
       1
       0
       0
       0
       0
       0
       0
       0
       0
       0
       0
       0
       1
       1
       0
       0
       0
       0
       0
       0
       0
       1
       0
       0
       0
       1
       1
       0
       0
       0
       0
       0
       0
       0
       0
       0
       0
       0
       0
       0
       1
       0
       0
       0
       0
       0
       0
       0
       0
       1
       0
       0
       0
       0
       0
       0
       1
       0
       0
       0
       0
       1
       0
       0
       0
       0
       0
       0
       0
       0
       0
       0
       0
       0
       0
       0
       0
       0
       0
       0
       0
       1
       0
       0
       0
       0
       0
       0
       1
       0
       0
       0
       0
       0
       0
       0
       0
       0
       0
       0
       1
       0
       0
       0
       0
       0
       0
       0
       0
       1
       1
       0
       0
       0
       0
       0
       0
       0
       0
       1
       0
       0
       0
       0
       0
       0
       0
       0
       1
       0
       0
       0
       0
       0
       0
       0
       0
       0
       0
       0
       0
       0
       0
       0
       0
       0
       0
       0
       0
       0
       1
       0
       0
       0
       0
       1
       1
       0
       0
       0
       0
       0
       0
       0
       0
       0
       0
       0
       0
       0
       0
       0
       0
       0
       0
       0
       0
       1
       0
       0
       0
       0
       0
       1
       0
       0
       0
       0
       0
       0
       0
       0
       0
       0
       0
       0
       0
       0
       0
       0
       0
       0
       0
       1
       0
       0
       0
       0
       0
       0
       0
       0
       1
       1
       0
       0
       0
       0
       1
       0
       0
       2
       0
       0
       0
       0
       0
       0
       0
       0
       0
       0
       0
       0
       1
       0
       0
       0
       0
       1
       0
       0
       0
       0
       0
       0
       0
       0
       0
       0
       0
       0
       0
       0
       0
       0
       0
       0
       0
       0
       0
       0
       0
       0
       0
       0
       0
       0
       1
       0
       0
       1
       1
       0
       0
       0
       0
       0
       1
       0
       0
       0
       0
       1
       0
       0
       0
       0
       1
       0
       0
       0
       0
       0
       0
       1
       1
       0
       0
       0
       0
       0
       0
       1
       0
       0
       0
       0
       0
       0
       1
       0
       0
       0
       0
       0
       0
       0
       0
       0
       0
       0
       0
       1
       0
       0
       0
       1
       0
       0
       1
       0
       0
       0
       0
       0
       0
       0
       0
       2
       0
       0
       0
       1
       0
       0
       0
       1
       0
       0
       0
       0
       0
       1
       0
       0
       0
       2
       1
       1
       0
       0
       1
       0
       0
       1
       0
       1
       0
       1
       0
       0
       0
       0
       0
       0
       0
       0
       0
       0
       0
       0
       0
       0
       0
       0
       0
       0
       0
       1
       0
       0
       0
       0
       0
       0
       0
       0
       0
       0
       0
       0
       1
       0
       0
       0
       0
       0
       0
       0
       0
       0
       0
       0
       0
       0
       0
       0
       0
       0
       0
       0
       0
       0
       0
       0
       0
       0
       0
       1
       0
       1
       0
       1
       0
       0
       0
       0
       0
       0
       0
       0
       0
       0
       0
       0
       0
       0
       0
       0
       0
       0
       0
       0
       0
       1
       0
       0
       0
       0
       0
       0
       0
       0
       0
       0
       0
       0
       0
       1
       0
       0
       0
       0
       0
       1
       0
       0
       0
       0
       1
       0
       0
       1
       0
       0
       0
       0
       0
       1
       0
       0
       0
       0
       0
       0
       1
       0
       0
       0
       0
       0
       0
       0
       0
       1
       1
       0
       0
       0
       0
       0
       0
       0
       1
       0
       0
       0
       0
       0
       0
       1
       0
       0
       0
       0
       0
       0
       0
       0
       0
       0
       0
       1
       0
       0
       0
       0
       0
       0
       0
       0
       0
       0
       0
       1
       0
       0
       0
       0
       0
       0
       0
       0
       0
       0
       0
       0
       0
       0
       0
       0
       0
       0
       0
       0
       0
       0
       0
       0
       1
       0
       0
       0
       0
       0
       0
       1
       1
       0
       0
       0
       0
       1
       0
       0
       0
       0
       0
       0
       0
       0
       0
       0
       0
       0
       1
       0
       0
       1
       1
       0
       0
       0
       0
       0
       0
       0
       0
       0
       0
       0
       0
       0
       0
       0
       0
       0
       0
       0
       0
       0
       0
       0
       0
       1
       0
       0
       0
       0
       0
       0
       0
       1
       0
       0
       0
       0
       0
       0
       0
       0
       0
       0
       0
       1
       0
       0
       1
       1
       0
       0
       0
       0
       0
       0
       1
       0
       0
       0
       0
       0
       0
       1
       0
       0
       1
       0
       0
       0
       0
       0
       0
       0
       0
       0
       0
       0
       0
       0
       0
       1
       0
       0
       0
       0
       1
       0
       0
       0
       0
       0
       0
       0
       0
       0
       0
       0
       0
       0
       0
       0
       0
       0
       0
       0
       0
       0
       0
       0
       0
       0
       0
       0
       0
       0
       0
       0
       0
       0
       0
       0
       0
       0
       0
       0
       0
       0
       0
       0
       0
       0
       1
       0
       0
       0
       0
       1
       0
       0
       0
       0
       0
       0
       0
       0
       0
       0
       0
       1
       0
       0
       0
       0
       0
       0
       0
       0
       0
       0
       0
       0
       1
       0
       0
       0
       0
       0
       0
       0
       1
       1
       0
       0
       0
       0
       0
       0
       1
       0
       1
       0
       0
       0
       0
       0
       0
       1
       0
       0
       0
       0
       0
       0
       0
       0
       0
       0
       0
       0
       0
       1
       0
       0
       0
       0
       0
       0
       1
       0
       0
       0
       0
       0
       0
       0
       0
       0
       0
       1
       1
       0
       1
       1
       0
       0
       0
       0
       0
       0
       0
       0
       0
       0
       0
       0
       0
       0
       1
       1
       0
       0
       2
       0
       0
       0
       0
       0
       0
       0
       0
       0
       0
       0
       0
       0
       0
       0
       2
       0
       0
       0
       1
       0
       0
       0
       0
       0
       0
       0
       0
       0
       0
       0
       0
       0
       0
       0
       0
       0
       0
       0
       0
       0
       0
       0
       0
       0
       1
       0
       0
       0
       0
       0
       0
       0
       0
       0
       0
       0
       0
       0
       0
       0
       0
       0
       0
       0
       0
       0
       0
       0
       0
       0
       0
       0
       0
       0
       0
       0
       0
       0
       0
       1
       0
       0
       0
       0
       0
       0
       0
       0
       0
       0
       0
       0
       0
       0
       1
       0
       0
       0
       1
       0
       0
       0
       0
       0
       0
       0
       0
       0
       0
       0
       0
       0
       0
       0
       0
       1
       0
       0
       0
       1
       0
       0
       0
       0
       0
       1
       0
       0
       0
       0
       0
       0
       0
       0
       0
       0
       0
       0
       0
       0
       0
       0
       0
       0
       0
       0
       0
       0
       0
       1
       0
       1
       0
       2
       0
       0
       0
       0
       0
       0
       0
       0
       0
       0
       0
       0
       0
       0
       0
       0
       0
       0
       0
       0
       0
       0
       0
       0
       0
       0
       0
       0
       0
       0
       1
       0
       1
       0
       0
       0
       1
       1
       0
       0
       0
       0
       0
       1
       0
       0
       0
       0
       0
       0
       0
       1
       0
       0
       0
       0
       0
       0
       2
       0
       1
       0
       0
       0
       0
       2
       0
       0
       0
       0
       0
       0
       0
       0
       0
       0
       0
       0
       0
       0
       0
       0
       1
       0
       0
       1
       0
       0
       1
       1
       0
       0
       0
       0
       1
       0
       0
       0
       0
       0
       0
       0
       0
       0
       0
       0
       0
       0
       0
       0
       0
       0
       0
       0
       0
       0
       1
       0
       0
       0
       0
       0
       0
       0
       0
       0
       0
       0
       0
       1
       0
       0
       0
       0
       0
       0
       0
       0
       0
       0
       0
       0
       0
       0
       0
       0
       0
       0
       0
       1
       0
       0
       0
       0
       0
       0
       0
       0
       0
       0
       0
       0
       0
       0
       1
       0
       0
       0
       0
       0
       0
       0
       0
       0
       0
       0
       0
       0
       0
       0
       0
       0
       0
       0
       0
       0
       0
       0
       0
       0
       0
       0
       0
       0
       0
       0
       0
       0
       0
       0
       0
       0
       0
       0
       0
       0
       0
       1
       1
       0
       0
       0
       0
       0
       1
       0
       0
       0
       0
       0
       0
       1
       1
       0
       0
       0
       0
       0
       0
       0
       0
       0
       0
       0
       0
       0
       0
       0
       0
       0
       0
       0
       0
       0
       0
       0
       1
       0
       0
       0
       0
       0
       0
       0
       0
       0
       0
       0
       0
       0
       1
       0
       0
       0
       0
       0
       0
       0
       0
       0
       0
       0
       0
       0
       0
       0
       0
       0
       0
       0
       0
       0
       0
       0
       1
       0
       0
       0
       0
       0
       0
       0
       0
       0
       0
       1
       0
       0
       0
       0
       0
       0
       0
       0
       0
       0
       0
       0
       0
       0
       0
       1
       0
       0
       2
       1
       0
       0
       0
       0
       1
       0
       0
       1
       0
       0
       1
       0
       0
       0
       0
       0
       0
       0
       0
       0
       0
       0
       0
       0
       0
       0
       0
       0
       1
       0
       0
       0
       0
       0
       0
       0
       0
       0
       0
       0
       0
       0
       0
       0
       0
       0
       0
       0
       0
       0
       0
       0
       0
       1
       0
       0
       0
       0
       0
       1
       0
       1
       0
       0
       0
       0
       0
       0
       0
       0
       0
       1
       0
       0
       0
       0
       0
       0
       0
       0
       0
       0
       0
       0
       0
       0
       0
       0
       0
       0
       0
       1
       0
       0
       0
       0
       0
       0
       0
       0
       0
       0
       0
       0
       0
       0
       0
       0
       0
       0
       0
       0
       1
       0
       0
       0
       0
       0
       0
       0
       0
       0
       0
       0
       1
       0
       0
       0
       0
       0
       0
       0
       0
       0
       0
       0
       0
       0
       0
       0
       1
       0
       0
       0
       0
       0
       0
       0
       0
       0
       0
       0
       0
       0
       0
       0
       0
       0
       0
       0
       0
       0
       0
       0
       0
       1
       0
       0
       0
       1
       0
       0
       0
       0
       0
       0
       0
       0
       0
       0
       0
       0
       0
       0
       0
       0
       0
       0
       0
       0
       1
       0
       0
       0
       0
       0
       2
       0
       0
       0
       0
       1
       0
       0
       0
       1
       0
       0
       0
       0
       0
       0
       0
       0
       0
       0
       0
       0
       0
       0
       0
       0
       0
       0
       1
       0
       0
       0
       1
       0
       0
       0
       0
       1
       0
       0
       0
       0
       1
       0
       0
       0
       0
       0
       1
       0
       0
       0
       0
       0
       0
       0
       0
       0
       1
       0
       0
       0
       1
       0
       1
       0
       0
       0
       0
       0
       0
       0
       1
       0
       0
       0
       0
       0
       0
       1
       0
       0
       0
       0
       0
       0
       0
       0
       1
       0
       0
       0
       0
       0
       0
       0
       0
       0
       0
       0
       0
       0
       0
       0
       0
       1
       0
       0
       0
       0
       1
       0
       0
       1
       0
       0
       0
       0
       0
       0
       0
       0
       0
       0
       0
       0
       0
       0
       0
       0
       0
       0
       0
       0
       0
       0
       0
       0
       0
       0
       0
       0
       0
       0
       0
       0
       0
       0
       0
       0
       0
       1
       0
       0
       0
       0
       0
       0
       0
       1
       0
       1
       0
       0
       1
       0
       0
       0
       0
       0
       0
       0
       0
       0
       0
       0
       1
       1
       0
       0
       0
       0
       0
       0
       0
       0
       0
       0
       0
       0
       0
       0
       1
       0
       1
       0
       0
       0
       0
       0
       0
       0
       0
       0
       0
       0
       1
       0
       0
       1
       2
       0
       0
       0
       0
       0
       0
       0
       0
       0
       0
       0
       0
       0
       0
       0
       0
       0
       0
       0
       0
       0
       0
       0
       0
       0
       0
       0
       0
       0
       0
       0
       0
       0
       0
       0
       0
       0
       0
       0
       0
       1
       0
       0
       0
       0
       0
       0
       0
       0
       0
       0
       0
       0
       0
       0
       0
       0
       0
       0
       0
       0
       1
       0
       0
       0
       0
       1
       0
       0
       1
       0
       0
       0
       0
       0
       0
       1
       0
       0
       0
       0
       1
       0
       1
       0
       0
       0
       0
       0
       0
       1
       0
       0
       0
       0
       0
       1
       1
       1
       0
       0
       0
       0
       0
       0
       0
       0
       0
       1
       0
       0
       1
       0
       0
       0
       0
       0
       0
       2
       0
       0
       0
       1
       0
       0
       1
       0
       0
       1
       0
       0
       0
       0
       0
       0
       0
       0
       0
       0
       1
       0
       0
       0
       1
       0
       0
       0
       1
       0
       0
       0
       0
       0
       0
       0
       1
       0
       0
       1
       0
       0
       0
       0
       0
       0
       0
       0
       0
       0
       0
       0
       0
       0
       0
       0
       1
       0
       0
       0
       0
       0
       0
       0
       2
       1
       0
       0
       0
       0
       0
       0
       1
       1
       1
       1
       0
       0
       0
       0
       0
       0
       1
       0
       0
       0
       1
       0
       0
       0
       1
       0
       0
       1
       0
       0
       1
       0
       0
       0
       0
       0
       0
       0
       0
       0
       0
       0
       0
       0
       0
       0
       0
       0
       0
       0
       0
       0
       0
       0
       0
       0
       0
       0
       1
       0
       0
       0
       0
       0
       0
       0
       0
       0
       1
       0
       0
       0
       0
       0
       0
       0
       0
       0
       0
       0
       0
       0
       0
       1
       0
       0
       0
       0
       1
       0
       0
       0
       0
       0
       0
       0
       0
       0
       0
       0
       1
       0
       1
       0
       1
       0
       0
       0
       0
       0
       0
       0
       0
       0
       0
       1
       0
       0
       0
       0
       0
       0
       0
       0
       0
       0
       0
       0
       0
       0
       0
       1
       0
       0
       0
       0
       0
       0
       0
       0
       0
       0
       0
       0
       0
       0
       0
       0
       0
       0
       0
       0
       0
       0
       0
       0
       0
       0
       0
       0
       0
       0
       0
       0
       0
       0
       0
       0
       0
       0
       0
       0
       0
       0
       0
       0
       0
       0
       0
       0
       0
       0
       0
       0
       0
       0
       0
       0
       0
       0
       0
       0
       0
       0
       0
       0
       0
       0
       0
       0
       0
       0
       0
       0
       0
       0
       0
       0
       0
       0
       0
       0
       0
       0
       0
       0
       0
       0
       0
       0
       0
       0
       0
       0
       0
       0
       0
       0
       0
       0
       0
       0
       0
       0
       0
       0
       0
       0
       0
       0
       0
       0
       0
       0
       0
       0
       0
       0
       0
       0
       0
       0
       0
       0
       0
       0
       0
       0
       0
       0
       0
       0
       0
       0
       0
       0
       0
       0
       0
       0
       0
       0
       0
       0
       0
       0
       0
       0
       0
       0
       0
       0
       0
       0
       0
       0
       0
       0
       0
       0
       0
       0
       0
       0
       0
       0
       0
       0
       0
       0
       0
       0
       0
$ROI:
0
$PRESETS:
None
0
0
$ENER_FIT:
-2.173939 0.279251
$MCA_CAL:
3
-2.173939E+000 2.792507E-001 0.000000E+000 keV
$SHAPE_CAL:
3
1.571259E+001 -1.155430E-003 0.000000E+000
