$SPEC_ID:
226Ra
$SPEC_REM:
DET# 1
DETDESC# MCB 132 Input 1
AP# Maestro Version 6.06
$DATE_MEA:
02/10/2022 10:29:30
$MEAS_TIM:
739 745
$DATA:
0 8191
       0
       0
       0
       0
       0
       0
       0
       0
       0
       0
       0
       0
       0
       0
       0
       0
       0
       0
       0
       0
       0
       0
       0
       0
       0
       1
     700
    5022
    1244
     661
     608
     608
     660
     671
     694
     761
     748
     736
     733
     705
     686
     665
     685
     703
     635
     629
     603
     614
     551
     548
     560
     577
     549
     541
     534
     525
     492
     471
     506
     516
     495
     506
     503
     521
     454
     484
     453
     422
     445
     417
     431
     455
     411
     415
     442
     464
     438
     421
     423
     393
     372
     391
     377
     392
     399
     402
     410
     402
     365
     374
     361
     349
     382
     368
     346
     350
     374
     366
     342
     353
     352
     334
     349
     316
     323
     372
     320
     331
     336
     337
     305
     319
     303
     324
     330
     318
     308
     320
     324
     311
     318
     292
     281
     299
     320
     345
     315
     316
     316
     325
     337
     310
     332
     323
     286
     314
     312
     332
     341
     368
     337
     320
     337
     361
     387
     503
     699
    1087
    1537
    1655
    1580
    1076
     576
     313
     262
     245
     217
     237
     242
     256
     266
     226
     235
     208
     223
     271
     417
     721
    1098
    1045
     776
     552
     509
     426
     404
     262
     223
     181
     168
     190
     181
     175
     172
     181
     147
     188
     159
     182
     141
     172
     178
     191
     158
     144
     166
     168
     159
     169
     158
     157
     146
     171
     170
     171
     160
     143
     154
     159
     167
     179
     160
     197
     172
     163
     161
     176
     169
     158
     159
     165
     147
     153
     150
     183
     156
     147
     152
     168
     178
     173
     187
     176
     182
     156
     194
     155
     183
     166
     158
     166
     162
     151
     206
     178
     173
     159
     182
     185
     172
     195
     182
     194
     202
     189
     192
     206
     219
     215
     207
     209
     205
     207
     188
     195
     227
     255
     273
     311
     257
     250
     234
     216
     266
     297
     355
     362
     336
     242
     258
     242
     239
     226
     234
     254
     234
     232
     241
     271
     253
     246
     257
     229
     272
     280
     278
     283
     282
     276
     271
     295
     288
     312
     335
     341
     342
     350
     381
     398
     453
     471
     465
     512
     455
     410
     428
     443
     428
     452
     459
     419
     455
     453
     444
     416
     436
     423
     430
     432
     425
     441
     431
     454
     444
     447
     419
     457
     437
     411
     424
     410
     405
     421
     415
     379
     409
     360
     389
     383
     412
     377
     353
     343
     333
     315
     347
     331
     319
     310
     309
     268
     311
     292
     332
     292
     298
     305
     267
     280
     266
     256
     250
     279
     252
     265
     252
     248
     239
     280
     210
     235
     276
     273
     219
     245
     222
     240
     249
     243
     245
     215
     217
     279
     253
     234
     269
     248
     233
     244
     213
     236
     232
     235
     259
     260
     267
     265
     243
     306
     250
     269
     260
     259
     287
     280
     260
     299
     265
     293
     261
     269
     270
     268
     283
     249
     279
     265
     266
     296
     268
     275
     276
     281
     290
     283
     260
     291
     282
     352
     512
    1420
    3963
    8246
   12053
   11492
    7535
    3455
    1202
     472
     307
     248
     214
     203
     207
     174
     193
     212
     209
     189
     235
     216
     230
     218
     216
     228
     194
     190
     217
     213
     240
     209
     219
     211
     204
     210
     216
     212
     225
     246
     208
     208
     203
     220
     232
     203
     198
     224
     230
     210
     225
     204
     216
     222
     215
     218
     232
     219
     209
     222
     225
     230
     233
     230
     201
     227
     198
     237
     249
     234
     210
     223
     205
     218
     237
     227
     239
     204
     229
     232
     233
     206
     210
     240
     233
     233
     237
     213
     242
     250
     240
     263
     262
     238
     277
     237
     252
     278
     242
     233
     252
     272
     280
     236
     261
     259
     265
     268
     269
     255
     245
     260
     281
     254
     238
     260
     275
     303
     250
     221
     264
     258
     257
     271
     260
     257
     265
     257
     242
     244
     262
     270
     245
     257
     258
     249
     252
     250
     234
     230
     211
     218
     251
     254
     258
     254
     259
     240
     229
     217
     247
     249
     253
     251
     232
     269
     224
     211
     258
     244
     220
     268
     218
     257
     237
     230
     246
     242
     227
     245
     199
     235
     222
     227
     238
     250
     255
     238
     225
     248
     245
     248
     280
     260
     255
     246
     227
     230
     203
     240
     254
     211
     230
     249
     239
     231
     226
     229
     219
     241
     254
     243
     257
     215
     198
     248
     250
     228
     215
     242
     253
     221
     239
     255
     231
     219
     231
     214
     241
     229
     220
     204
     211
     231
     216
     231
     252
     213
     237
     206
     219
     233
     224
     221
     225
     239
     240
     219
     201
     219
     213
     223
     195
     215
     226
     207
     198
     206
     200
     215
     222
     190
     212
     246
     227
     210
     198
     227
     214
     207
     208
     187
     187
     209
     196
     211
     220
     212
     188
     215
     204
     198
     197
     204
     177
     171
     201
     171
     185
     179
     171
     192
     173
     170
     176
     181
     195
     173
     185
     182
     182
     167
     138
     184
     162
     172
     165
     177
     167
     185
     184
     176
     171
     165
     158
     151
     166
     177
     145
     179
     189
     173
     170
     163
     162
     165
     182
     163
     163
     167
     153
     154
     184
     163
     156
     172
     148
     180
     165
     172
     149
     170
     184
     163
     137
     169
     153
     165
     147
     151
     172
     158
     140
     153
     158
     151
     148
     163
     146
     171
     148
     156
     167
     137
     161
     166
     144
     171
     147
     166
     162
     157
     157
     155
     141
     155
     149
     146
     145
     141
     158
     149
     152
     147
     143
     135
     133
     133
     137
     167
     124
     133
     148
     137
     137
     167
     128
     126
     146
     142
     134
     147
     162
     149
     154
     128
     130
     139
     138
     135
     143
     147
     145
     116
     144
     131
     138
     139
     129
     140
     135
     132
     133
     137
     133
     122
     135
     144
     141
     115
     132
     130
     145
     149
     138
     156
     137
     137
     133
     150
     143
     118
     128
     115
     134
     136
     135
     135
     139
     132
     191
     421
     868
    1572
    2119
    2184
    1627
     875
     432
     203
     160
     142
     136
     131
     126
     142
     113
     116
     123
     152
     120
     113
     122
     113
      91
     128
     111
     130
     117
     114
     139
     122
     120
     116
     100
     106
     112
     107
     110
     103
      97
     118
     119
     125
     110
     116
     139
     103
     115
     116
     128
     126
     104
     105
     104
     105
      93
     130
     107
     122
     102
     103
     130
     131
     103
     118
     107
     114
     108
     100
     109
     126
     108
      89
     118
      93
      95
     108
     113
     105
     104
     110
     113
     110
     103
     120
     113
     103
     118
      95
     116
     107
     106
     102
     109
     112
      98
     125
     107
     135
     109
     114
      99
      98
      95
      98
     108
     115
     102
     115
      97
     103
     121
      97
     119
     108
      98
     103
      93
     100
      94
     114
     100
      94
      81
      77
     104
     100
     101
      90
     100
      97
     105
      84
     107
     109
     118
      95
      91
      91
      89
      92
     101
      91
      91
     101
     102
      82
      92
      91
      99
      86
      94
     101
      86
      87
      72
     110
      82
      93
      84
      85
      80
      76
      87
     110
      95
     103
      73
      89
      81
     101
      83
      97
      87
      92
      81
      77
      74
      89
      76
      80
      90
      80
      90
     109
     136
     168
     186
     165
     148
     120
      77
     101
      88
      74
      86
      96
      92
      83
      90
      69
      85
     102
      66
      80
      81
      92
      78
      84
      76
      81
      75
      70
      74
      93
      78
      83
      76
      79
      78
      68
      75
      79
      72
      57
      66
      64
      78
      83
      66
      93
      73
      94
      67
      81
      65
      63
     101
      81
      72
      70
      78
      69
      71
      71
      77
      72
      76
      78
      85
      47
      68
      74
      69
      65
      81
      80
     103
      54
      68
      54
      69
      78
      71
      80
      57
      52
      71
      78
      74
      82
      70
      70
      67
      72
      74
      81
      56
      63
      78
      65
      67
      67
      88
      78
      59
      68
      87
      62
      72
      64
      78
      68
      70
      59
      78
      62
      64
      69
      61
      49
      60
      67
      69
      66
      78
      93
      98
      78
      73
      82
      73
      59
      53
      73
      47
      70
      61
      69
      62
      53
      56
      46
      53
      65
      66
      70
      55
      60
      59
      48
      52
      51
      60
      78
      54
      73
      60
      54
      60
      54
      62
      56
      72
      79
      56
      56
      57
      59
      68
      58
      61
      61
      62
     130
     264
     695
    1676
    3032
    4579
    5159
    4461
    2974
    1563
     625
     237
     100
      63
      52
      55
      42
      52
      50
      49
      44
      49
      59
      50
      52
      59
      39
      42
      56
      46
      31
      50
      49
      56
      44
      43
      44
      50
      47
      60
      42
      46
      41
      45
      50
      50
      36
      47
      50
      39
      52
      38
      40
      56
      37
      56
      53
      45
      52
      57
      49
      37
      48
      32
      44
      37
      46
      41
      44
      46
      40
      47
      39
      33
      43
      50
      30
      36
      42
      50
      42
      54
      57
      40
      56
      49
      88
      99
     151
     169
     208
     161
     129
     101
      67
      42
      47
      44
      47
      41
      40
      41
      39
      43
      44
      41
      44
      40
      47
      53
      39
      47
      38
      40
      36
      38
      52
      37
      36
      44
      48
      34
      43
      50
      41
      42
      45
      32
      39
      27
      35
      40
      41
      35
      36
      36
      37
      40
      42
      42
      33
      43
      41
      45
      33
      27
      50
      41
      27
      23
      42
      45
      44
      37
      43
      43
      59
      40
      44
      36
      40
      39
      33
      36
      37
      49
      40
      42
      37
      44
      44
      31
      35
      45
      44
      27
      22
      36
      44
      34
      32
      32
      43
      39
      44
      30
      38
      42
      31
      45
      38
      34
      35
      37
      46
      37
      39
      32
      36
      35
      42
      36
      35
      35
      29
      30
      32
      45
      31
      35
      45
      32
      29
      33
      38
      37
      41
      31
      28
      36
      42
      34
      43
      33
      46
      41
      47
      36
      32
      33
      47
      45
      40
      40
      31
      37
      42
      33
      32
      38
      48
      85
     146
     253
     319
     417
     338
     252
     155
     103
      57
      47
      36
      36
      36
      45
      34
      36
      35
      43
      43
      53
      51
      50
      45
      35
      36
      26
      33
      45
      29
      47
      36
      32
      35
      42
      32
      41
      39
      45
      30
      36
      27
      55
      41
      32
      30
      39
      32
      29
      27
      20
      34
      37
      33
      31
      32
      30
      42
      46
      44
      33
      38
      29
      29
      34
      41
      37
      29
      37
      42
      39
      38
      30
      35
      32
      31
      41
      42
      33
      32
      36
      27
      30
      34
      24
      44
      38
      42
      44
      25
      33
      38
      32
      28
      23
      30
      33
      31
      39
      35
      39
      34
      32
      33
      39
      24
      30
      23
      31
      31
      40
      33
      34
      38
      40
      45
      45
      81
     153
     235
     356
     420
     454
     358
     246
     145
      82
      57
      38
      36
      39
      33
      26
      28
      35
      37
      30
      36
      35
      37
      37
      35
      37
      32
      31
      24
      45
      38
      26
      39
      31
      33
      30
      33
      35
      34
      30
      29
      24
      25
      35
      29
      34
      43
      27
      43
      26
      32
      32
      39
      38
      26
      31
      19
      45
      38
      29
      40
      24
      30
      35
      33
      23
      28
      31
      30
      29
      28
      32
      32
      43
      34
      31
      35
      26
      30
      24
      24
      33
      35
      40
      37
      36
      32
      31
      32
      32
      47
      34
      37
      32
      36
      36
      28
      29
      31
      25
      26
      43
      33
      40
      35
      45
      42
      25
      38
      47
      28
      37
      32
      25
      39
      32
      33
      39
      43
      41
      27
      34
      35
      22
      35
      31
      31
      25
      25
      28
      40
      23
      24
      31
      39
      33
      29
      23
      36
      42
      31
      33
      29
      34
      36
      42
      43
      36
      28
      44
      34
      40
      26
      32
      32
      37
      30
      33
      29
      29
      42
      52
      52
      71
      64
      74
      72
      63
      46
      41
      47
      34
      35
      29
      47
      28
      35
      38
      49
      30
      34
      44
      41
      30
      44
      30
      32
      39
      39
      37
      36
      37
      38
      30
      41
      22
      31
      37
      18
      36
      24
      21
      24
      28
      25
      34
      29
      27
      44
      32
      30
      31
      35
      30
      40
      37
      51
      62
      46
      49
      43
      50
      43
      39
      29
      37
      43
      26
      36
      37
      35
      39
      29
      40
      36
      27
      35
      32
      44
      28
      52
      41
      54
      55
      43
      51
      44
      46
      43
      37
      36
      38
      35
      38
      51
      30
      34
      41
      36
      23
      27
      38
      26
      29
      32
      35
      33
      37
      31
      31
      38
      37
      42
      25
      32
      33
      33
      32
      39
      47
      36
      31
      31
      44
      37
      35
      31
      19
      29
      39
      39
      37
      23
      32
      31
      39
      34
      30
      36
      36
      41
      47
      43
      38
      27
      33
      42
      39
      31
      29
      30
      22
      39
      33
      28
      33
      37
      40
      38
      35
      35
      34
      22
      37
      37
      43
      42
      44
      59
      40
      34
      33
      33
      32
      29
      41
      30
      42
      21
      40
      26
      32
      27
      35
      38
      32
      27
      43
      35
      34
      44
      29
      28
      32
      35
      36
      34
      30
      42
      30
      33
      33
      30
      42
      40
      28
      34
      41
      35
      41
      29
      44
      41
      26
      30
      41
      40
      31
      43
      31
      42
      37
      35
      36
      44
      47
      37
      35
      36
      38
      43
      44
      33
      42
      44
      27
      42
      36
      44
      34
      35
      37
      38
      26
      40
      43
      32
      30
      47
      35
      43
      37
      34
      43
      24
      40
      41
      40
      41
      38
      33
      35
      28
      35
      40
      43
      44
      36
      33
      33
      64
      73
      82
      79
      87
      95
      76
      80
      52
      50
      47
      51
      49
      48
      44
      37
      39
      33
      46
      40
      42
      42
      41
      29
      39
      45
      37
      33
      34
      34
      47
      44
      37
      30
      40
      36
      36
      37
      34
      55
      42
      34
      32
      40
      32
      35
      49
      36
      38
      36
      34
      40
      38
      34
      37
      33
      38
      40
      36
      41
      30
      44
      42
      30
      31
      36
      40
      32
      27
      45
      40
      31
      41
      48
      29
      37
      40
      41
      38
      46
      56
      56
      66
      75
      81
      77
      63
      45
      37
      31
      34
      37
      39
      38
      28
      28
      39
      26
      42
      24
      28
      36
      30
      32
      37
      31
      37
      29
      26
      31
      33
      46
      34
      44
      30
      35
      41
      37
      25
      38
      31
      46
      30
      37
      24
      27
      34
      21
      35
      25
      41
      37
      30
      26
      36
      28
      37
      37
      30
      35
      41
      33
      24
      35
      32
      27
      36
      30
      35
      31
      33
      25
      27
      38
      28
      38
      21
      35
      26
      30
      33
      28
      40
      36
      27
      27
      27
      28
      29
      31
      42
      33
      45
      37
      28
      25
      23
      27
      27
      33
      31
      36
      32
      36
      37
      30
      36
      38
      34
      33
      28
      28
      35
      35
      28
      25
      30
      33
      33
      31
      48
      25
      32
      35
      32
      32
      30
      35
      28
      31
      32
      36
      34
      36
      29
      35
      34
      31
      26
      39
      23
      26
      24
      39
      31
      28
      33
      29
      26
      28
      33
      44
      24
      29
      28
      28
      34
      26
      31
      32
      28
      23
      35
      43
      33
      29
      22
      33
      34
      34
      37
      24
      38
      35
      31
      28
      35
      34
      29
      22
      31
      18
      24
      33
      36
      27
      33
      43
      28
      33
      28
      32
      28
      40
      39
      25
      29
      32
      25
      29
      39
      37
      22
      31
      32
      22
      29
      40
      35
      28
      35
      23
      30
      39
      30
      17
      30
      30
      34
      41
      35
      34
      24
      27
      39
      39
      27
      37
      21
      35
      29
      36
      31
      24
      25
      25
      28
      28
      31
      35
      30
      42
      36
      35
      27
      23
      17
      30
      25
      25
      35
      35
      37
      40
      36
      58
      42
      38
      29
      30
      30
      34
      33
      33
      33
      27
      27
      24
      33
      34
      46
      37
      28
      44
      32
      30
      30
      31
      34
      32
      20
      40
      29
      23
      27
      29
      30
      30
      33
      28
      31
      30
      27
      26
      25
      34
      34
      30
      27
      37
      28
      32
      24
      39
      44
      42
      27
      42
      30
      31
      31
      23
      25
      34
      36
      28
      43
      31
      35
      37
      54
      42
      43
      44
      33
      31
      32
      32
      29
      26
      42
      43
      44
      61
      66
      77
      62
      62
      42
      40
      34
      29
      35
      25
      28
      29
      24
      25
      28
      40
      25
      27
      41
      27
      28
      26
      22
      36
      28
      29
      23
      28
      29
      30
      31
      35
      49
      50
      64
      76
      88
      90
      70
      70
      58
      43
      41
      39
      38
      36
      21
      34
      32
      30
      30
      26
      37
      28
      22
      33
      31
      39
      33
      33
      25
      39
      25
      27
      16
      28
      25
      27
      27
      27
      34
      18
      27
      26
      18
      38
      31
      35
      21
      33
      27
      20
      28
      26
      39
      32
      33
      28
      36
      28
      36
      27
      33
      28
      27
      37
      31
      27
      23
      27
      32
      45
      38
      31
      48
      41
      33
      31
      23
      28
      31
      39
      31
      29
      28
      28
      40
      30
      27
      26
      37
      33
      33
      46
      41
      33
      39
      29
      30
      20
      38
      27
      29
      24
      33
      25
      25
      28
      18
      28
      44
      38
      40
      42
      54
      50
      48
      70
      54
      39
      32
      29
      33
      29
      34
      29
      23
      37
      41
      39
      39
      51
      38
      44
      27
      35
      34
      30
      28
      33
      23
      18
      32
      25
      28
      31
      28
      37
      46
      31
      18
      31
      31
      29
      27
      38
      41
      25
      22
      39
      28
      25
      33
      27
      32
      24
      33
      29
      21
      21
      28
      29
      34
      37
      33
      25
      40
      42
      23
      33
      28
      34
      30
      28
      31
      34
      29
      38
      27
      30
      31
      25
      29
      31
      31
      24
      37
      16
      37
      40
      35
      24
      18
      36
      33
      25
      34
      28
      30
      37
      33
      28
      31
      37
      33
      30
      30
      36
      36
      39
      26
      26
      29
      35
      33
      35
      30
      37
      29
      20
      38
      24
      31
      26
      29
      41
      26
      30
      44
      30
      37
      30
      36
      31
      42
      29
      22
      35
      32
      28
      39
      28
      34
      33
      31
      29
      32
      31
      36
      22
      26
      32
      34
      25
      32
      31
      29
      31
      37
      27
      33
      27
      32
      43
      33
      42
      36
      43
      39
      46
      36
      43
      24
      35
      36
      30
      28
      37
      34
      25
      36
      32
      31
      43
      26
      26
      37
      30
      36
      33
      35
      26
      30
      22
      25
      24
      35
      28
      34
      22
      20
      35
      15
      24
      31
      27
      26
      30
      29
      35
      38
      60
      65
      86
     186
     319
     556
     660
     826
     808
     877
     701
     558
     369
     207
     125
      68
      50
      31
      29
      28
      21
      30
      21
      28
      28
      25
      28
      23
      31
      22
      24
      29
      31
      30
      20
      26
      34
      21
      21
      25
      27
      19
      23
      23
      27
      32
      24
      20
      29
      27
      27
      22
      30
      31
      36
      25
      27
      30
      27
      41
      22
      30
      26
      24
      29
      26
      29
      35
      22
      29
      26
      28
      27
      26
      33
      30
      30
      22
      25
      25
      22
      21
      36
      23
      28
      28
      23
      19
      31
      27
      28
      20
      19
      34
      19
      23
      31
      17
      18
      23
      26
      28
      30
      26
      36
      24
      27
      23
      31
      29
      19
      15
      24
      23
      25
      28
      29
      36
      46
      37
      47
      38
      53
      40
      38
      38
      25
      26
      39
      27
      30
      27
      28
      25
      25
      37
      16
      32
      24
      25
      33
      24
      26
      22
      33
      34
      23
      18
      31
      25
      28
      23
      26
      25
      27
      21
      24
      25
      30
      18
      29
      30
      22
      32
      25
      27
      32
      29
      26
      25
      18
      22
      27
      23
      23
      31
      26
      22
      22
      31
      31
      16
      13
      25
      19
      28
      20
      29
      20
      21
      23
      36
      25
      18
      26
      34
      20
      25
      23
      26
      31
      25
      29
      24
      21
      27
      26
      21
      27
      17
      20
      25
      25
      40
      21
      22
      27
      28
      25
      34
      35
      30
      27
      26
      31
      25
      28
      26
      31
      31
      31
      23
      29
      42
      31
      26
      45
      27
      35
      29
      24
      26
      36
      29
      31
      24
      33
      23
      28
      25
      30
      29
      26
      23
      24
      31
      29
      24
      24
      28
      27
      20
      30
      33
      23
      41
      25
      28
      29
      23
      29
      23
      22
      23
      20
      22
      22
      23
      24
      27
      27
      25
      27
      28
      26
      29
      26
      26
      30
      28
      17
      35
      29
      28
      29
      19
      23
      22
      30
      28
      13
      27
      30
      24
      25
      27
      24
      30
      21
      27
      19
      22
      27
      25
      26
      31
      35
      44
      55
      58
      97
     141
     190
     242
     267
     253
     266
     210
     160
     102
      79
      49
      33
      45
      34
      26
      28
      28
      28
      22
      28
      29
      21
      26
      38
      31
      40
      33
      34
      31
      32
      28
      29
      17
      31
      29
      21
      26
      25
      22
      23
      27
      36
      30
      23
      19
      16
      27
      32
      23
      29
      19
      24
      14
      15
      21
      25
      20
      15
      18
      27
      22
      21
      37
      41
      28
      23
      28
      24
      27
      23
      31
      29
      25
      23
      28
      30
      23
      29
      29
      16
      18
      22
      32
      21
      27
      22
      16
      29
      18
      23
      25
      19
      23
      25
      31
      17
      17
      21
      27
      28
      28
      21
      23
      25
      31
      20
      27
      26
      31
      31
      34
      18
      30
      16
      34
      25
      22
      31
      26
      23
      35
      33
      32
      25
      29
      29
      31
      25
      22
      31
      24
      24
      30
      19
      23
      23
      26
      16
      11
      24
      12
      25
      17
      21
      20
      15
      25
      24
      18
      25
      22
      16
      18
      14
      21
      16
      18
      22
      19
      14
      18
      19
      19
      18
      19
      18
      11
      16
      18
      17
      20
      19
      18
      20
      24
      15
      16
      22
      22
      12
      13
      11
      21
      14
      20
      30
      33
      39
      32
      38
      37
      32
      34
      34
      23
      28
      20
      19
      28
      18
      20
      16
      19
      15
      22
      28
      12
      17
      14
      22
      29
      27
      40
      16
      28
      28
      27
      30
      16
      21
      23
      21
      15
      21
      20
      16
      23
      17
      16
      23
      13
      26
      20
      15
      12
      22
      10
      13
      13
      22
      22
      18
      19
      22
      12
      15
      18
      19
      15
       6
       8
      20
      15
      17
      12
      19
      21
      11
      26
      12
      16
      10
      16
      20
      17
      17
      14
      18
      11
      16
      16
      17
      13
      16
      13
      18
      16
      22
      14
      13
      15
      13
      14
      13
      17
      16
      19
      16
      11
      12
      20
      17
      11
      11
      16
      21
      11
      13
       9
      15
       7
       9
      16
      17
      18
      15
      11
       7
      17
      15
      14
      18
      17
      13
      13
      18
       7
      10
      17
      14
      13
      14
      10
      16
      24
      16
      18
      14
      17
      20
      15
      15
      16
      19
      14
      17
      15
      23
      18
      26
      25
      32
      77
     111
     171
     254
     380
     558
     680
     726
     779
     669
     575
     383
     272
     193
     104
      57
      25
      28
      15
      17
      15
      12
      16
      19
      13
      14
      18
      22
      13
      16
      16
      17
      13
      13
      17
      10
      16
      13
      15
      14
      13
      22
      19
      15
      21
      13
      19
      13
      14
      15
      11
       6
      12
      14
      18
      12
      11
       6
      14
       8
      13
      12
      11
      14
      11
      11
      17
      12
      11
       7
       9
      18
      16
      20
      13
      11
      14
      14
       7
      18
      14
      12
      14
      10
      12
      16
       8
      20
      14
       7
      12
      10
      11
      16
      21
      11
      14
       5
       8
      17
       7
      15
      13
      13
      12
       9
      17
       9
      13
      14
      15
      13
      14
       7
      12
      13
      13
      11
      21
      12
      14
      16
      10
      14
       9
      13
      10
      13
       7
      13
      11
      15
      14
      17
      14
      13
      10
      15
      10
      18
      15
       7
       9
       8
      13
      17
       8
      10
      17
      28
      27
      31
      46
      47
      31
      47
      41
      31
      42
      34
      29
      14
      12
      17
      15
      14
       8
      12
      12
      14
      10
       8
       9
       9
      22
      10
      11
      10
      14
       7
       5
       8
      20
      11
       7
       6
      14
       6
      12
      11
      12
       8
       9
      10
      11
      19
      11
       9
      14
      13
       9
       9
       9
       6
      15
      14
      13
      10
      15
       8
      11
      12
      10
      13
       7
      10
       9
       9
      11
      19
      11
      10
      17
      10
      16
       3
      11
      14
       8
      12
       8
      12
      11
       7
      15
       9
      12
      15
      20
       7
      12
      10
       5
      13
      15
      13
      13
       8
      10
       9
      23
       8
      13
       8
       9
      14
      16
       5
      10
       9
      13
      10
      15
      10
      13
      15
      14
      11
      12
      13
      11
      10
      11
       6
       8
      13
      17
       6
      12
       9
      12
      12
      10
      18
      10
      18
      11
      15
      10
       7
      11
       9
       8
       9
       8
       9
       6
      14
      13
       8
      16
      11
      18
      16
      12
      11
      11
       5
       7
       9
       8
       9
       7
      15
       9
       6
       8
      12
      10
      10
      12
      15
      11
      14
      15
      12
      12
      15
      10
       9
       2
       4
      23
      14
       9
       7
       9
       8
       4
      12
       2
      12
      10
       8
      11
      11
      11
       7
       9
      12
      10
      11
      12
      14
      14
       6
      14
       8
       9
       9
      10
       8
      10
       8
      13
      10
       7
      12
      17
      12
       8
       9
      11
      11
      13
       8
      12
      12
      12
       7
       9
      11
      10
       5
       7
      15
      14
      12
      10
      15
      11
      10
       7
      15
      14
      13
      10
       7
       7
      14
       9
      13
      12
      15
      10
      10
      11
      12
      13
      12
       9
      15
      15
       7
      12
      11
       6
      10
      13
      11
      12
      11
      18
      21
      12
      16
       6
       9
      12
      15
      12
      14
      15
      23
      25
      34
      70
     100
     146
     211
     311
     331
     440
     444
     443
     397
     344
     272
     186
     113
      85
      70
      44
      57
      52
      69
      89
      78
      80
      83
      66
      38
      42
      30
      14
      19
      15
      14
       5
      15
      18
       8
      10
       7
      10
      12
      13
      14
       7
       6
       9
       8
      10
      14
      14
       9
       9
       9
       6
       9
       9
      15
       7
       8
      10
       9
      12
       8
      14
       5
       9
      11
      11
      14
       9
       7
      17
      14
      12
      12
      17
       4
      12
       9
       8
      16
      12
      11
      17
      14
       9
      10
      15
      12
      19
      25
      29
      32
      31
      60
      89
     139
     178
     271
     382
     514
     539
     553
     503
     494
     391
     296
     202
     148
     110
      49
      42
      23
      21
      13
      10
      10
      16
      16
       8
       9
      10
       9
      25
      13
       6
      12
      12
       6
      18
      14
       6
      17
       7
       8
      10
      13
      13
      12
      14
      14
      18
      24
       7
       8
      16
      13
      15
      18
      15
       7
      10
       8
      11
       9
      13
       8
       7
      11
       8
      18
      15
      12
      17
      13
      12
      14
      14
       8
       9
      12
       9
      11
      12
      12
      21
      19
      10
       9
      15
      14
       8
      20
      10
      14
       9
      10
       9
       7
      18
       7
      12
      16
      14
      12
      12
       8
       8
       8
      16
      15
       9
      10
      12
      13
      13
      20
      13
      12
       7
      12
      13
      16
      15
      11
       9
       8
      12
       8
      12
      13
      18
      12
       6
      12
       8
      13
      13
      18
      13
      10
      14
      13
      12
       9
      19
      17
      11
      14
      21
      11
      14
      14
      12
      17
      10
      17
      12
      22
      10
      17
      11
      11
      13
       8
      10
      10
      21
      14
      19
      15
      12
      16
       7
      11
       6
       7
      16
      18
       9
      13
      14
      12
      12
      12
      11
      10
      17
      15
      19
       8
       9
      11
      13
      10
      13
      13
      16
      13
      18
      10
      16
      13
      19
      14
      15
      14
      10
      14
       5
      10
      12
       6
      15
      10
      10
      10
      10
      11
      15
      12
      16
      12
      20
      12
       8
      18
      10
       9
      11
      11
      13
      15
      12
       7
       9
      10
      14
      17
       9
      18
      13
      15
      12
      19
      15
      17
       9
      15
      16
      26
       9
      12
      15
       5
      16
       9
       9
       8
      10
       7
      13
      13
      10
      11
      13
      16
      18
      14
      13
      19
      19
      20
      19
      16
      19
      12
      10
      13
      12
      17
      15
      14
      13
      14
      13
      17
       7
       9
      14
      11
      13
      15
      19
      13
      10
       5
      16
       8
       8
       8
       9
      13
      10
       6
      13
       7
       8
       6
       6
      12
      16
       7
       4
       9
      10
      10
      14
       9
       9
      10
       7
      11
      10
       7
       5
       5
       9
       5
       9
      15
       8
      12
      11
       4
      13
       9
       6
      10
       6
       9
       9
       3
       9
       9
       8
      11
      10
       8
       5
       6
       9
      11
       8
       8
      11
       6
       4
       9
       5
       7
       7
       9
      13
      15
      10
      16
      22
      33
      25
      52
      39
      47
      62
      52
      52
      46
      41
      40
      11
       7
      12
      11
       2
       6
      10
       4
       6
       5
      13
       8
      11
       6
       6
       9
       9
       8
       2
       9
       8
       7
       8
       5
      11
       5
       9
       8
       4
       5
       6
       6
       8
      14
       2
       7
       3
       6
      12
       8
       9
       6
      12
       7
       7
       7
       7
       1
      10
       8
       7
       5
       4
       3
      10
       4
       9
       7
      11
       2
      13
       5
       4
       5
       6
       5
       8
      13
       1
      12
       6
       7
       5
       6
      11
       9
       6
       9
       4
      10
       4
       6
       7
      10
       9
      12
       3
       5
       6
       5
       7
       9
       8
       5
       4
      10
       8
       8
       8
       5
       8
       8
       4
      12
       7
       5
       8
       3
       8
       6
       8
       4
       5
       7
       5
       5
       3
       4
       4
      11
      11
       5
       9
      13
      18
      10
      20
       8
      12
      15
      12
       7
       6
       4
       2
       8
      10
       7
       4
       2
      10
       9
       5
       3
       6
       6
       7
       2
       7
      10
       5
       6
       7
      11
       5
       3
       4
       3
       4
       8
       7
       4
       6
       5
       3
       5
       4
       8
       5
       3
       1
       8
       5
       5
       1
       5
       4
       5
       6
       7
       5
       2
       4
       3
       5
       2
       4
       2
       4
       1
       2
       2
       7
       2
       7
       5
       5
       2
       5
       2
       5
       3
       6
       1
       5
       2
       3
       2
       4
       8
       5
      15
      14
      13
       6
      12
       6
       6
       3
       3
       5
       3
       4
       4
       2
       4
       1
       2
       5
       3
       1
       4
       5
       3
       3
       4
       0
       2
       2
       4
       3
       3
       3
       3
       2
       1
       5
       5
       3
       2
       2
       9
       4
       5
       4
       6
       5
       2
       4
       3
       3
       3
       1
       5
       3
       1
       2
       2
       2
       1
       1
       1
       4
       3
       4
       4
       2
       6
      10
       6
      11
      12
       5
       2
       5
       8
       6
      10
       3
       2
       4
       4
       4
       6
       5
      15
      14
      23
      30
      38
      41
      47
      43
      63
      54
      38
      39
      35
      21
      16
       7
       9
       6
       2
       3
       1
       1
       1
       2
       1
       2
       1
       3
       2
       1
       0
       1
       3
       2
       2
       1
       2
       3
       3
       4
       3
       1
       2
       3
       2
       0
       0
       1
       1
       0
       3
       1
       0
       0
       0
       1
       1
       4
       1
       3
       3
       2
       4
       3
       1
       2
       2
       2
       1
       3
       1
       2
       1
       0
       0
       3
       1
       2
       1
       2
       2
       3
       4
       1
       2
       1
       2
       2
       1
       4
       2
       1
       0
       5
       1
       1
       0
       3
       0
       1
       1
       2
       1
       0
       3
       2
       1
       0
       2
       0
       4
       3
       2
       0
       0
       1
       2
       2
       6
       3
       1
       1
       0
       1
       1
       2
       2
       2
       2
       1
       3
       2
       0
       2
       1
       0
       4
       2
       0
       1
       0
       1
       2
       0
       1
       0
       3
       0
       1
       2
       2
       2
       1
       2
       3
       4
       0
       1
       1
       3
       0
       1
       0
       0
       0
       2
       0
       0
       1
       0
       0
       2
       0
       3
       1
       0
       3
       1
       0
       1
       1
       3
       2
       5
       2
       0
       1
       3
       0
       0
       0
       3
       2
       1
       0
       1
       3
       2
       2
       2
       2
       4
       3
       0
       1
       1
       0
       3
       0
       2
       0
       0
       3
       1
       7
       2
       0
       1
       1
       0
       0
       2
       0
       1
       0
       0
       0
       2
       2
       0
       2
       1
       3
       1
       4
       1
       4
       1
       2
       3
       3
       0
       2
       5
       0
       0
       0
       2
       2
       1
       0
       0
       0
       2
       2
       0
       0
       0
       0
       0
       1
       0
       0
       0
       1
       1
       0
       1
       1
       1
       3
       2
       0
       3
       0
       1
       1
       2
       0
       3
       0
       3
       1
       2
       1
       1
       1
       1
       0
       0
       0
       0
       0
       1
       1
       1
       2
       3
       0
       3
       0
       2
       0
       1
       2
       0
       0
       2
       1
       0
       3
       4
       1
       0
       0
       1
       0
       1
       1
       0
       0
       0
       0
       1
       1
       1
       0
       0
       0
       2
       0
       1
       0
       1
       2
       0
       1
       0
       2
       3
       2
       1
       1
       1
       1
       2
       1
       0
       0
       3
       0
       1
       1
       1
       0
       1
       3
       0
       0
       1
       1
       0
       0
       2
       3
       2
       1
       1
       0
       3
       1
       3
       0
       2
       1
       1
       3
       3
       1
       1
       5
       2
       6
      16
      14
      11
      35
      39
      67
      97
     147
     187
     265
     378
     424
     564
     585
     560
     591
     517
     447
     364
     301
     200
     112
      99
      36
      29
       8
       8
       5
       1
       1
       1
       2
       0
       0
       1
       2
       1
       0
       0
       1
       0
       2
       1
       0
       0
       1
       1
       2
       1
       0
       0
       0
       0
       1
       1
       1
       1
       0
       0
       0
       1
       0
       0
       0
       1
       0
       0
       0
       0
       0
       1
       0
       0
       0
       0
       1
       1
       0
       1
       1
       1
       1
       0
       1
       1
       1
       0
       0
       0
       0
       0
       1
       0
       0
       0
       0
       0
       0
       1
       0
       0
       0
       0
       0
       0
       1
       0
       0
       0
       0
       0
       0
       0
       0
       0
       1
       0
       0
       0
       0
       1
       0
       1
       0
       0
       2
       0
       0
       0
       0
       0
       0
       1
       0
       0
       0
       0
       0
       0
       1
       0
       2
       0
       1
       0
       0
       2
       2
       0
       0
       0
       0
       0
       1
       1
       0
       0
       0
       0
       0
       2
       0
       0
       1
       0
       1
       0
       0
       0
       1
       1
       0
       0
       1
       0
       0
       0
       0
       0
       0
       0
       1
       4
       1
       4
       2
       5
      11
       5
      14
      14
      12
      19
      14
      10
       4
      10
       7
       3
       2
       1
       1
       2
       2
       0
       1
       1
       1
       0
       0
       2
       0
       0
       0
       1
       0
       0
       0
       0
       0
       0
       0
       0
       0
       0
       0
       0
       0
       0
       0
       1
       0
       0
       0
       0
       0
       0
       0
       0
       0
       0
       0
       0
       0
       0
       0
       0
       0
       0
       0
       1
       0
       0
       0
       1
       0
       0
       0
       0
       0
       0
       0
       0
       0
       0
       1
       0
       0
       0
       0
       0
       0
       0
       0
       0
       0
       1
       0
       0
       0
       0
       0
       0
       0
       0
       0
       0
       0
       1
       0
       1
       0
       0
       0
       0
       0
       0
       0
       0
       0
       0
       1
       0
       0
       0
       0
       0
       1
       0
       1
       0
       0
       1
       1
       0
       1
       0
       0
       0
       0
       2
       1
       0
       0
       0
       0
       0
       1
       2
       0
       0
       0
       0
       0
       0
       0
       0
       0
       0
       0
       0
       0
       0
       0
       0
       2
       0
       0
       1
       0
       2
       0
       0
       1
       1
       0
       0
       0
       1
       0
       0
       0
       0
       0
       0
       0
       0
       0
       0
       0
       0
       1
       1
       0
       0
       0
       0
       0
       0
       0
       0
       0
       0
       0
       0
       0
       1
       0
       0
       0
       0
       0
       0
       0
       0
       0
       0
       1
       1
       0
       0
       0
       1
       0
       0
       0
       0
       0
       1
       0
       0
       0
       0
       0
       0
       0
       0
       0
       0
       0
       0
       1
       0
       0
       0
       1
       0
       0
       0
       1
       0
       1
       0
       0
       2
       1
       3
       3
       8
       3
       3
       6
       5
      13
       8
       8
       6
       9
      17
       8
       4
       4
       2
       3
       2
       2
       2
       0
       0
       0
       0
       0
       0
       0
       0
       0
       0
       0
       0
       0
       0
       1
       0
       0
       0
       1
       0
       0
       0
       0
       0
       0
       0
       0
       0
       0
       0
       1
       0
       0
       0
       0
       0
       0
       0
       0
       0
       0
       0
       0
       0
       0
       0
       0
       0
       0
       0
       0
       0
       0
       0
       0
       0
       0
       0
       0
       0
       0
       0
       0
       0
       0
       0
       0
       0
       0
       0
       0
       0
       0
       0
       0
       0
       0
       0
       0
       0
       0
       1
       0
       0
       0
       0
       0
       0
       0
       0
       0
       0
       0
       0
       0
       0
       0
       0
       0
       0
       1
       2
       0
       0
       0
       0
       0
       0
       1
       0
       0
       0
       0
       0
       0
       0
       0
       0
       0
       0
       0
       0
       0
       0
       0
       0
       0
       0
       0
       0
       0
       0
       0
       1
       0
       0
       0
       0
       0
       0
       0
       0
       0
       1
       0
       0
       0
       0
       0
       0
       0
       0
       0
       0
       0
       0
       0
       0
       0
       0
       0
       0
       0
       0
       0
       1
       0
       1
       0
       0
       0
       0
       0
       0
       0
       0
       0
       0
       0
       0
       0
       0
       0
       0
       0
       0
       0
       0
       1
       0
       0
       0
       0
       0
       0
       0
       1
       0
       1
       0
       1
       0
       0
       0
       0
       0
       0
       0
       0
       0
       0
       0
       0
       0
       0
       0
       0
       0
       0
       0
       0
       0
       0
       0
       0
       0
       0
       0
       1
       1
       0
       0
       0
       1
       1
       0
       0
       0
       0
       0
       0
       0
       0
       0
       0
       1
       0
       0
       0
       0
       0
       0
       1
       0
       0
       0
       0
       0
       0
       0
       0
       0
       1
       1
       1
       0
       0
       0
       0
       0
       0
       0
       0
       0
       0
       0
       0
       0
       0
       0
       0
       0
       1
       0
       0
       1
       0
       0
       1
       0
       1
       0
       0
       0
       0
       0
       0
       0
       0
       0
       0
       0
       0
       0
       0
       0
       0
       0
       0
       0
       0
       0
       1
       0
       0
       0
       0
       0
       0
       0
       0
       0
       0
       0
       0
       0
       0
       0
       0
       0
       0
       0
       0
       0
       0
       0
       0
       0
       0
       0
       0
       0
       0
       0
       0
       0
       0
       0
       0
       0
       0
       1
       0
       0
       0
       0
       0
       0
       0
       0
       0
       0
       1
       0
       0
       0
       0
       0
       0
       0
       0
       0
       0
       0
       0
       0
       0
       0
       0
       0
       0
       0
       0
       0
       1
       0
       0
       0
       0
       0
       0
       0
       0
       0
       0
       0
       0
       0
       0
       0
       0
       0
       0
       0
       0
       0
       0
       0
       0
       0
       0
       0
       1
       0
       0
       0
       0
       0
       0
       0
       0
       0
       1
       0
       0
       0
       0
       0
       0
       0
       0
       0
       0
       0
       0
       0
       0
       0
       0
       0
       0
       0
       0
       0
       0
       0
       0
       0
       0
       0
       0
       0
       0
       0
       0
       0
       0
       0
       0
       0
       0
       0
       0
       0
       0
       0
       0
       0
       0
       0
       0
       0
       0
       0
       1
       0
       0
       0
       0
       0
       0
       0
       0
       0
       0
       0
       0
       0
       0
       0
       0
       0
       0
       0
       0
       0
       0
       0
       0
       0
       0
       0
       0
       0
       0
       0
       0
       0
       1
       0
       0
       0
       0
       0
       0
       0
       0
       0
       0
       0
       0
       0
       1
       0
       0
       0
       0
       0
       0
       0
       0
       0
       0
       0
       0
       0
       0
       0
       0
       0
       0
       0
       0
       0
       0
       0
       0
       0
       0
       0
       0
       0
       0
       0
       0
       0
       0
       0
       0
       0
       0
       0
       0
       0
       1
       0
       0
       0
       0
       0
       0
       0
       0
       0
       0
       0
       0
       0
       0
       0
       0
       0
       0
       0
       0
       0
       0
       0
       0
       0
       0
       0
       0
       0
       0
       0
       0
       0
       0
       0
       0
       0
       0
       0
       0
       0
       0
       0
       0
       0
       0
       0
       0
       0
       1
       0
       0
       0
       0
       0
       0
       0
       0
       0
       0
       0
       0
       0
       0
       0
       0
       0
       0
       0
       0
       0
       0
       0
       0
       0
       0
       0
       0
       0
       0
       0
       0
       0
       0
       0
       0
       0
       0
       0
       1
       0
       0
       0
       0
       0
       0
       0
       0
       0
       0
       0
       0
       0
       1
       0
       0
       0
       0
       0
       0
       0
       0
       0
       0
       0
       0
       0
       0
       0
       0
       0
       0
       0
       0
       0
       0
       0
       0
       0
       0
       0
       0
       0
       0
       0
       0
       0
       0
       0
       0
       0
       0
       0
       0
       0
       1
       0
       0
       1
       0
       0
       0
       0
       0
       0
       0
       0
       0
       0
       0
       0
       0
       0
       0
       0
       0
       0
       0
       0
       0
       0
       0
       0
       0
       0
       0
       0
       0
       0
       0
       0
       0
       0
       0
       0
       0
       0
       0
       0
       0
       0
       0
       0
       0
       0
       0
       0
       0
       0
       0
       0
       0
       0
       0
       0
       0
       0
       0
       0
       0
       0
       0
       0
       0
       0
       0
       1
       0
       0
       0
       0
       0
       0
       0
       0
       0
       0
       0
       0
       0
       0
       0
       0
       0
       0
       0
       0
       0
       0
       0
       0
       0
       0
       0
       0
       0
       0
       0
       1
       0
       0
       0
       0
       0
       0
       0
       0
       0
       0
       0
       0
       0
       0
       0
       0
       0
       0
       0
       0
       0
       0
       0
       0
       0
       0
       0
       0
       0
       0
       0
       1
       0
       0
       0
       0
       0
       0
       0
       1
       1
       0
       0
       0
       0
       0
       0
       0
       0
       0
       0
       0
       0
       0
       0
       0
       0
       0
       0
       0
       0
       0
       0
       0
       0
       0
       0
       0
       0
       0
       0
       0
       0
       0
       0
       1
       0
       0
       0
       0
       0
       0
       1
       0
       0
       0
       0
       0
       0
       0
       0
       0
       0
       0
       0
       0
       0
       0
       0
       0
       0
       0
       0
       0
       0
       0
       0
       0
       0
       0
       0
       0
       0
       0
       0
       0
       0
       0
       0
       0
       0
       0
       0
       0
       0
       0
       0
       0
       0
       0
       0
       0
       0
       0
       0
       0
       0
       0
       0
       0
       0
       1
       0
       0
       0
       0
       0
       0
       0
       0
       0
       0
       0
       0
       0
       0
       0
       0
       0
       0
       0
       0
       0
       0
       0
       0
       0
       0
       0
       0
       0
       0
       0
       0
       0
       0
       0
       0
       0
       0
       0
       0
       0
       0
       0
       0
       0
       0
       0
       0
       0
       0
       0
       0
       0
       0
       0
       0
       0
       0
       0
       0
       0
       0
       0
       0
       1
       0
       0
       0
       0
       0
       0
       0
       0
       0
       0
       0
       0
       0
       0
       0
       0
       0
       0
       0
       0
       0
       0
       0
       0
       0
       0
       1
       0
       0
       0
       0
       0
       0
       0
       0
       1
       0
       0
       0
       0
       0
       0
       0
       0
       0
       0
       0
       0
       0
       0
       0
       0
       0
       0
       0
       0
       0
       0
       0
       0
       0
       0
       0
       0
       0
       0
       0
       0
       0
       0
       0
       0
       0
       0
       0
       0
       0
       0
       0
       0
       0
       0
       0
       0
       0
       0
       0
       1
       0
       0
       0
       0
       0
       0
       0
       0
       0
       0
       0
       0
       0
       0
       0
       0
       0
       0
       0
       0
       0
       0
       0
       0
       0
       0
       0
       0
       0
       0
       0
       0
       0
       0
       0
       0
       0
       0
       0
       0
       0
       0
       0
       0
       0
       0
       0
       0
       0
       0
       0
       0
       1
       0
       0
       0
       0
       0
       0
       0
       0
       0
       0
       0
       0
       0
       0
       0
       0
       0
       0
       0
       0
       0
       0
       0
       0
       0
       0
       0
       0
       0
       0
       0
       0
       0
       0
       0
       0
       0
       0
       0
       0
       0
       0
       0
       0
       0
       0
       0
       0
       0
       0
       0
       0
       0
       0
       0
       0
       0
       0
       0
       0
       0
       0
       0
       0
       0
       0
       0
       0
       0
       0
       0
       0
       0
       0
       0
       0
       0
       0
       0
       0
       0
       0
       0
       0
       0
       0
       0
       0
       0
       0
       0
       0
       0
       0
       0
       0
       0
       0
       0
       0
       0
       0
       0
       0
       0
       0
       0
       0
       0
       0
       0
       0
       0
       0
       0
       1
       0
       0
       0
       0
       0
       0
       0
       0
       0
       0
       0
       0
       0
       0
       0
       0
       0
       0
       0
       0
       0
       0
       0
       0
       0
       0
       0
       0
       0
       0
       0
       0
       0
       0
       0
       0
       0
       0
       0
       0
       0
       0
       0
       0
       0
       0
       0
       0
       0
       0
       1
       0
       0
       0
       0
       0
       0
       0
       0
       0
       0
       0
       0
       0
       0
       0
       0
       0
       0
       0
       0
       0
       0
       0
       0
       0
       0
       0
       0
       0
       0
       0
       0
       0
       0
       0
       0
       0
       0
       0
       0
       1
       0
       0
       0
       0
       0
       0
       0
       0
       0
       0
       0
       0
       0
       0
       0
       0
       0
       0
       0
       0
       0
       0
       0
       0
       0
       0
       0
       0
       0
       0
       0
       0
       0
       0
       0
       0
       0
       0
       0
       0
       0
       0
       0
       0
       0
       0
       0
       0
       0
       0
       0
       0
       0
       0
       0
       0
       0
       1
       0
       0
       0
       0
       0
       0
       0
       0
       0
       0
       0
       0
       0
       0
       0
       0
       0
       0
       0
       0
       0
       0
       0
       0
       0
       1
       0
       0
       0
       0
       0
       0
       0
       0
       0
       0
       0
       0
       0
       0
       0
       0
       0
       0
       0
       0
       0
       0
       0
       0
       0
       0
       0
       0
       0
       0
       0
       0
       0
       0
       0
       0
       0
       0
       0
       0
       0
       0
       0
       0
       0
       0
       0
       0
       0
       0
       0
       0
       0
       0
       0
       0
       0
       0
       0
       0
       0
       0
       0
       0
       0
       0
       0
       0
       0
       0
       0
       0
       0
       0
       0
       0
       0
       0
       0
       0
       0
       0
       0
       0
       0
       0
       0
       0
       0
       0
       0
       0
       0
       0
       0
       0
       0
       1
       0
       0
       0
       0
       0
       0
       0
       0
       0
       0
       0
       0
       0
       0
       0
       0
       0
       0
       0
       0
       0
       0
       0
       0
       0
       0
       0
       0
       0
       0
       0
       0
       0
       0
       0
       0
       0
       0
       0
       0
       0
       0
       0
       0
       0
       0
       0
       0
       0
       0
       0
       1
       0
       0
       0
       0
       0
       0
       0
       0
       0
       0
       0
       0
       0
       0
       0
       0
       0
       0
       0
       0
       0
       0
       0
       0
       0
       0
       0
       0
       0
       0
       0
       0
       0
       0
       0
       0
       0
       0
       0
       0
       0
       0
       0
       0
       0
       1
       0
       0
       0
       0
       0
       0
       0
       0
       1
       0
       0
       0
       0
       0
       0
       0
       0
       0
       0
       0
       0
       0
       0
       0
       0
       0
       0
       0
       0
       0
       0
       0
       0
       0
       0
       0
       0
       0
       0
       0
       0
       0
       0
       0
       0
       0
       0
       0
       0
       0
       0
       0
       0
       0
       0
       0
       0
       0
       0
       0
       0
       0
       0
       0
       1
       0
       0
       0
       0
       0
       0
       0
       0
       0
       0
       1
       0
       0
       0
       0
       0
       0
       0
       0
       0
       0
       0
       0
       0
       0
       0
       0
       1
       0
       0
       0
       0
       0
       0
       0
       0
       0
       0
       0
       0
       0
       0
       0
       0
       0
       0
       0
       0
       0
       0
       0
       0
       0
       0
       0
       1
       0
       0
       0
       0
       0
       0
       0
       0
       0
       0
       0
       0
       0
       0
       0
       0
       0
       0
       0
       0
       0
       0
       0
       0
       0
       0
       0
       0
       0
       0
       0
       0
       0
       0
       0
       0
       0
       0
       0
       0
       0
       0
       0
       0
       0
       0
       0
       0
       0
       0
       0
       0
       0
       0
       0
       0
       0
       0
       0
       0
       0
       0
       0
       0
       0
       0
       0
       0
       0
       0
       0
       0
       0
       0
       0
       0
       0
       0
       0
       0
       0
       0
       0
       0
       0
       0
       0
       0
       0
       0
       0
       0
       0
       0
       0
       0
       0
       0
       0
       0
       0
       0
       0
       0
       0
       0
       0
       0
       0
       0
       0
       0
       0
       0
       0
       0
       0
       0
       0
       0
       0
       0
       0
       0
       0
       0
       0
       0
       0
       0
       0
       0
       0
       0
       0
       0
       0
       0
       0
       0
       0
       0
       0
       0
       0
       0
       0
       0
       0
       0
       0
       0
       0
       0
       0
       0
       0
       0
       0
       0
       0
       0
       0
       0
       0
       0
       0
       0
       0
       0
       0
       0
       0
       0
       0
       0
       0
       0
       0
       0
       0
       0
       0
       0
       0
       0
       0
       0
       0
       0
       0
       0
       0
       0
       0
       0
       0
       0
       0
       0
       0
       0
       0
       0
       0
       0
       0
       0
       0
       0
       0
       0
       0
       0
       0
       0
       0
       0
       0
       0
       0
       0
       1
       0
       0
       0
       0
       0
       0
       0
       0
       0
       0
       1
       0
       0
       0
       0
       0
       0
       0
       0
       0
       0
       0
       0
       0
       0
       0
       0
       0
       0
       0
       0
       0
       0
       0
       0
       0
       0
       0
       0
       0
       0
       0
       0
       0
       0
       0
       0
       0
       0
       0
       0
       0
       0
       0
       0
       0
       0
       0
       0
       0
       0
       0
       0
       0
       0
       0
       0
       0
       0
       0
       0
       0
       0
       0
       0
       0
       0
       0
       0
       0
       0
       0
       0
       0
       0
       0
       0
       0
       0
       0
       0
       0
       0
       0
       0
       0
       0
       0
       0
       1
       0
       0
       0
       0
       0
       0
       0
       0
       0
       0
       0
       0
       0
       0
       0
       1
       0
       0
       0
       0
       0
       0
       0
       0
       0
       0
       0
       0
       0
       0
       0
       0
       0
       0
       0
       0
       0
       0
       0
       0
       0
       0
       0
       0
       0
       0
       0
       0
       0
       0
       0
       0
       0
       0
       0
       0
       0
       0
       0
       0
       0
       0
       0
       0
       0
       0
       0
       0
       0
       0
       0
       0
       0
       0
       0
       0
       0
       0
       0
       0
       0
       0
       0
       0
       0
       1
       0
       0
       0
       0
       0
       0
       0
       0
       0
       0
       0
       0
       0
       0
       0
       0
       0
       0
       0
       0
       0
       0
       0
       0
       0
       0
       0
       0
       0
       0
       0
       0
       0
       0
       0
       0
       0
       0
       0
       0
       0
       0
       0
       0
       0
       0
       0
       0
       0
       0
       0
       0
       0
       0
       0
       0
       0
       0
       0
       0
       0
       0
       0
       0
       0
       0
       0
       0
       0
       0
       0
       0
       1
       0
       0
       0
       1
       1
       0
       0
       0
       0
       0
       0
       0
       0
       0
       0
       0
       0
       0
       0
       0
       0
       0
       0
       0
       0
       1
       0
       0
       0
       0
       0
       0
       0
       0
       0
       0
       0
       0
       0
       0
       0
       0
       0
       0
       0
       0
       0
       0
       0
       0
       0
       0
       0
       0
       0
       0
       0
       0
       0
       0
       1
       0
       0
       0
       0
       0
       0
       0
       0
       0
       0
       0
       0
       0
       0
       0
       0
       0
       0
       0
       0
       0
       0
       0
       0
       0
       0
       0
       0
       1
       0
       0
       0
       0
       0
       0
       0
       0
       0
       0
       0
       0
       0
       0
       0
       0
       0
       0
       0
       0
       0
       0
       0
       0
       0
       0
       0
       0
       0
       0
       0
       0
       0
       0
       0
       0
       0
       0
       0
       0
       0
       0
       0
       0
       0
       0
       0
       0
       0
       0
       0
       0
       0
       0
       0
       0
       0
       0
       0
       0
       0
       0
       0
       0
       0
       0
       0
       0
       0
       0
       0
       0
       0
       0
       0
       0
       0
       0
       0
       0
       0
       0
       0
       0
       0
       1
       0
       0
       0
       0
       0
       0
       0
       0
       0
       0
       0
       0
       0
       0
       0
       0
       0
       0
       0
       0
       0
       0
       0
       0
       0
       0
       0
       0
       0
       0
       0
       0
       0
       0
       0
       0
       0
       0
       0
       0
       0
       0
       0
       0
       0
       0
       0
       0
       0
       0
       1
       0
       0
       0
       1
       0
       0
       0
       0
       1
       0
       0
       0
       0
       0
       0
       0
       0
       0
       0
       0
       0
       0
       0
       0
       0
       0
       0
       1
       0
       0
       0
       0
       0
       0
       0
       0
       0
       0
       0
       0
       0
       0
       0
       0
       1
       0
       0
       0
       0
       0
       0
       0
       0
       0
       0
       0
       0
       0
       0
       0
       0
       0
       0
       0
       0
       0
       0
       0
       0
       0
       0
       0
       0
       0
       0
       0
       0
       0
       0
       0
       0
       0
       0
       0
       0
       0
       0
       0
       0
       0
       0
       0
       0
       0
       0
       0
       0
       0
       0
       0
       0
       0
       0
       0
       0
       0
       0
       0
       0
       0
       0
       0
       0
       0
       0
       0
       0
       0
       0
       0
       0
       0
       0
       0
       0
       0
       0
       0
       0
       0
       0
       0
       0
       0
       0
       0
       0
       0
       0
       0
       0
       0
       0
       0
       0
       0
       0
       0
       0
       0
       0
       0
       0
       0
       0
       0
       0
       0
       0
       0
       0
       0
       0
       0
       0
       0
       0
       0
       0
       0
       0
       0
       0
       0
       0
       0
       0
       0
       0
       0
       0
       0
       0
       0
       0
       0
       0
       0
       0
       0
       0
       0
       0
       0
       0
       0
       0
       0
       0
       0
       0
       0
       0
       0
       0
       0
       0
       0
       0
       0
       0
       0
       0
       0
       0
       0
       0
       0
       0
       0
       0
       0
       0
       0
$ROI:
0
$PRESETS:
None
0
0
$ENER_FIT:
-2.173939 0.279251
$MCA_CAL:
3
-2.173939E+000 2.792507E-001 0.000000E+000 keV
$SHAPE_CAL:
3
1.571259E+001 -1.155430E-003 0.000000E+000
