$SPEC_ID:
226Ra
$SPEC_REM:
DET# 1
DETDESC# MCB 132 Input 1
AP# Maestro Version 6.06
$DATE_MEA:
02/10/2022 10:44:10
$MEAS_TIM:
2184 2192
$DATA:
0 8191
       0
       0
       0
       0
       0
       0
       0
       0
       0
       0
       0
       0
       0
       0
       0
       0
       0
       0
       0
       0
       0
       0
       0
       0
       0
       2
     793
    5942
    1505
     738
     684
     712
     722
     745
     775
     814
     830
     841
     818
     779
     816
     782
     746
     753
     729
     738
     716
     656
     650
     635
     605
     659
     638
     624
     630
     619
     589
     614
     593
     507
     557
     544
     536
     584
     526
     535
     562
     487
     519
     513
     519
     515
     511
     525
     463
     505
     490
     482
     473
     491
     500
     450
     494
     434
     516
     452
     455
     422
     412
     413
     411
     432
     426
     435
     468
     442
     434
     397
     432
     417
     385
     414
     413
     412
     441
     439
     391
     399
     406
     356
     407
     397
     393
     401
     385
     375
     352
     388
     404
     353
     397
     383
     375
     382
     373
     384
     379
     380
     400
     392
     358
     360
     444
     380
     359
     383
     435
     378
     410
     393
     406
     407
     417
     392
     452
     547
     814
    1204
    1595
    1967
    1741
    1224
     720
     365
     324
     286
     309
     307
     287
     343
     293
     292
     268
     250
     287
     366
     470
     780
    1146
    1184
     878
     602
     579
     528
     464
     351
     246
     242
     236
     209
     220
     210
     202
     222
     223
     213
     256
     224
     228
     189
     200
     197
     240
     223
     199
     215
     197
     207
     192
     212
     193
     231
     215
     198
     221
     224
     226
     209
     203
     200
     191
     223
     228
     210
     219
     225
     182
     212
     236
     239
     198
     214
     205
     219
     193
     252
     228
     237
     208
     204
     235
     246
     208
     200
     216
     226
     228
     243
     217
     203
     218
     217
     245
     231
     235
     230
     223
     231
     251
     219
     237
     264
     221
     277
     282
     262
     265
     280
     232
     263
     266
     250
     253
     294
     267
     343
     325
     350
     297
     287
     286
     290
     336
     385
     415
     456
     376
     352
     295
     281
     296
     300
     280
     315
     281
     298
     273
     291
     286
     290
     277
     290
     321
     279
     322
     315
     352
     325
     356
     351
     397
     365
     412
     446
     439
     466
     414
     477
     498
     536
     596
     567
     536
     458
     462
     482
     494
     504
     527
     490
     519
     536
     513
     496
     481
     508
     494
     498
     526
     529
     493
     499
     505
     508
     491
     515
     530
     505
     492
     487
     522
     531
     483
     512
     480
     521
     544
     530
     514
     494
     487
     472
     491
     469
     487
     478
     439
     473
     444
     417
     467
     423
     450
     452
     423
     430
     397
     435
     399
     428
     392
     439
     401
     406
     357
     423
     435
     386
     395
     346
     394
     385
     386
     359
     406
     395
     386
     369
     379
     358
     355
     358
     356
     368
     350
     381
     351
     360
     362
     352
     336
     375
     328
     374
     371
     349
     376
     352
     364
     356
     308
     390
     342
     347
     373
     351
     344
     335
     375
     325
     375
     345
     392
     349
     372
     375
     402
     357
     363
     346
     350
     381
     368
     340
     348
     382
     370
     420
     612
    1560
    4311
    9006
   13386
   13035
    8558
    3803
    1373
     579
     385
     331
     292
     286
     288
     279
     295
     268
     289
     290
     287
     291
     276
     287
     295
     285
     333
     254
     258
     297
     299
     267
     291
     292
     281
     314
     300
     307
     286
     314
     302
     286
     292
     298
     279
     317
     290
     291
     311
     298
     273
     275
     281
     274
     313
     289
     302
     288
     284
     281
     300
     280
     306
     329
     304
     342
     314
     300
     302
     260
     293
     307
     303
     322
     286
     282
     299
     299
     270
     288
     303
     270
     308
     277
     306
     293
     278
     267
     307
     309
     300
     301
     319
     316
     301
     307
     324
     331
     342
     337
     333
     329
     323
     372
     307
     327
     306
     321
     337
     316
     320
     304
     336
     351
     307
     330
     332
     323
     340
     352
     349
     341
     352
     317
     325
     307
     330
     299
     337
     319
     350
     342
     314
     344
     342
     326
     327
     342
     317
     326
     291
     297
     345
     318
     307
     336
     336
     353
     328
     325
     324
     324
     330
     307
     365
     300
     306
     331
     311
     290
     333
     298
     313
     330
     329
     301
     313
     313
     321
     306
     301
     336
     295
     324
     308
     320
     306
     315
     311
     324
     321
     308
     333
     313
     294
     286
     311
     330
     268
     300
     293
     313
     327
     321
     347
     315
     309
     320
     316
     294
     292
     302
     285
     299
     302
     301
     322
     281
     288
     290
     313
     299
     304
     306
     306
     315
     291
     278
     297
     307
     315
     303
     279
     302
     294
     284
     281
     288
     285
     308
     326
     307
     302
     286
     264
     298
     300
     262
     305
     276
     287
     292
     308
     298
     289
     275
     276
     292
     274
     269
     267
     289
     270
     313
     301
     276
     276
     288
     255
     271
     256
     272
     290
     289
     305
     251
     255
     284
     283
     252
     279
     267
     258
     292
     257
     266
     285
     267
     270
     278
     258
     237
     244
     267
     280
     249
     270
     262
     258
     263
     247
     237
     253
     238
     253
     224
     243
     240
     249
     232
     248
     247
     269
     250
     249
     248
     240
     254
     273
     250
     247
     248
     267
     220
     247
     269
     261
     227
     221
     262
     230
     223
     245
     241
     243
     208
     243
     244
     228
     234
     245
     252
     229
     228
     209
     234
     210
     243
     276
     214
     220
     223
     241
     222
     241
     214
     213
     220
     224
     223
     200
     204
     226
     222
     226
     223
     222
     238
     198
     203
     181
     210
     230
     208
     242
     207
     198
     208
     238
     236
     220
     202
     206
     217
     230
     225
     232
     213
     208
     210
     190
     230
     198
     208
     207
     179
     205
     189
     224
     220
     177
     225
     200
     194
     213
     183
     210
     215
     204
     209
     222
     198
     167
     183
     188
     191
     198
     192
     206
     175
     194
     185
     209
     180
     207
     187
     207
     201
     183
     186
     205
     199
     175
     204
     177
     187
     198
     178
     174
     184
     192
     219
     188
     192
     172
     213
     176
     173
     210
     189
     276
     500
    1086
    1773
    2475
    2457
    1890
    1048
     494
     259
     175
     182
     174
     190
     185
     178
     185
     172
     203
     171
     169
     168
     176
     165
     169
     139
     154
     166
     173
     168
     186
     174
     178
     170
     179
     153
     161
     150
     158
     131
     142
     157
     152
     161
     149
     154
     148
     168
     164
     160
     155
     153
     150
     169
     140
     148
     147
     154
     142
     127
     149
     154
     151
     130
     159
     142
     159
     139
     153
     151
     151
     157
     107
     154
     145
     147
     143
     145
     121
     144
     127
     138
     150
     168
     152
     135
     134
     139
     129
     142
     138
     116
     126
     171
     147
     135
     156
     162
     175
     146
     173
     149
     135
     150
     125
     130
     132
     138
     127
     137
     134
     136
     146
     131
     132
     139
     128
     157
     175
     112
     137
     129
     129
     130
     133
     122
     119
     141
     134
     124
     120
     126
     127
     142
     135
     120
     123
     136
     154
     120
     115
     118
     119
     117
     114
     146
     134
     133
     109
     137
     119
     131
     119
     108
     113
     116
     121
     130
     120
     128
     118
     112
     126
     105
     116
     124
     123
     117
     110
     117
     105
     118
     114
     123
      97
     116
     125
     119
     130
     117
     119
     118
     136
     145
     114
     153
     184
     204
     220
     219
     169
     118
     111
     113
     108
     113
     115
     108
     115
     100
     102
      96
     110
      96
     120
     103
     118
     114
      90
     101
     110
     115
     104
     107
     102
      88
     116
      96
      95
     115
     116
     108
      80
     108
      97
      95
     104
     110
     101
     109
      96
      97
     113
      95
     101
     100
     104
     112
      87
     118
     107
     103
      92
     109
      99
      86
      99
     106
     109
     107
      99
     112
      98
      84
     111
      96
     126
     118
     108
     114
      85
     120
      96
     112
     105
      99
      93
     102
      86
      95
      88
     111
      92
      92
      90
      96
     105
     114
      89
      91
     109
     102
      91
     110
     105
      90
     100
     101
     103
     103
     111
     115
     122
      93
     111
      90
      94
      97
      85
      99
     100
      83
     108
      88
      94
     105
     116
     107
     131
     116
     105
      96
     110
      98
      90
      85
      89
      92
      91
      92
      95
      98
      89
      81
      85
      89
      96
      77
     104
      91
     103
      85
      83
      98
      93
      82
     102
      72
      99
      82
     100
      73
      89
      81
      67
      86
      82
      87
      89
      77
      99
      93
      92
     117
     109
     130
     356
     865
    1988
    3666
    5170
    5794
    4880
    3243
    1647
     624
     239
     120
      80
      67
      82
      82
      80
      93
      77
      65
      79
      69
      68
      78
      66
      79
      88
      55
      78
      73
      73
      85
      72
      66
      81
      78
      87
      59
      72
      72
      53
      73
      67
      86
      53
      90
      75
      74
      83
      85
      75
      62
      63
      68
      79
      81
      69
      77
      75
      54
      67
      76
      68
      69
      67
      76
      69
      63
      81
      62
      83
      68
      77
      72
      67
      62
      81
      57
      79
      62
      61
      64
      65
      76
      71
      76
     119
     166
     229
     244
     227
     165
     145
      92
      77
      66
      81
      86
      63
      88
      68
      50
      50
      68
      59
      74
      73
      79
      59
      78
      61
      53
      61
      57
      72
      72
      72
      68
      75
      66
      73
      45
      70
      61
      67
      62
      73
      73
      63
      65
      84
      55
      67
      64
      69
      69
      79
      51
      67
      59
      64
      54
      64
      66
      64
      61
      68
      64
      64
      62
      54
      55
      67
      59
      52
      73
      59
      75
      61
      63
      72
      59
      63
      63
      83
      53
      60
      67
      63
      78
      54
      72
      61
      58
      57
      68
      64
      67
      66
      69
      55
      51
      67
      73
      61
      60
      61
      60
      70
      67
      72
      58
      49
      57
      52
      75
      64
      64
      68
      65
      65
      61
      53
      72
      65
      57
      68
      63
      53
      71
      65
      56
      71
      63
      51
      54
      59
      55
      60
      62
      61
      52
      64
      53
      65
      74
      60
      59
      45
      48
      48
      52
      64
      69
      47
      54
      48
      63
      55
      77
     113
     162
     294
     436
     455
     424
     326
     191
     112
      83
      62
      50
      63
      41
      61
      60
      58
      65
      58
      64
      67
      68
      89
      74
      70
      56
      70
      60
      62
      53
      50
      56
      60
      53
      57
      62
      64
      57
      50
      52
      62
      64
      58
      36
      55
      69
      56
      62
      51
      70
      48
      45
      46
      49
      68
      44
      63
      47
      48
      45
      49
      56
      46
      54
      51
      60
      51
      46
      67
      59
      56
      64
      48
      36
      59
      44
      46
      45
      40
      43
      60
      60
      44
      38
      59
      54
      53
      57
      66
      60
      50
      45
      63
      40
      63
      42
      69
      58
      42
      60
      56
      50
      47
      53
      60
      61
      49
      54
      62
      60
      56
      46
      38
      42
      53
      62
      80
     112
     167
     288
     443
     532
     480
     445
     307
     212
      96
      77
      56
      47
      46
      57
      53
      45
      56
      45
      50
      39
      44
      43
      53
      53
      55
      58
      50
      39
      38
      52
      64
      54
      49
      55
      51
      44
      53
      50
      54
      43
      36
      54
      47
      40
      65
      61
      51
      60
      45
      42
      58
      41
      47
      55
      51
      50
      46
      48
      52
      49
      52
      42
      39
      46
      46
      41
      47
      53
      54
      62
      63
      46
      47
      35
      45
      38
      46
      48
      48
      59
      54
      64
      56
      52
      43
      52
      46
      37
      50
      58
      51
      46
      53
      41
      47
      58
      66
      49
      60
      52
      42
      39
      50
      35
      54
      32
      47
      60
      41
      41
      43
      60
      47
      45
      48
      59
      53
      47
      42
      47
      34
      50
      49
      42
      57
      48
      34
      55
      54
      45
      41
      50
      37
      48
      49
      35
      50
      53
      43
      49
      62
      57
      50
      67
      63
      38
      46
      64
      37
      50
      57
      58
      51
      42
      54
      48
      47
      43
      60
      52
      52
      75
      84
      88
     126
     108
      77
      64
      41
      56
      45
      43
      43
      41
      44
      49
      44
      46
      43
      53
      57
      51
      51
      52
      46
      41
      49
      52
      43
      41
      53
      61
      29
      36
      49
      43
      46
      54
      59
      43
      48
      38
      48
      52
      50
      52
      44
      49
      41
      46
      45
      49
      54
      54
      50
      55
      59
      90
      57
      54
      53
      53
      37
      40
      43
      45
      50
      54
      45
      49
      42
      50
      53
      52
      38
      56
      51
      64
      64
      47
      68
      64
      70
      72
      72
      60
      63
      48
      51
      55
      50
      42
      49
      46
      41
      47
      41
      31
      49
      57
      39
      47
      52
      48
      46
      48
      39
      39
      54
      46
      41
      46
      49
      35
      41
      42
      56
      40
      49
      58
      37
      52
      44
      55
      32
      32
      43
      41
      52
      35
      45
      39
      37
      36
      37
      54
      35
      53
      43
      46
      54
      41
      55
      47
      39
      42
      48
      38
      28
      38
      38
      33
      43
      28
      47
      31
      40
      37
      42
      46
      43
      49
      41
      49
      51
      43
      42
      45
      54
      44
      48
      32
      36
      44
      41
      45
      35
      35
      49
      56
      54
      40
      43
      37
      36
      46
      34
      48
      37
      52
      46
      52
      46
      43
      32
      48
      36
      42
      44
      41
      45
      47
      44
      47
      57
      45
      48
      42
      52
      53
      53
      50
      52
      50
      46
      47
      44
      42
      41
      34
      42
      45
      37
      38
      49
      39
      45
      36
      34
      44
      33
      43
      40
      49
      49
      46
      44
      60
      42
      41
      44
      37
      60
      61
      41
      52
      41
      46
      58
      41
      52
      30
      54
      54
      39
      42
      51
      37
      45
      46
      37
      32
      47
      44
      48
      40
      57
      42
      58
      64
      65
      95
      99
      96
      89
      95
      79
      55
      54
      56
      52
      60
      56
      53
      53
      52
      55
      44
      43
      51
      44
      39
      52
      48
      53
      46
      49
      40
      37
      55
      46
      42
      42
      27
      38
      41
      47
      50
      41
      32
      51
      40
      66
      36
      47
      52
      37
      35
      44
      41
      44
      47
      44
      55
      40
      41
      40
      35
      36
      51
      44
      40
      38
      47
      49
      50
      43
      49
      39
      39
      39
      50
      45
      45
      53
      46
      51
      46
      48
      57
      55
      86
      91
      87
      84
      68
      54
      54
      47
      35
      42
      37
      34
      45
      26
      27
      28
      41
      40
      42
      40
      41
      39
      45
      49
      51
      33
      31
      42
      35
      38
      41
      33
      36
      38
      31
      41
      34
      45
      37
      39
      32
      42
      41
      56
      27
      37
      39
      34
      37
      48
      30
      33
      33
      43
      43
      37
      35
      26
      37
      42
      23
      35
      25
      39
      43
      43
      33
      30
      44
      25
      37
      43
      31
      39
      35
      33
      46
      33
      38
      34
      47
      41
      35
      35
      40
      41
      47
      54
      40
      29
      33
      29
      34
      37
      29
      35
      48
      27
      50
      53
      38
      37
      41
      38
      31
      30
      32
      36
      50
      33
      40
      37
      44
      33
      39
      41
      32
      30
      37
      30
      39
      37
      37
      31
      32
      26
      33
      39
      30
      34
      38
      39
      31
      35
      36
      39
      50
      32
      30
      41
      30
      31
      30
      33
      45
      28
      44
      46
      31
      37
      21
      28
      33
      32
      33
      40
      44
      36
      29
      46
      43
      33
      32
      29
      34
      37
      33
      41
      40
      40
      32
      34
      37
      49
      35
      37
      45
      45
      27
      37
      30
      33
      30
      38
      41
      27
      38
      41
      32
      27
      30
      32
      29
      32
      29
      29
      29
      32
      23
      40
      40
      36
      33
      35
      49
      26
      32
      29
      29
      38
      34
      31
      42
      41
      39
      33
      31
      44
      32
      31
      23
      27
      31
      23
      41
      39
      39
      30
      30
      42
      33
      26
      39
      37
      30
      28
      40
      31
      33
      46
      27
      41
      43
      38
      49
      26
      28
      40
      42
      38
      51
      48
      47
      43
      52
      57
      51
      33
      32
      34
      42
      37
      25
      39
      34
      31
      32
      24
      41
      26
      37
      43
      31
      42
      28
      45
      36
      34
      35
      34
      43
      26
      38
      32
      46
      37
      32
      37
      35
      37
      31
      33
      29
      36
      33
      32
      31
      42
      31
      38
      31
      29
      37
      25
      40
      49
      29
      31
      39
      27
      37
      35
      38
      30
      45
      46
      51
      46
      54
      55
      46
      34
      39
      35
      33
      38
      30
      36
      38
      51
      61
      79
      76
      81
      67
      66
      33
      38
      24
      44
      40
      38
      28
      35
      36
      33
      28
      36
      31
      35
      32
      30
      40
      36
      23
      35
      38
      40
      34
      34
      43
      36
      35
      45
      65
      79
     104
     109
     125
     106
      93
      80
      60
      39
      39
      31
      38
      36
      31
      25
      28
      38
      27
      29
      35
      31
      40
      30
      34
      41
      33
      36
      28
      28
      31
      35
      28
      37
      28
      37
      24
      28
      28
      32
      38
      36
      33
      32
      27
      31
      31
      40
      25
      30
      38
      28
      31
      38
      19
      27
      46
      37
      37
      35
      41
      38
      33
      35
      29
      24
      42
      37
      21
      27
      38
      34
      29
      39
      35
      28
      33
      37
      29
      32
      28
      35
      23
      39
      31
      36
      33
      41
      35
      42
      36
      47
      44
      40
      33
      44
      48
      29
      30
      27
      34
      31
      31
      28
      46
      34
      38
      33
      45
      35
      46
      42
      60
      67
      63
      53
      65
      46
      41
      44
      37
      42
      37
      34
      39
      37
      38
      50
      55
      51
      32
      33
      23
      43
      25
      43
      44
      29
      36
      33
      41
      46
      32
      38
      31
      30
      33
      32
      38
      30
      41
      45
      29
      36
      23
      43
      30
      23
      37
      35
      27
      30
      31
      39
      38
      26
      27
      45
      38
      45
      35
      36
      35
      37
      25
      42
      24
      33
      33
      40
      34
      33
      28
      38
      36
      42
      43
      48
      39
      35
      34
      42
      35
      32
      36
      47
      39
      33
      41
      29
      35
      37
      47
      33
      35
      20
      43
      43
      34
      33
      42
      39
      42
      27
      37
      31
      37
      41
      37
      34
      39
      33
      36
      35
      38
      35
      43
      23
      34
      42
      41
      36
      43
      38
      43
      43
      22
      36
      36
      44
      32
      39
      34
      29
      38
      43
      33
      41
      42
      39
      35
      32
      17
      24
      37
      30
      36
      34
      27
      39
      40
      36
      40
      48
      38
      32
      25
      31
      47
      41
      27
      35
      33
      42
      53
      67
      44
      47
      40
      51
      27
      39
      27
      26
      21
      32
      42
      37
      37
      34
      43
      39
      39
      46
      30
      31
      35
      22
      32
      34
      26
      35
      26
      29
      22
      28
      39
      33
      30
      26
      36
      28
      28
      21
      32
      33
      26
      35
      41
      63
      83
     126
     241
     402
     620
     785
     926
    1012
     935
     752
     539
     378
     218
     100
      78
      46
      37
      21
      31
      34
      32
      35
      26
      25
      36
      26
      30
      30
      19
      29
      35
      28
      24
      37
      30
      27
      22
      27
      27
      35
      39
      31
      27
      32
      30
      33
      34
      31
      30
      38
      32
      34
      29
      22
      24
      26
      26
      30
      31
      23
      31
      33
      24
      27
      25
      34
      33
      26
      29
      27
      32
      22
      28
      28
      15
      27
      35
      27
      27
      39
      24
      25
      32
      30
      32
      36
      27
      21
      31
      24
      29
      26
      25
      28
      25
      33
      23
      23
      31
      36
      37
      26
      25
      43
      28
      22
      29
      32
      26
      22
      31
      35
      28
      32
      31
      55
      43
      36
      30
      54
      52
      60
      38
      40
      34
      41
      36
      36
      18
      35
      23
      25
      33
      24
      35
      28
      45
      32
      25
      33
      29
      35
      25
      36
      29
      21
      32
      30
      25
      29
      20
      34
      25
      24
      33
      26
      31
      26
      32
      23
      40
      24
      34
      26
      28
      39
      34
      35
      27
      33
      25
      19
      27
      28
      28
      38
      33
      16
      34
      22
      29
      29
      27
      30
      20
      26
      20
      24
      30
      33
      25
      36
      25
      31
      38
      27
      31
      36
      35
      29
      31
      27
      35
      36
      21
      35
      27
      38
      37
      31
      29
      26
      30
      36
      31
      23
      15
      33
      29
      30
      29
      27
      31
      31
      34
      35
      41
      40
      32
      37
      38
      45
      38
      42
      27
      43
      23
      29
      30
      31
      36
      36
      29
      34
      35
      33
      27
      32
      33
      27
      32
      25
      35
      34
      30
      30
      25
      28
      35
      29
      31
      24
      35
      27
      26
      32
      32
      24
      29
      31
      30
      30
      30
      27
      31
      29
      30
      25
      33
      36
      27
      31
      30
      27
      28
      34
      21
      30
      29
      32
      30
      30
      25
      24
      29
      20
      39
      32
      37
      22
      38
      38
      35
      32
      29
      38
      16
      35
      17
      29
      30
      25
      29
      37
      48
      43
      43
      68
      83
     140
     163
     217
     256
     320
     313
     250
     231
     175
     118
      62
      54
      46
      35
      41
      32
      38
      32
      43
      27
      32
      27
      37
      42
      41
      32
      36
      27
      33
      32
      23
      32
      34
      25
      31
      28
      32
      32
      24
      37
      32
      19
      24
      26
      26
      25
      21
      24
      24
      29
      33
      40
      28
      25
      35
      31
      29
      15
      27
      30
      27
      27
      37
      27
      28
      25
      28
      24
      19
      27
      23
      27
      29
      35
      34
      28
      30
      30
      26
      43
      27
      31
      26
      23
      35
      20
      26
      25
      29
      43
      41
      27
      20
      28
      38
      26
      24
      22
      28
      25
      35
      27
      29
      34
      25
      26
      34
      27
      34
      29
      32
      34
      32
      32
      31
      20
      27
      31
      26
      29
      38
      26
      23
      38
      35
      26
      24
      27
      30
      35
      21
      31
      24
      21
      21
      24
      16
      19
      24
      24
      24
      28
      28
      24
      23
      27
      19
      20
      19
      30
      19
      18
      29
      21
      25
      15
      20
      18
      18
      12
      25
      18
      23
      18
      25
      15
      24
      30
      23
      26
      18
      17
      17
      20
      20
      17
      21
      25
      22
      16
      16
      21
      29
      26
      20
      34
      27
      35
      36
      61
      32
      40
      64
      43
      37
      30
      15
      19
      17
      21
      35
      18
      19
      26
      18
      21
      16
      19
      23
      21
      23
      29
      29
      26
      30
      28
      29
      28
      28
      31
      36
      17
      17
      15
      21
      22
      20
      19
      21
      28
      24
      22
      20
      30
      32
      24
      16
      18
      20
      13
      25
      25
      17
      24
      18
      24
      21
      24
      13
      21
      26
      23
      24
      20
      12
      14
      16
      14
      12
      24
      19
      17
      16
      14
      21
      18
      15
      19
      18
      18
      17
      22
      16
      22
      15
      17
      16
      18
      20
      17
      11
      15
      16
      22
      21
      20
      19
      15
      15
      15
      11
      17
      23
      15
      18
      17
      19
      10
      16
      15
      14
      15
      21
      18
      11
      19
      27
      19
      13
      13
      20
      27
      16
      17
      15
      13
      19
      19
      20
      13
      16
      17
      17
      16
      20
      20
      18
      11
      15
      16
      21
      11
      16
      21
      20
      27
      18
      20
      15
      18
      29
      41
      63
      88
     149
     204
     327
     538
     647
     842
     855
     835
     703
     615
     432
     289
     173
     110
      58
      26
      19
       9
      17
      13
      25
      17
      21
       4
      28
      19
      18
      18
      20
      14
      19
      14
       7
      15
      16
      12
      14
      11
      16
      18
      10
      17
      18
      16
      21
      14
      17
      15
      13
      18
      13
      14
      16
      20
      14
      20
      15
       7
      16
      11
       9
      19
      14
      13
      10
      16
      16
       8
      14
      14
      15
      11
      16
      14
       9
      16
      15
      15
      18
      14
      11
      15
      14
      15
      20
      14
      13
      12
      25
      15
      14
      21
      16
      12
      10
      20
      19
      20
      12
      15
      15
      13
      13
      10
      12
      19
      19
      11
       5
      13
      10
      10
      12
      12
      19
      10
      16
      10
      16
      16
      18
      18
      16
      19
      12
       9
      15
      16
      15
      13
      14
      15
      16
       9
      10
      16
       9
       9
      10
      13
      14
      11
      13
      15
      16
      18
      17
      20
      22
      25
      38
      50
      48
      66
      53
      56
      49
      31
      33
      16
      19
      11
      22
      15
      12
      11
       9
      13
      16
       9
      14
      17
      14
       9
       7
      13
      14
       8
      17
       9
      11
      10
      13
       9
      10
       7
      19
      13
       9
      13
      13
       4
      12
      15
       9
      10
      10
       9
      13
      12
      10
      11
      11
      12
      10
      15
       9
       7
      10
      13
      12
      11
      10
      15
      14
      21
      10
      20
       9
      10
      10
      11
       9
      13
       9
      13
      13
      13
      19
      13
      14
      12
      14
       9
      12
      16
      12
      10
      12
      10
      10
      10
      13
      11
      12
      10
       8
      11
      17
      14
      14
      14
      13
      15
      15
      10
      12
      18
       6
       9
      10
      12
      17
      16
      12
      10
      12
      15
       7
       9
       9
      12
      12
      18
       8
      20
      11
      16
      15
      16
      14
      15
      12
       4
       9
      11
      15
       9
       5
      11
       9
       9
       8
      14
      13
      10
       8
      12
      11
      16
       9
      14
      12
      11
       6
       7
      12
      16
      20
      13
       8
      14
       9
      10
      16
      14
      12
      15
      13
      15
      14
      17
      17
      14
      11
      11
      10
      20
      14
       7
      10
      10
      12
      10
      12
       8
      15
      18
      12
      14
      10
      10
      11
       8
      21
      12
      12
       7
      15
      15
      16
      10
       9
       7
       7
      11
      12
      20
      13
      10
      12
      11
       8
      14
      12
      13
      19
      16
      10
      12
       6
      10
      10
      12
      20
       9
      14
      13
      13
       8
      13
      11
      10
      10
      10
       9
      12
       9
      17
      16
      15
      12
      14
      12
      10
      13
      16
      12
      12
      11
      13
       8
      14
      12
      10
      11
      14
      16
       6
      14
      16
      17
      19
      16
      17
      17
      15
      17
      14
      14
      15
      12
      17
       9
      19
      18
      14
      16
      15
      19
      21
      17
      25
      36
      55
      82
     123
     185
     255
     298
     439
     466
     482
     452
     451
     360
     265
     207
     130
      92
      72
      68
      57
      77
      76
      95
     103
      87
      88
      57
      61
      42
      27
      23
      22
      19
      14
       8
      10
       5
       7
       8
       8
      12
      17
      14
       8
      17
      12
      10
      12
      18
      12
       6
       7
      13
      15
      11
      19
      11
      13
      14
      12
      17
      11
      13
      15
      11
      11
      18
       9
       9
      11
      11
       5
      14
      19
      12
      10
      17
      18
      10
      10
      13
      10
      11
      13
      14
      15
      16
      15
      22
      22
      31
      23
      38
      27
      57
      74
     101
     168
     243
     338
     454
     555
     626
     657
     597
     493
     445
     327
     224
     166
      86
      48
      30
      11
      23
      17
      16
      19
      18
      15
      18
      16
      13
      14
      18
      14
      13
      18
      15
       9
      21
      14
       6
      15
      16
      13
      11
      14
      11
      18
      16
      14
      13
      14
       9
      17
      13
      10
      12
      16
       7
      11
      10
       8
      16
       6
      14
      18
      18
       6
      13
      18
      10
      10
       7
       7
      16
      12
      12
      10
      14
      14
       9
      15
      13
      16
       8
      13
       5
       8
       9
      14
      16
       9
      14
      14
      14
      14
      14
      18
      16
       9
      14
      16
      13
      17
      10
      13
      18
      11
      15
       5
      12
      14
      11
      10
      20
      13
      12
      16
      16
      15
       9
      12
      19
      21
      17
      12
      13
      15
      14
      17
      12
      15
      12
      11
      19
      21
      14
      11
      13
      20
      17
      17
      18
      14
      11
       7
      11
      13
      13
       8
      18
      12
      12
      14
       8
      15
      22
      16
      17
      13
      13
      10
      19
      18
      13
      13
      13
      15
      16
       9
      15
      10
      15
      18
      20
       8
      15
       9
      17
      15
      10
      14
      14
       9
      16
      16
      18
       8
      18
      16
      11
      19
      12
      18
      17
      18
      10
      16
      18
      13
      13
      16
      14
      11
      17
      17
      10
      19
      11
      16
      18
      20
      16
      16
      16
      23
      14
      26
      16
      13
      18
      18
      14
       8
      17
      21
      14
      14
      16
      14
       8
      15
      19
      11
      14
      19
      17
      14
      17
      23
      11
      20
      17
      13
      15
      18
      17
      19
      13
      12
      16
      14
      13
      18
      10
      16
      16
      19
      20
      13
      14
      15
      19
      10
      22
      15
      15
      17
      15
      12
      15
      20
      13
      20
      15
      15
      13
      18
      19
      14
      15
      16
      11
      15
      18
      13
      15
      19
      17
       9
      16
      13
      16
      19
      14
       9
      10
      10
      13
      14
      19
      14
      16
      19
      14
       6
      11
      13
       9
      11
      13
      11
      12
      11
      11
      12
      13
      10
       6
      10
       7
      13
      13
      10
       7
      11
      12
      15
       6
      13
       7
       5
       6
      16
      11
       9
      17
      11
      15
       8
      13
      11
      10
       6
       9
       9
       8
      10
      11
       6
       4
       8
       9
       8
       7
      11
      10
       3
       4
       5
       9
       9
      10
      13
      21
      25
      24
      43
      44
      52
      58
      58
      53
      55
      68
      59
      36
      25
      15
      13
       9
      14
       7
       9
       8
       6
       5
      11
      12
      11
      10
       6
       8
      13
       9
       8
       9
      10
      12
       8
      14
       6
       8
       7
       9
       8
       6
       3
       4
       9
       7
       7
      11
       3
       9
      10
       4
      12
       4
       4
       5
       5
       8
       7
       6
       6
      13
      11
       8
       5
       8
       8
       5
       8
       7
       9
       7
       7
      11
      11
       9
       5
       7
      12
       5
       8
       9
       7
       8
      13
       8
      12
       5
       9
       7
      11
       8
       4
       6
       6
       8
       7
      12
      10
       8
       6
       4
      10
       8
       8
      10
       9
       3
       7
       6
      11
       3
       8
       5
       8
       7
       6
       4
       5
       6
       6
       5
       6
       9
       5
       7
       9
       6
       7
       8
       7
      16
       7
      11
       6
      12
      13
      13
      15
      14
      13
      13
      12
      11
      15
      12
       6
       2
       4
       6
       7
       5
       4
       4
       4
       8
       5
       6
       5
       4
       5
       2
       6
       3
       7
       2
       2
       7
       3
       6
       6
       4
       5
       9
       8
       5
       9
      11
      11
       5
      11
       6
       3
       5
       3
       2
       3
       4
       6
       3
       5
       5
       8
       6
       3
       5
       6
       2
       3
       6
       6
       7
       4
       5
       5
       4
       5
       6
       4
       7
       2
       5
       7
       3
       5
       4
       6
       4
       4
       3
       6
       5
       7
      11
       8
      12
       8
      12
      17
       7
       9
       9
       4
      11
       8
       6
       6
       4
       5
       3
       3
       6
       2
       3
       1
       3
       1
       2
       1
       4
       6
       3
       5
       3
       3
       5
       4
       3
       5
       1
       7
       4
       2
       4
       3
       3
       4
       4
       4
       1
       6
       4
       3
       3
       8
       9
       5
       0
       1
       2
       5
       0
       2
       4
       2
       2
       6
       6
       2
       6
       9
       2
       8
       4
       5
       7
       2
       7
      11
       4
       2
       2
       1
       3
       5
       7
       7
      11
      16
      29
      20
      38
      36
      58
      58
      50
      61
      61
      58
      36
      28
      18
      12
      14
       5
       2
       3
       3
       2
       1
       1
       4
       2
       2
       2
       4
       2
       2
       3
       2
       2
       3
       4
       3
       2
       3
       2
       0
       0
       1
       2
       3
       1
       3
       4
       3
       1
       0
       1
       1
       2
       2
       2
       4
       2
       1
       3
       3
       5
       3
       4
       2
       2
       2
       0
       1
       1
       2
       3
       2
       5
       2
       3
       0
       1
       2
       2
       0
       3
       1
       1
       3
       0
       1
       0
       3
       2
       2
       2
       0
       0
       2
       1
       0
       5
       3
       0
       1
       0
       6
       2
       0
       2
       1
       2
       1
       2
       1
       2
       3
       1
       0
       2
       2
       1
       2
       1
       3
       1
       0
       3
       3
       2
       2
       1
       0
       1
       2
       1
       2
       0
       2
       1
       5
       1
       2
       4
       2
       1
       1
       5
       4
       1
       2
       1
       2
       2
       2
       1
       2
       1
       1
       1
       1
       3
       2
       4
       1
       1
       3
       0
       1
       2
       0
       3
       0
       2
       0
       3
       2
       3
       4
       1
       2
       0
       1
       0
       4
       3
       4
       1
       0
       1
       1
       2
       0
       0
       0
       1
       3
       2
       4
       1
       4
       1
       2
       1
       3
       1
       1
       2
       1
       0
       1
       0
       2
       3
       0
       1
       2
       0
       1
       0
       1
       2
       1
       0
       1
       1
       1
       3
       1
       1
       1
       1
       1
       3
       0
       1
       2
       6
       2
       3
       1
       1
       0
       6
       3
       2
       1
       1
       1
       0
       2
       2
       2
       0
       1
       0
       1
       3
       2
       1
       2
       0
       0
       0
       1
       0
       2
       1
       1
       2
       1
       0
       2
       1
       0
       1
       1
       1
       1
       0
       0
       0
       2
       2
       2
       2
       0
       0
       0
       0
       4
       0
       2
       2
       2
       2
       1
       2
       0
       0
       3
       0
       0
       2
       0
       1
       4
       0
       0
       3
       1
       1
       1
       0
       2
       0
       1
       0
       1
       0
       1
       0
       0
       0
       3
       0
       2
       1
       0
       2
       1
       0
       4
       0
       2
       1
       1
       1
       2
       0
       0
       1
       5
       1
       1
       5
       2
       2
       1
       1
       0
       0
       2
       2
       1
       4
       1
       3
       1
       0
       2
       0
       3
       0
       2
       1
       1
       1
       1
       1
       1
       0
       1
       0
       2
       0
       1
       2
       2
       2
       1
       3
       0
       3
       9
       6
       9
       8
       9
      21
      27
      30
      59
      77
     103
     189
     262
     358
     435
     564
     606
     669
     650
     609
     593
     450
     402
     295
     184
     108
      81
      42
      14
       6
       2
       0
       0
       1
       2
       2
       0
       1
       0
       0
       0
       0
       0
       2
       0
       0
       0
       1
       3
       1
       1
       0
       0
       0
       1
       0
       0
       0
       0
       1
       0
       0
       0
       0
       0
       1
       0
       0
       1
       0
       0
       1
       0
       1
       0
       0
       0
       0
       0
       0
       0
       0
       1
       0
       0
       0
       2
       0
       0
       0
       0
       0
       0
       0
       0
       1
       0
       1
       0
       0
       2
       0
       0
       0
       2
       0
       0
       0
       0
       0
       0
       0
       0
       0
       1
       0
       1
       0
       1
       0
       0
       0
       0
       0
       1
       0
       0
       0
       0
       0
       0
       0
       0
       0
       1
       0
       0
       2
       0
       0
       0
       0
       1
       0
       0
       0
       0
       1
       0
       0
       1
       0
       0
       1
       0
       0
       0
       2
       1
       0
       0
       1
       0
       0
       0
       1
       0
       1
       0
       0
       0
       1
       1
       0
       0
       0
       0
       0
       0
       1
       0
       1
       1
       2
       5
       0
       2
       1
       6
       2
       7
       6
      15
      16
      13
      20
      11
      17
      14
      12
       6
       3
       5
       4
       2
       0
       1
       2
       1
       1
       1
       0
       2
       0
       0
       0
       0
       0
       0
       0
       0
       0
       0
       0
       0
       0
       0
       0
       0
       0
       0
       0
       0
       0
       1
       0
       0
       0
       0
       0
       0
       0
       0
       0
       0
       0
       0
       0
       1
       1
       0
       0
       0
       0
       0
       0
       0
       0
       0
       0
       0
       0
       0
       0
       0
       0
       0
       0
       0
       0
       0
       0
       0
       0
       0
       0
       0
       1
       0
       1
       0
       0
       0
       0
       0
       1
       0
       0
       0
       0
       0
       1
       0
       0
       0
       0
       0
       1
       0
       0
       2
       0
       1
       0
       0
       1
       0
       1
       1
       0
       0
       0
       0
       0
       1
       2
       0
       0
       0
       0
       2
       0
       0
       0
       0
       1
       0
       0
       1
       0
       1
       0
       1
       0
       0
       0
       1
       0
       0
       0
       0
       0
       0
       0
       0
       0
       0
       0
       0
       0
       1
       0
       1
       0
       0
       0
       0
       0
       1
       0
       0
       0
       0
       0
       0
       0
       0
       0
       0
       0
       0
       0
       0
       0
       0
       1
       0
       1
       0
       0
       0
       0
       0
       0
       0
       0
       1
       0
       0
       0
       0
       0
       0
       0
       0
       0
       0
       1
       1
       1
       0
       0
       0
       0
       2
       1
       2
       0
       1
       0
       0
       0
       0
       0
       0
       0
       1
       0
       0
       0
       0
       0
       0
       0
       0
       0
       0
       0
       2
       2
       0
       0
       0
       0
       0
       0
       1
       0
       1
       1
       0
       2
       4
       5
       5
       7
      10
       6
       9
       7
       7
       7
       5
       6
       2
       1
       0
       0
       2
       0
       0
       0
       0
       0
       1
       0
       0
       0
       0
       0
       0
       0
       0
       0
       0
       0
       0
       0
       0
       0
       0
       0
       0
       2
       0
       0
       0
       0
       0
       0
       0
       0
       0
       0
       1
       0
       1
       0
       0
       0
       0
       0
       0
       1
       1
       0
       1
       0
       0
       2
       0
       0
       0
       0
       0
       0
       0
       0
       0
       0
       0
       1
       0
       0
       0
       0
       0
       0
       0
       0
       0
       0
       0
       1
       0
       0
       0
       0
       1
       0
       0
       0
       0
       0
       0
       0
       0
       0
       0
       0
       0
       0
       1
       0
       1
       0
       0
       0
       0
       0
       0
       0
       0
       0
       1
       0
       0
       0
       0
       0
       0
       0
       0
       1
       0
       0
       0
       0
       0
       0
       0
       1
       0
       0
       0
       0
       0
       0
       0
       0
       0
       0
       0
       1
       0
       0
       0
       0
       0
       0
       1
       0
       1
       0
       0
       0
       0
       0
       0
       0
       0
       0
       0
       0
       0
       0
       0
       0
       0
       1
       1
       0
       0
       2
       0
       0
       0
       0
       0
       0
       0
       0
       1
       0
       0
       0
       0
       0
       0
       0
       0
       0
       0
       0
       1
       0
       0
       0
       0
       0
       0
       0
       0
       0
       0
       2
       0
       2
       0
       0
       0
       0
       0
       0
       0
       0
       0
       0
       0
       0
       0
       1
       0
       0
       0
       0
       1
       0
       0
       0
       0
       0
       0
       0
       0
       0
       0
       0
       0
       0
       0
       1
       0
       1
       1
       0
       0
       0
       0
       0
       0
       0
       0
       0
       0
       1
       0
       0
       0
       0
       0
       0
       0
       0
       0
       0
       0
       0
       0
       0
       0
       0
       1
       1
       1
       0
       0
       0
       0
       0
       0
       0
       0
       2
       1
       1
       0
       1
       0
       0
       0
       0
       0
       0
       0
       0
       0
       1
       0
       0
       0
       0
       0
       0
       0
       0
       0
       0
       1
       0
       0
       0
       0
       1
       0
       0
       0
       0
       0
       0
       0
       0
       0
       0
       0
       0
       0
       0
       0
       0
       0
       0
       0
       0
       0
       0
       0
       0
       0
       0
       0
       0
       0
       1
       0
       0
       0
       1
       0
       0
       0
       0
       0
       0
       0
       0
       0
       0
       0
       0
       0
       0
       0
       0
       0
       0
       0
       0
       0
       0
       0
       0
       0
       0
       0
       0
       1
       0
       0
       0
       0
       0
       0
       0
       0
       0
       0
       0
       0
       1
       0
       0
       0
       0
       0
       0
       1
       0
       0
       0
       0
       0
       1
       0
       0
       0
       0
       1
       0
       0
       0
       0
       0
       0
       0
       0
       0
       1
       0
       1
       0
       0
       0
       0
       0
       0
       0
       1
       0
       0
       0
       0
       0
       2
       0
       1
       0
       0
       0
       0
       0
       1
       0
       0
       0
       0
       0
       0
       0
       0
       0
       0
       0
       0
       0
       0
       0
       0
       0
       0
       0
       0
       0
       0
       0
       0
       0
       0
       0
       0
       0
       0
       0
       0
       0
       0
       0
       0
       0
       0
       0
       0
       0
       0
       0
       0
       0
       0
       0
       0
       0
       0
       0
       0
       0
       0
       0
       0
       1
       0
       0
       0
       0
       0
       0
       0
       1
       0
       0
       0
       0
       0
       0
       0
       0
       0
       0
       0
       0
       0
       0
       0
       0
       0
       0
       0
       0
       0
       0
       0
       0
       0
       0
       0
       0
       0
       0
       0
       0
       0
       0
       0
       0
       0
       0
       0
       0
       0
       0
       0
       0
       0
       0
       0
       0
       0
       0
       1
       0
       0
       1
       0
       0
       0
       0
       0
       0
       0
       0
       0
       0
       0
       0
       0
       0
       0
       1
       0
       0
       0
       0
       0
       0
       1
       0
       0
       0
       0
       0
       0
       0
       1
       1
       0
       0
       0
       0
       0
       0
       0
       0
       0
       0
       0
       0
       0
       0
       0
       0
       0
       0
       0
       0
       0
       0
       1
       0
       0
       1
       0
       0
       0
       0
       0
       0
       0
       0
       0
       1
       1
       0
       0
       0
       0
       1
       0
       0
       0
       0
       0
       0
       0
       0
       0
       0
       0
       0
       0
       0
       0
       0
       0
       0
       0
       0
       0
       0
       1
       0
       0
       0
       0
       0
       0
       0
       0
       0
       0
       0
       0
       0
       0
       0
       0
       1
       0
       0
       0
       0
       0
       0
       0
       0
       0
       0
       1
       0
       0
       0
       0
       0
       0
       1
       0
       0
       0
       0
       0
       0
       0
       0
       0
       0
       0
       1
       0
       0
       0
       0
       0
       0
       0
       0
       0
       0
       0
       0
       0
       1
       0
       0
       0
       0
       0
       0
       0
       1
       0
       0
       0
       0
       0
       0
       0
       0
       0
       0
       0
       0
       0
       0
       0
       0
       0
       0
       0
       0
       0
       0
       0
       0
       0
       0
       0
       0
       0
       0
       0
       0
       0
       0
       0
       0
       0
       0
       0
       0
       0
       0
       0
       0
       0
       0
       0
       0
       0
       0
       0
       0
       0
       0
       0
       1
       0
       1
       0
       0
       0
       0
       0
       0
       0
       0
       0
       0
       0
       0
       1
       0
       0
       0
       0
       0
       0
       0
       0
       0
       0
       0
       0
       0
       0
       1
       0
       0
       0
       0
       0
       0
       0
       0
       0
       0
       0
       0
       0
       0
       0
       0
       0
       0
       0
       0
       0
       0
       0
       0
       1
       0
       1
       0
       0
       0
       0
       0
       0
       0
       0
       0
       0
       0
       0
       0
       2
       0
       1
       0
       0
       2
       1
       1
       0
       0
       0
       0
       0
       0
       0
       0
       0
       0
       0
       0
       0
       1
       0
       0
       0
       0
       0
       0
       0
       0
       0
       0
       0
       0
       0
       0
       0
       1
       0
       0
       0
       0
       0
       0
       0
       1
       0
       1
       0
       0
       0
       0
       0
       0
       1
       0
       1
       0
       0
       0
       0
       0
       1
       0
       1
       0
       0
       0
       0
       0
       0
       0
       0
       0
       0
       0
       0
       0
       0
       0
       0
       0
       0
       0
       0
       0
       0
       0
       0
       0
       1
       0
       0
       0
       0
       0
       0
       0
       0
       0
       0
       0
       0
       0
       0
       0
       0
       0
       0
       0
       0
       0
       0
       0
       0
       0
       0
       0
       0
       0
       0
       0
       0
       0
       0
       0
       0
       0
       0
       0
       0
       0
       0
       0
       0
       0
       0
       0
       0
       0
       0
       0
       0
       0
       0
       0
       0
       0
       0
       0
       0
       0
       0
       0
       0
       0
       0
       0
       0
       0
       0
       0
       0
       0
       0
       1
       0
       0
       0
       0
       0
       1
       0
       0
       0
       0
       0
       0
       0
       0
       0
       0
       0
       0
       0
       0
       0
       0
       0
       0
       0
       0
       0
       0
       0
       0
       0
       0
       0
       0
       0
       0
       0
       0
       0
       0
       0
       0
       0
       0
       0
       0
       0
       0
       0
       0
       0
       0
       0
       1
       0
       0
       0
       1
       0
       0
       0
       0
       0
       0
       0
       0
       0
       0
       0
       0
       0
       0
       0
       0
       0
       0
       0
       0
       0
       0
       1
       0
       0
       0
       0
       0
       0
       0
       0
       0
       0
       0
       0
       0
       0
       0
       0
       1
       0
       0
       0
       0
       0
       0
       1
       1
       0
       0
       0
       0
       0
       0
       0
       0
       0
       0
       1
       0
       0
       0
       0
       0
       0
       0
       0
       0
       0
       0
       0
       0
       0
       0
       0
       0
       0
       0
       0
       0
       0
       0
       0
       0
       0
       0
       0
       0
       0
       0
       0
       0
       0
       0
       0
       0
       1
       0
       0
       1
       0
       0
       0
       0
       0
       0
       0
       0
       0
       0
       0
       0
       1
       1
       0
       0
       0
       0
       0
       0
       0
       0
       0
       0
       1
       1
       0
       0
       0
       0
       0
       0
       0
       0
       0
       0
       0
       0
       0
       0
       0
       0
       0
       0
       0
       0
       0
       0
       0
       0
       0
       0
       0
       0
       0
       0
       0
       0
       0
       0
       0
       0
       0
       0
       0
       0
       0
       0
       0
       0
       0
       0
       0
       0
       0
       0
       0
       0
       0
       0
       0
       0
       0
       0
       0
       0
       0
       0
       0
       0
       0
       0
       0
       0
       0
       0
       0
       0
       0
       0
       0
       0
       1
       0
       0
       0
       1
       0
       0
       0
       0
       0
       0
       0
       0
       0
       0
       0
       0
       0
       0
       0
       0
       0
       0
       0
       0
       0
       0
       0
       1
       0
       0
       0
       0
       0
       0
       0
       0
       0
       0
       0
       0
       0
       0
       0
       0
       1
       0
       0
       0
       0
       0
       0
       0
       0
       0
       0
       0
       0
       0
       0
       0
       0
       0
       0
       0
       0
       0
       0
       0
       0
       0
       0
       0
       0
       0
       0
       0
       0
       0
       0
       0
       1
       0
       0
       0
       0
       0
       0
       0
       0
       0
       0
       0
       0
       0
       0
       0
       0
       0
       0
       0
       0
       0
       0
       0
       0
       0
       0
       0
       0
       0
       0
       0
       0
       0
       0
       0
       0
       0
       0
       0
       1
       0
       0
       0
       0
       0
       0
       0
       0
       0
       0
       0
       0
       0
       0
       0
       0
       0
       1
       0
       0
       0
       0
       1
       0
       0
       0
       0
       0
       0
       0
       0
       0
       0
       0
       0
       0
       0
       1
       0
       0
       0
       1
       0
       0
       1
       0
       0
       0
       0
       0
       0
       0
       0
       0
       0
       0
       0
       0
       1
       0
       0
       0
       0
       0
       0
       0
       1
       0
       0
       0
       0
       0
       0
       0
       0
       0
       0
       0
       0
       0
       0
       0
       0
       0
       0
       0
       0
       0
       0
       0
       0
       0
       0
       0
       0
       0
       0
       0
       0
       1
       0
       0
       0
       0
       0
       2
       0
       0
       0
       1
       0
       0
       0
       0
       0
       1
       0
       0
       0
       0
       0
       0
       0
       0
       0
       0
       1
       1
       0
       0
       0
       0
       1
       0
       0
       0
       0
       0
       0
       0
       0
       0
       0
       0
       0
       0
       0
       0
       0
       0
       0
       0
       1
       0
       0
       0
       0
       0
       0
       0
       0
       0
       0
       0
       0
       0
       0
       0
       0
       0
       0
       0
       0
       0
       0
       0
       0
       0
       0
       0
       0
       0
       0
       0
       0
       0
       0
       0
       0
       0
       0
       0
       0
       0
       0
       0
       0
       0
       0
       0
       0
       0
       0
       0
       0
       1
       0
       0
       0
       0
       0
       0
       0
       1
       1
       0
       0
       0
       0
       0
       0
       0
       0
       0
       0
       0
       0
       0
       0
       0
       0
       0
       0
       0
       0
       0
       0
       0
       0
       0
       0
       0
       0
       0
       0
       0
       0
       0
       0
       0
       0
       0
       0
       0
       0
       0
       0
       0
       0
       0
       0
       0
       0
       0
       0
       0
       0
       0
       0
       0
       0
       0
       0
       0
       0
       0
       0
       0
       0
       0
       0
       0
       0
       0
       0
       0
       0
       0
       0
       0
       0
       1
       1
       0
       0
       0
       0
       0
       0
       0
       1
       0
       0
       0
       0
       0
       0
       0
       0
       0
       0
       0
       0
       0
       0
       2
       0
       0
       0
       0
       0
       0
       0
       1
       0
       0
       0
       0
       0
       0
       0
       0
       0
       0
       0
       0
       0
       0
       0
       0
       0
       0
       0
       0
       0
       0
       0
       0
       0
       0
       0
       0
       0
       0
       0
       0
       0
       0
       0
       0
       0
       0
       0
       0
       0
       0
       0
       0
       0
       0
       0
       0
       0
       0
       0
       0
       0
       0
       0
       0
       0
       0
       0
       0
       0
       0
       0
       0
       0
       0
       0
       0
       0
       0
       0
       0
       0
       0
       0
       1
       0
       0
       0
       0
       0
       0
       0
       0
       0
       0
       0
       0
       1
       0
       0
       0
       0
       0
       0
       0
       0
       0
       0
       0
       0
       0
       0
       0
       0
       0
       0
       0
       0
       0
       0
       0
       1
       0
       0
       0
       0
       0
       0
       0
       0
       0
       0
       1
       0
       0
       0
       0
       0
       0
       0
       0
       0
       0
       0
       0
       0
       1
       0
       0
       0
       0
       0
       0
       0
       1
       0
       0
       0
       0
       0
       0
       0
       0
       0
       0
       0
       0
       0
       0
       0
       0
       0
       0
       0
       0
       0
       0
       0
       0
       1
       0
       0
       0
       0
       0
       0
       0
       0
       0
       0
       0
       0
       0
       0
       0
       0
       0
       0
       0
       0
       0
       0
       1
       0
       0
       0
       0
       0
       0
       0
       0
       0
       1
       0
       0
       0
       0
       0
       0
       0
       0
       0
       0
       0
       0
       1
       0
       0
       0
       0
       0
       0
       0
       1
       0
       0
       0
       0
       0
       0
       0
       0
       0
       0
       1
       0
       0
       0
       0
       0
       0
       0
       0
       0
       0
       0
       0
       0
       0
       0
       0
       0
       0
       0
       0
       0
       0
       0
       0
       0
       0
       0
       1
       0
       0
       0
       0
       0
       0
       0
       0
       0
       0
       0
       0
       0
       0
       0
       0
       0
       0
       0
       0
       0
       0
       0
       0
       0
       0
       0
       0
       0
       0
       0
       0
       0
       1
       0
       0
       0
       0
       0
       0
       0
       0
       0
       0
       0
       0
       0
       0
       0
       0
       0
       0
       0
       0
       1
       0
       0
       0
       0
       0
       0
       0
       0
       0
       0
       0
       0
       0
       0
       0
       0
       0
       0
       0
       0
       0
       0
       0
       0
       0
       0
       0
       0
       0
       0
       0
       0
       1
       0
       0
       0
       0
       1
       0
       0
       0
       0
       0
       0
       0
       0
       0
       0
       0
       0
       0
       0
       0
       0
       0
       0
       0
       0
       0
       0
       0
       0
       0
       0
       0
       0
       0
       0
       0
       0
       0
       0
       0
       0
       0
       0
       0
       0
       0
       0
       0
       0
       0
       0
       0
       0
       0
       0
       0
       0
       0
       0
       0
       1
       0
       0
       0
       0
       0
       0
       0
       0
       0
       0
       0
       0
       0
       0
       0
       0
       0
       0
       0
       0
       0
       0
       0
       0
       1
       0
       0
       0
       0
       0
       0
       0
       0
       0
       0
       0
       0
       0
       0
       0
       0
       0
       0
       0
       0
       0
       0
       0
       0
       0
       0
       0
       0
       0
       0
       0
       0
       0
       0
       0
       0
       0
       0
       0
       1
       0
       0
       0
       0
       0
       0
       0
       0
       0
       0
       0
       0
       1
       0
       1
       0
       0
       0
       0
       0
       0
       0
       0
       0
       0
       0
       0
       0
       0
       0
       0
       0
       0
       0
       0
       0
       0
       0
       1
       0
       1
       0
       0
       0
       0
       0
       0
       0
       0
       0
       0
       0
       0
       0
       0
       0
       0
       0
       0
       0
       0
       0
       0
       0
       0
       0
       0
       0
       0
       0
       0
       0
       0
       0
       0
       0
       0
       0
       0
       0
       0
       0
       0
       0
       0
       0
       0
       0
       1
       0
       0
       0
       0
       0
       0
       0
       0
       0
       0
       0
       0
       0
       0
       0
       0
       1
       0
       0
       0
       0
       0
       0
       0
       0
       0
       0
       0
       0
       0
       0
       0
       0
       0
       0
       0
       0
       0
       0
       0
       0
       0
       1
       0
       0
       0
       0
       0
       0
       0
       0
       0
       0
       0
       0
       0
       0
       0
       1
       0
       0
       0
       0
       0
       0
       0
       0
       0
       0
       1
       1
       0
       0
       0
       0
       1
       0
       0
       0
       0
       0
       0
       0
       0
       0
       0
       0
       0
       0
       0
       0
       0
       0
       0
       0
       0
       0
       0
       0
       0
       0
       0
       0
       0
       1
       0
       0
       0
       0
       0
       0
       0
       0
       0
       0
       0
       0
       0
       0
       0
       0
       0
       0
       0
       0
       0
       0
       0
       0
       0
       0
       0
       0
       0
       0
       0
       0
       0
       0
       0
       0
       0
       0
       0
       0
       0
       0
       0
       0
       0
       0
       0
       0
       0
       0
       0
       0
       0
       0
       0
       0
       0
       0
       0
       0
       0
       0
       0
       0
       0
       0
       0
       0
       0
       0
       0
       0
       0
       0
       0
       0
       0
       0
       0
       0
       0
       0
       0
       0
       0
       0
       0
       1
       0
       0
       0
       0
       0
       0
       0
       0
       0
       0
       0
       0
       0
       0
       0
       0
       0
       0
       0
       0
       0
       0
       0
       0
       0
       0
       0
       0
       0
       0
       0
       0
       0
       0
       0
       0
       0
       0
       0
       0
       0
       0
       0
       0
       0
       0
       0
       0
       0
       0
       0
       0
       0
       0
       0
       0
       0
       0
       0
       1
       0
       0
       0
       0
       0
       0
       0
       0
       0
       0
       0
       0
       0
       0
       0
       0
       0
       0
       0
       0
       0
       0
       0
       0
       0
       0
       0
       0
       0
       0
       1
       0
       0
       0
       0
       0
       0
       0
       0
       0
       0
       0
       0
       0
       0
       0
       0
       0
       0
       0
       0
       0
       0
       0
       0
       0
       0
       0
       0
       0
       0
       0
       0
       0
       0
       0
       0
       0
       0
       0
       0
       0
       0
       0
       0
       0
       0
       0
       0
       0
       0
       0
       0
       0
       0
       0
       0
       0
       0
       0
       0
       0
       0
       0
       0
       0
       0
       0
       0
       0
       0
       0
       0
       0
       0
       0
       0
       0
       0
       0
       0
       0
       0
       0
       0
       0
       0
       0
       0
       0
       0
       0
       0
       0
       0
       0
       0
       0
       0
       0
       0
       0
       0
       0
       0
       0
       0
       0
       0
       0
       0
       0
       0
       0
       0
       0
       0
       0
       0
       0
       0
       0
       0
       0
       0
       0
       0
       0
       0
       0
       0
       0
       0
       0
       0
       0
       0
       0
       0
       0
$ROI:
0
$PRESETS:
None
0
0
$ENER_FIT:
-2.173939 0.279251
$MCA_CAL:
3
-2.173939E+000 2.792507E-001 0.000000E+000 keV
$SHAPE_CAL:
3
1.571259E+001 -1.155430E-003 0.000000E+000
