$SPEC_ID:
226Ra
$SPEC_REM:
DET# 1
DETDESC# MCB 132 Input 1
AP# Maestro Version 6.06
$DATE_MEA:
10/25/2021 16:17:30
$MEAS_TIM:
65076 65386
$DATA:
0 8191
       0
       0
       0
       0
       0
       0
       0
       0
       0
       0
       0
       0
       0
       0
       0
       0
       0
       0
       0
       0
       0
       0
       0
       0
       0
    1297
  284351
  685595
  144693
  103222
  101231
  103994
  109723
  115631
  119722
  122417
  122678
  121762
  119823
  116963
  113382
  110114
  107075
  104322
  102037
   99577
   96321
   94575
   92833
   90856
   88992
   87643
   86201
   84037
   83625
   81831
   80932
   79214
   77853
   77114
   76147
   75477
   73828
   73167
   71946
   71720
   70669
   69876
   68942
   68412
   67115
   66373
   66141
   65236
   65072
   64056
   63678
   63046
   61948
   61347
   61119
   60020
   59810
   59594
   58659
   57856
   57482
   57311
   56902
   56297
   56057
   55500
   55181
   54966
   54086
   53971
   53519
   52873
   52636
   52113
   52072
   51516
   50982
   51071
   50329
   50020
   49843
   49293
   49353
   48914
   48826
   48094
   47909
   47898
   47190
   47245
   46460
   46682
   46349
   46253
   45830
   45374
   45149
   44809
   44733
   44615
   43892
   43739
   43529
   43367
   43492
   42650
   42750
   42763
   42187
   42436
   41857
   41675
   41452
   41572
   41439
   40784
   40887
   41049
   40821
   40840
   40655
   40521
   40574
   40548
   40358
   40482
   40178
   40697
   39922
   40488
   40919
   41113
   41443
   42306
   43272
   44332
   44754
   45255
   44566
   44999
   45474
   46330
   46752
   48373
   49343
   50247
   51661
   53348
   55922
   58018
   62063
   66780
   72356
   80571
   87598
   94516
  100800
  105736
  110547
  114206
  117679
  120839
  123123
  125897
  128077
  127854
  127723
  126449
  123199
  119311
  114783
  109467
  105572
  100251
   96663
   93179
   90547
   88305
   86966
   86021
   85711
   85669
   85477
   86328
   88818
   90634
   93679
   98090
  103646
  137100
  313991
  929217
 2197522
 3492046
 3575269
 2333962
  970516
  255832
   44293
    6092
    1724
    1293
    1022
     903
     845
     802
     771
     778
     740
     667
     583
     583
     582
     523
     536
     512
     464
     460
     453
     439
     447
     469
     475
     508
     399
     396
     415
     470
     490
     676
     726
     723
     576
     507
     485
     470
     472
     447
     498
     476
     552
     568
     539
     488
     455
     504
     520
     567
     672
     649
     596
     518
     538
     499
     503
     480
     502
     479
     446
     447
     458
     452
     484
     447
     474
     473
     486
     489
     455
     405
     449
     439
     415
     414
     438
     426
     369
     444
     396
     398
     410
     398
     451
     455
     471
     389
     419
     395
     363
     361
     396
     405
     388
     400
     388
     372
     364
     349
     340
     345
     348
     354
     306
     314
     340
     319
     327
     341
     376
     365
     394
     454
     466
     483
     433
     337
     339
     299
     344
     304
     330
     316
     311
     289
     300
     301
     409
     432
     500
     467
     462
     446
     879
    1920
    3417
    4176
    3527
    2074
     949
     424
     397
     506
     608
     627
     484
     432
     603
    1335
    2647
    3845
    3898
    2484
    1187
     488
     230
     193
     210
     200
     199
     206
     182
     222
     235
     208
     213
     199
     215
     218
     217
     219
     210
     228
     211
     227
     222
     225
     238
     211
     221
     199
     227
     219
     225
     199
     216
     240
     273
     250
     246
     319
     296
     270
     260
     223
     227
     206
     199
     241
     212
     219
     254
     270
     305
     286
     336
     349
     395
     348
     262
     131
      89
      79
      75
      60
      67
      73
      72
      67
      82
     149
     201
     276
     224
     182
     109
      78
     127
     280
     560
     837
     873
     586
     324
     150
      79
      73
      59
      60
      52
      60
      43
      65
      66
      52
      46
      65
      44
      55
      65
      59
      59
      70
      53
      57
      61
      63
      55
      61
      67
      58
      48
      49
      62
      57
      47
      53
      59
      52
      78
      63
      56
      47
      63
      55
      53
      58
      61
      66
      56
      55
      65
      64
      56
      70
      56
      68
      61
      60
      47
      60
      63
      51
      64
      54
      84
      79
     102
      73
      69
      70
      51
      50
      72
      78
     120
     127
     136
     135
      92
      67
      56
      48
      63
      58
      70
      49
      67
      70
      67
      69
      75
      58
      66
      59
      76
      61
      65
      53
      58
      56
      47
      74
      56
      51
      60
      59
      62
      41
      48
      50
      60
      54
      51
      52
      61
      63
      70
      58
      62
      45
      64
      49
      61
      60
      75
      49
      48
      61
      47
      56
      59
      51
      50
      65
      61
      66
      59
      62
      57
      47
      69
      50
      60
      57
      53
      59
      69
      67
      42
      51
      54
      61
      67
      53
      59
      60
      63
      86
      87
      71
      73
      65
      57
      39
      56
      52
      43
      55
      59
      70
      39
      70
      50
      52
      51
      48
      55
      51
      60
      48
      54
      49
      43
      55
      61
      59
      48
      56
      56
      49
      51
      52
      50
      43
      49
      56
      47
      44
      52
      55
      51
      43
      41
      56
      45
      56
      51
      39
      42
      46
      64
      61
      60
      67
     104
     163
     203
     179
     147
      92
      54
      62
      41
      50
      50
      46
      36
      41
      51
      53
      54
      59
      53
      46
      55
      57
      61
      54
      58
      54
      53
      44
      48
      45
      52
      56
      34
      46
      45
      52
      42
      38
      36
      60
      48
      48
      52
      46
      42
      50
      53
      56
      46
      73
      44
      47
      48
      47
      47
      51
      47
      33
      46
      51
      52
      36
      47
      49
      38
      45
      37
      49
      57
      48
      56
      44
      55
      54
      50
      50
      41
      59
      52
      65
      92
     125
     134
     153
     134
     105
      65
      42
      43
      48
      47
      36
      42
      41
      44
      41
      34
      49
      55
      44
      47
      49
      36
      42
      35
      43
      40
      31
      42
      52
      39
      45
      44
      50
      34
      39
      35
      48
      37
      29
      47
      32
      38
      47
      40
      52
      35
      36
      39
      49
      48
      60
      48
      47
      37
      41
      42
      35
      44
      52
      40
      36
      34
      45
      38
      39
      39
      41
      41
      34
      33
      41
      46
      45
      40
      43
      43
      46
      45
      29
      41
      41
      41
      39
      40
      34
      48
      36
      43
      43
      40
      47
      36
      41
      28
      52
      46
      40
      32
      33
      41
      40
      39
      31
      43
      41
      29
      46
      49
      49
      83
      75
      99
      88
      68
      49
      49
      49
      35
      37
      51
      43
      57
      41
      51
      43
      38
      46
      28
      47
      46
      43
      36
      45
      40
      32
      29
      28
      38
      33
      28
      36
      37
      38
      39
      29
      33
      30
      38
      46
      28
      31
      31
      48
      29
      36
      51
      33
      35
      29
      51
      34
      44
      44
      40
      42
      33
      33
      29
      33
      40
      38
      35
      27
      36
      37
      32
      36
      28
      49
      34
      32
      38
      40
      47
      43
      30
      33
      28
      39
      37
      36
      39
      26
      30
      28
      35
      32
      29
      45
      45
      34
      27
      36
      41
      28
      47
      40
      44
      39
      27
      37
      27
      32
      37
      30
      26
      37
      39
      43
      30
      26
      38
      35
      41
      53
      42
      40
      30
      31
      28
      35
      37
      41
      34
      25
      34
      32
      37
      38
      29
      34
      28
      33
      24
      44
      24
      27
      31
      40
      25
      38
      28
      26
      38
      23
      31
      31
      30
      32
      35
      32
      31
      37
      30
      34
      20
      30
      21
      28
      24
      39
      23
      29
      21
      32
      32
      34
      31
      45
      31
      32
      35
      34
      30
      30
      24
      26
      30
      28
      34
      39
      25
      25
      31
      33
      28
      21
      33
      23
      31
      34
      31
      31
      26
      29
      33
      36
      35
      17
      34
      28
      29
      20
      44
      32
      38
      31
      34
      25
      22
      25
      34
      22
      29
      40
      30
      29
      28
      21
      30
      44
      46
      40
      37
      28
      34
      24
      26
      33
      33
      34
      33
      30
      37
      21
      35
      32
      29
      24
      29
      41
      27
      18
      35
      24
      37
      34
      33
      27
      21
      31
      29
      32
      31
      19
      31
      25
      27
      27
      34
      39
      45
      67
      69
      59
      69
      47
      35
      31
      30
      25
      26
      22
      21
      29
      26
      30
      26
      28
      22
      25
      31
      29
      23
      31
      34
      31
      19
      24
      23
      30
      20
      24
      39
      31
      27
      18
      25
      24
      32
      35
      39
      46
      45
      42
      29
      21
      26
      23
      30
      28
      24
      26
      21
      35
      18
      28
      19
      37
      28
      32
      31
      43
      28
      32
      29
      30
      27
      22
      38
      29
      30
      25
      26
      32
      34
      33
      38
      32
      22
      30
      28
      26
      21
      28
      47
      43
      69
      70
      64
      58
      43
      31
      30
      28
      25
      31
      33
      34
      34
      41
      26
      38
      17
      29
      32
      24
      25
      28
      37
      17
      29
      35
      34
      25
      29
      21
      21
      34
      20
      40
      17
      24
      26
      19
      26
      28
      26
      23
      26
      21
      29
      24
      26
      25
      16
      24
      17
      27
      25
      24
      21
      30
      25
      28
      26
      20
      30
      24
      27
      27
      25
      25
      21
      22
      24
      24
      25
      24
      20
      22
      27
      25
      19
      27
      23
      24
      17
      29
      26
      18
      21
      22
      23
      28
      24
      27
      17
      24
      28
      27
      14
      26
      25
      13
      21
      20
      29
      19
      20
      22
      28
      21
      24
      20
      14
      20
      23
      16
      27
      19
      25
      28
      18
      45
      22
      41
      38
      40
      32
      27
      24
      27
      30
      19
      25
      17
      23
      29
      22
      24
      23
      22
      16
      17
      28
      22
      19
      22
      24
      24
      17
      22
      21
      33
      39
      36
      39
      24
      30
      12
      29
      24
      12
      22
      19
      23
      22
      16
      14
      27
      15
      19
      13
      14
      23
      18
      17
      18
      23
      23
      26
      26
      29
      23
      29
      13
      22
      19
      12
      13
      22
      16
      18
      15
      15
      18
      23
      27
      33
      16
      15
      20
      16
      23
      17
      25
      21
      29
      18
      24
      21
      18
      18
      25
      16
      16
      17
      23
      30
      24
      14
      18
       8
      23
      26
      23
      28
      17
      26
      26
      10
      22
      19
      18
      22
      21
      19
      20
      18
      25
      17
      26
      21
      20
      18
      20
      19
      22
      19
      19
      20
      22
      24
      16
      18
      17
      29
      20
      25
      22
      15
      21
      18
      24
      27
      25
      14
      16
      22
      21
      23
      23
      17
      19
      20
      12
      20
      16
      17
      18
      33
      15
      27
      14
      22
      23
      19
      21
      23
      12
      27
      14
      13
      24
      18
      27
      18
      22
      23
      16
      27
      16
      33
      21
      20
      14
      19
      23
      24
      21
      20
      14
      19
      21
      18
      20
      24
      21
      15
      17
      23
      26
      17
      20
      21
      23
      23
      22
      20
      29
      24
      21
      13
      28
      24
      26
      22
      20
      11
      30
      27
      20
      27
      18
      26
      19
      19
      28
      19
      13
      22
      22
      20
      19
      25
      24
      36
      64
      85
     113
     113
     126
     115
      76
      42
      19
      18
      14
      19
      21
      19
      17
      16
      23
      21
      19
      21
      17
      19
      16
      11
      15
      10
      22
      16
      21
      12
      13
      13
      15
      18
      22
      23
      20
      20
      22
      21
      13
      24
      23
      20
      10
      14
      12
      15
      17
      15
      18
      19
      18
      18
      22
      16
      12
      15
      22
      20
      21
      16
      24
      14
      13
      20
      20
      12
      19
      17
      16
      16
      22
      15
      17
      32
      23
      25
      20
      16
      18
      16
      21
      12
      25
      22
      10
      12
      17
      22
      16
      14
      24
      22
      16
      19
      27
      12
      26
      16
      19
      20
      15
      13
      15
      16
      17
      21
      18
      18
       8
      18
      19
      13
      18
      22
      14
      19
      11
      14
      11
      11
      19
      26
      17
      15
      16
      27
      13
      12
      14
      19
      21
      17
      19
      11
      21
      12
      21
      22
      12
      21
      18
      22
      25
      26
      16
      11
      18
      21
      22
      17
       9
      14
      14
      13
      15
      29
      21
      17
      18
      16
      22
      17
      20
      20
      23
      17
      26
      16
      20
      15
      16
      12
      15
      16
      15
      18
      10
      11
      17
      11
      17
      22
      19
      11
      16
       9
      13
      20
      12
      18
      13
      17
      17
      15
      12
      16
      12
      20
      21
      13
      14
      14
      23
      22
      15
      13
      15
      15
      21
      16
      19
       7
       9
       9
      14
      15
      14
      15
      12
      14
      15
       9
      18
      22
      11
      10
      16
      13
      17
      23
      10
      12
      10
      17
      10
      18
      15
      21
      20
      15
      15
      20
      17
      11
      18
      12
      11
      13
      12
      15
       9
      19
      17
       8
      18
      17
      10
      16
      20
      17
      14
      20
      18
      16
      25
      29
      19
      18
      27
      20
      31
      39
      50
      68
     108
      78
     112
     112
      90
     106
      94
      99
      69
      66
      39
      34
      23
      27
      22
      22
      21
      16
      11
      10
      12
      11
      12
      18
      17
       9
      11
      11
      17
      12
      15
       7
      12
      13
      15
      16
      15
      16
      13
      18
       9
      11
      13
      10
      15
      13
      13
      20
      12
      14
       9
       8
       9
      16
      12
      14
      19
      15
      16
      12
       4
      13
      13
      13
      11
      12
       9
      14
      13
      11
      15
      16
      10
      12
      18
       9
      21
      13
      14
      12
      13
      10
       6
      14
      11
      17
      10
      15
      21
      16
      18
      14
       8
      13
      10
      11
      12
      15
      12
      11
       6
      11
      20
       9
      15
      11
      12
      13
      12
       6
       9
      15
      12
      14
      16
      17
      13
      17
      10
       6
      10
      13
       8
      15
       6
      12
      16
       7
      10
      14
      17
      12
      12
      12
      12
       9
      15
       7
      15
      13
      11
       9
       7
      10
      11
      16
       7
      15
      10
      10
      16
       9
      16
       8
      13
      13
      12
      14
      17
      13
      16
       9
      18
       7
      14
      10
       8
      17
       8
       4
      14
      12
      14
      12
      13
      13
      12
      15
      10
       9
      12
      10
      17
      12
      13
      21
      12
      12
      16
      18
      12
      12
      11
      15
       9
       7
      15
      12
      20
       9
       8
      14
      13
      14
      18
       9
      10
      12
      15
      12
      25
      14
      25
      29
      20
      22
      16
      22
      11
       8
      12
      10
      12
      11
      14
       7
      12
       5
      11
      14
      10
      14
      10
      14
      16
       9
      19
      15
      12
      11
      13
      13
      12
      10
       8
       9
       7
       8
      11
      16
      11
       9
      10
      10
      13
      10
      13
      16
      10
      18
      18
      23
      25
      20
      22
      17
      14
      15
      11
      10
      11
      12
      12
       7
      12
      10
      19
      12
      11
       7
      13
       7
      14
      12
       6
      12
       7
       9
       8
      10
      17
      13
      13
       9
       9
       9
       5
      13
      13
      10
       8
      10
      16
      11
      11
      14
       5
      12
       9
       7
      12
      11
      15
      14
      13
      11
      16
       8
      10
      11
      16
      10
      12
      15
      15
      10
      13
       9
      16
      22
      16
       8
      10
      13
       9
      10
      11
       7
      15
      16
      14
      10
      12
      19
       9
      11
      11
      14
      13
      12
      15
      12
      19
      19
      14
      12
      16
      14
      19
       5
      14
      10
       9
      17
       8
       9
      10
      12
      18
      27
      37
      47
      71
      75
      90
      87
      47
      32
      25
      11
      17
      13
      13
      13
      16
      10
      12
      10
       8
      13
      13
      15
      18
       9
       9
       6
      10
       7
      16
       5
      13
      11
      19
       6
       8
      11
       8
      11
       7
       6
      13
      10
      11
       2
      10
       7
      10
      14
      16
       5
       8
      11
      12
       3
      13
      11
       9
      13
       8
      12
       7
      10
      15
       7
       7
      12
       9
      10
      10
      10
      10
      11
       9
       6
       8
       6
       7
       8
      11
      13
       8
      14
       7
      10
      16
      10
      13
       9
      10
       5
       4
      10
      10
       9
      15
       2
       8
       9
      10
      13
       6
       9
      14
      10
       9
      10
       7
      12
      14
      11
       5
      10
       9
       9
      11
      10
       7
      13
      12
       6
      10
      13
      12
      15
      10
       9
       9
       7
       6
      10
      10
      10
      12
       9
      10
       8
      12
      14
      16
       8
      10
      12
       9
      13
      12
       6
      13
       4
       6
       5
       8
      12
       7
       8
      11
      10
       6
       8
      11
      15
       8
      12
      11
      12
      15
      11
      15
       9
      30
      28
      54
      64
      88
     118
     117
     109
      92
      56
      52
      28
      12
       9
       7
       6
       6
      17
       7
       9
      17
      14
      12
       8
       9
       5
      11
      12
       8
       5
       9
       7
       6
       9
      17
      12
      15
       6
       8
       8
      15
      11
       5
      11
      11
       5
       7
       7
       8
       8
       9
       5
       5
       8
      10
      11
       6
       6
      11
      11
       6
       4
       6
       9
       8
       2
      10
      11
      11
      10
      11
      12
       7
       9
       9
       8
       9
       6
      10
       9
      11
      10
       8
       3
      11
       6
       9
      10
       9
       8
      10
      10
       8
       5
       4
       6
       5
      11
       7
       5
      12
      13
      19
       6
       9
      10
       7
       9
      13
       6
      12
      12
       5
      11
       6
      10
       9
      18
      11
       9
       8
      10
       8
       8
      10
      12
       7
      11
       4
       9
      12
       7
       9
      13
       9
      10
       8
       8
      10
      11
      10
      10
       7
      11
       7
       6
      11
       7
      14
      10
       9
      13
      11
      17
      16
      12
      12
       9
       7
       7
      12
      11
       6
      10
      10
       6
      10
      12
       6
      13
      12
       5
      11
      15
      10
       9
      10
      11
      11
       9
       9
       9
      10
       6
       5
       5
       7
       6
      10
      11
      12
      13
      11
      12
       9
       9
       8
       4
       9
       8
       6
       8
       7
      12
       8
       8
       7
       8
       9
      11
       8
       5
       8
      13
      14
      15
       5
      16
      11
      14
      23
      43
      39
      55
      62
      75
      69
      58
      29
      32
      19
      11
      12
      10
      11
       8
       3
       9
       8
       7
       4
       8
      11
       7
       5
       8
       7
       7
       9
       6
      10
       7
       6
      11
       9
       7
       7
       2
       6
       8
      11
       5
       6
       7
      13
      11
      11
       9
       4
       1
      10
       8
      14
       7
      12
      11
       7
       2
      10
      10
       8
      10
      12
       8
       9
       5
       5
       8
       9
      13
      10
       6
       9
      12
      11
       8
      13
       7
      12
       6
      12
       7
       6
      11
       7
       8
       5
       4
       9
      10
      10
       8
       6
       3
       9
       3
       8
       7
       7
      10
       6
       3
      10
       4
       5
       3
       7
       6
       5
      11
      15
      10
      14
       7
       6
      12
       7
       5
      11
       7
       8
       6
       4
       5
       5
       7
      13
       9
       8
      10
       4
       9
      10
       7
      10
       7
      13
       9
       6
       7
       9
      11
      14
      10
      11
      13
       5
       8
       6
      11
       6
      12
       7
       9
      11
       7
       9
       9
       6
      15
       7
      13
      14
      12
       5
      11
      11
       7
       6
       5
      10
      11
       8
       3
       4
       6
       8
      12
       6
       5
       9
       4
       7
      10
       7
       6
      10
       6
       9
       8
       3
       5
       7
       7
       9
       9
       4
       2
       9
       7
       6
       8
      11
       6
       5
       6
       5
       9
       4
      14
       7
       3
       4
       7
       9
       3
      10
       9
       8
       9
      14
      12
       6
       8
       5
       5
       5
       8
       4
       7
      13
       9
       7
      10
       5
      11
       9
       4
       9
      11
      11
      12
       5
       8
       4
       8
       6
       3
       7
       8
       4
       4
      11
       8
      10
       7
       5
       9
       9
       7
      11
      11
       4
      11
       7
       7
       7
       7
       8
       4
       9
       9
       3
       5
       4
      10
      15
       6
       4
       7
      14
       9
       6
       6
       3
      10
       7
       2
       7
       6
      11
      11
      10
       6
       5
      15
       8
       9
       7
       8
       7
       1
      10
       7
       6
       8
       9
       5
      13
       7
       5
       4
      10
       5
       5
       6
       8
       8
       5
       6
       3
       4
      11
       8
       7
       4
       8
       7
       5
       7
       6
       7
       4
       4
       9
       1
       5
       7
       3
       6
       6
       6
       9
       6
       6
       5
       4
       8
       7
       7
       8
       7
       6
       5
       7
       3
       9
       6
      10
       2
      13
       5
       3
       4
       5
       7
       7
      10
       3
      10
       4
       5
      10
       3
       6
       5
       8
       3
       4
       7
       5
       4
       4
       6
       6
       7
       8
       7
       9
      13
      10
       3
      12
       5
       4
       5
       5
       3
      10
       5
       9
       8
       8
       5
       3
       5
       9
       6
      14
       4
       8
       6
       5
       7
       7
       5
       6
       5
       8
       9
      15
       6
      11
       6
      14
       6
       8
      10
      11
       7
       6
       4
      10
      12
       6
       5
       6
       8
       6
       8
       6
       9
       7
       5
       5
       5
      11
       4
       8
       6
      10
       7
       2
      12
       6
       5
       5
       8
       8
       6
      11
       8
      10
       7
      10
       2
       7
       6
       5
       6
       5
      10
       9
       6
       5
       6
       8
       6
       7
       9
       7
       9
       4
       1
       6
       7
       8
       6
       6
       7
      10
       7
       7
       6
      10
       3
       6
       8
      12
       6
       6
       8
       8
       8
       6
       8
       3
       3
       4
       9
       5
       7
       9
       7
      12
       9
       8
       8
       6
       4
       6
       3
       6
       4
       2
       9
       8
       2
       4
       4
       6
       6
       4
       4
       8
       5
       2
       4
       5
       7
       9
       7
       7
       7
       6
      10
       6
       8
       4
       3
       2
       3
       6
       9
       7
       2
       7
       3
       2
       9
       8
       6
       8
       5
       4
       3
       8
       5
       5
       5
       6
       4
       5
       7
       8
       7
       8
       6
       5
       9
       7
       8
       4
       5
       6
       9
       7
       8
       6
       6
       8
       4
       6
       8
       7
       4
       7
       5
       9
       6
       7
       6
       3
       3
       4
       8
       1
       9
       3
       8
       9
       9
       5
       8
       7
       6
       8
       3
       5
      10
      12
       8
       7
       8
       8
       6
       8
       4
       3
       9
       8
       6
       2
       1
      10
       9
      10
       7
       4
       2
       7
       7
       2
       6
      10
      11
       6
       9
       6
       7
       6
      11
       5
       5
       4
       6
      12
       2
      12
       7
       5
       4
       4
       8
       6
      14
       5
       4
       4
       9
       5
       7
       6
       9
       5
       6
       7
      10
      16
      13
      23
      21
      12
       8
       6
       5
       8
       8
      11
       8
       3
       9
       5
       4
       2
       4
       9
       7
       3
       8
      11
       2
      10
       5
       9
       6
       7
       5
       6
      10
       5
       3
       3
      10
       8
       9
       5
       7
       7
       3
       3
       7
       9
       6
       4
       4
       3
       4
       9
       7
       5
       4
       4
       9
       6
       6
      11
       8
      11
       6
       8
       6
       7
       5
      10
       5
       7
       4
       8
       4
       6
       8
       4
      11
       7
       5
       9
       7
       6
       4
       6
       9
       3
       8
       6
       4
       4
       3
       4
       5
       3
      12
       5
      10
       9
       5
       6
       6
       3
       9
       5
       9
       4
       8
       3
       7
       3
       6
       4
       3
       8
       5
       8
       3
       3
       3
       3
       3
       5
       0
       5
       6
       5
       3
       7
       7
       8
       7
       4
      10
       1
       5
       4
       6
       5
       9
       3
       3
       6
       4
       9
       6
       5
       5
       3
       4
       2
       5
       4
       6
       4
       7
       4
       5
       3
       6
       7
       3
       5
       6
       4
       4
       3
       6
       4
      10
       4
       4
       4
       5
       2
       6
       4
       2
       3
       7
       9
      10
       6
       5
       7
       6
       6
       3
       7
       7
      13
       5
       9
       4
       6
       8
       9
       7
       4
       6
       2
       7
       1
       6
       5
       4
      11
       6
       8
       7
      14
       4
      10
       6
       9
       7
       6
       2
       6
       5
       6
      12
       7
       6
       5
       3
       6
       5
       7
       8
       3
       4
       6
       6
       3
       4
       6
       6
       5
       8
       5
       6
       5
       4
       5
       4
       2
       8
       6
       7
       7
       7
       5
       5
       8
       3
       3
       5
       4
       3
       5
       4
       2
       3
       3
       5
       3
       3
       6
       2
       6
       3
      10
       4
       2
       1
       5
       3
       6
       6
       2
       4
       5
       1
       6
      13
       5
       2
       6
       4
       3
       4
       6
       4
       9
       4
       8
       9
       4
       3
       6
       2
       8
       4
      10
       6
       6
       5
       4
       6
       7
       7
       4
       2
      10
       7
       5
       6
       9
       8
       5
       8
      10
       5
      11
      14
      13
      18
      11
       8
       5
       8
       6
       6
       8
       6
       6
      10
       4
       5
       6
       2
       6
       7
       6
       5
       3
       3
       5
       8
       6
       2
       8
      10
       5
       5
       3
       8
      10
       2
       6
       4
       8
       2
      10
       6
       6
       6
       3
       4
      10
       7
      10
       8
       6
       7
       6
      10
       4
       1
       7
       5
       4
       7
       4
       7
       6
       3
       8
       4
       5
       6
       3
       5
       3
       5
       5
       3
       5
       3
       3
       5
       9
       5
       7
       0
       6
       7
       7
       4
       8
       5
       7
       4
       8
       2
       7
       1
       3
       3
       4
       7
       4
       3
       6
       2
       7
       2
       3
       8
       5
       9
       4
       2
       4
       9
       1
       1
       5
       6
       6
       3
       4
       4
       6
       3
       2
       5
       4
       5
       4
       5
       8
       5
       3
       4
       4
       6
       5
       6
       2
       6
       4
       7
       6
       5
       2
      12
       4
       5
       4
       5
       7
       6
       4
       4
       4
       2
       5
       3
       7
       2
       2
       5
       3
       6
       6
       2
       3
       4
      10
       7
       4
       5
       8
       6
       1
       9
       9
       3
       3
       6
       5
       3
       4
      10
       4
       4
       5
       5
       5
       6
       3
       2
       6
       4
       1
       7
       3
       5
       4
       4
       7
       3
       4
       7
       0
       9
       1
       2
       5
      10
       5
       4
       1
       0
       6
       7
       3
       6
       7
       3
       6
       6
       1
       7
       6
      10
      15
      10
       9
      17
       6
       9
       6
       4
       3
       5
       7
       3
       5
       1
       1
       4
       7
       2
       2
       4
       4
       5
       5
       6
       7
       6
       5
       2
       3
       3
       6
       3
       4
       2
       2
       5
       5
       4
       7
       4
       3
       1
       6
       6
       6
       8
       7
       6
       2
       6
       7
       2
       4
       8
       3
       3
       5
       7
       4
       7
       3
       3
       8
       7
       8
       4
       3
       3
       7
       2
       3
       1
       6
       4
       6
       6
       4
       6
       4
       8
       2
       2
       5
       3
       3
       3
       5
       4
       6
       3
       2
       4
       6
       6
       5
       4
       6
       2
       5
       5
       5
       4
       4
       3
       4
       4
       4
       2
       9
       5
       5
       5
       5
       4
       5
       6
       7
       3
       7
       5
       3
       3
       3
      10
       7
       6
       7
       3
       4
       4
       4
       6
       2
       7
       0
       4
       2
       4
       5
       3
       7
       8
       2
       1
       4
       5
       3
       2
       3
       5
       3
       5
       1
       7
       4
       3
       8
       3
       4
       3
       3
       6
       5
       4
       9
       6
       1
       2
       3
       2
       4
       5
       4
       4
       2
       4
       2
       6
       5
       9
       5
       1
       3
       5
       3
       4
       7
       5
       4
       4
       2
       4
       4
       7
       7
       5
       5
       2
       7
       5
       3
       6
       7
       6
       4
       5
       6
       5
       2
       6
       8
      10
       5
       2
       2
       3
       2
       4
       2
       4
       9
       1
       7
       5
       3
       4
       2
       3
       4
       2
       3
       5
      10
       7
       3
       5
       6
       3
       3
       6
       2
       3
       3
       7
       1
       5
       3
       4
       5
       2
       4
       5
       4
       4
       4
       3
       5
       8
       5
       5
       3
       9
       5
       3
       5
       4
       3
       8
       9
       5
       3
       5
       3
       7
       2
       4
       2
       3
       6
       1
       7
       7
       4
       3
       1
       6
       5
       3
       5
       6
       7
       5
       6
       4
       4
       5
       7
       5
       5
       1
       5
       4
       6
       3
       4
       3
       2
       4
       6
       4
       4
       4
       4
       6
       7
       4
       2
       4
       5
       3
       0
       7
       6
       3
       7
       6
       4
       1
       4
       7
       6
       8
       6
       3
       5
       5
       3
       7
       3
       3
       4
       4
       7
       1
       5
       4
       5
       5
       4
       3
       5
       7
       3
       3
       4
      11
       5
       4
       3
       1
       6
       2
       1
       5
       2
       4
       3
       2
       3
       0
       5
       4
       3
       4
       7
       4
       4
       5
       3
       7
       2
       3
       3
       2
       3
       2
       5
       3
       6
       6
       2
       2
       3
       7
       5
       5
       5
       8
       3
       9
       5
      11
       2
       5
       4
       6
       2
       4
       4
       8
       2
       3
       1
       2
       3
       5
       4
       5
       3
       6
       4
       8
       6
       1
       2
       6
       6
       2
       3
       5
       2
       9
       5
       2
       3
       2
       4
       7
       1
       5
       5
       6
       3
       4
       3
       4
       4
       4
       1
       4
       5
       2
       4
       4
       1
       1
       2
       2
       4
       6
       3
       3
       6
       3
       5
       3
       1
       4
       3
       4
       3
       4
       1
       4
       4
       6
       5
       9
       5
       2
       8
       4
       4
       5
       4
       4
       3
       0
       2
       2
       5
       5
       4
       6
       6
       2
       3
       1
       2
       4
       2
       1
       1
       2
       4
       1
       4
       1
       5
       2
       2
       2
       7
       4
       2
       2
       3
       5
       6
       6
       4
       3
       8
       4
       4
       6
       4
       7
       4
       2
       2
       2
       4
       4
       3
       3
       3
       1
       3
       3
       1
       1
       4
       8
       4
       4
       2
       2
       5
       5
       7
       8
       0
       2
       3
       0
       4
       3
       4
       5
       5
       2
       6
       3
       3
       0
       3
       3
       2
       6
       5
       4
       6
       5
       4
       5
       7
       4
       2
       3
       3
       3
       7
       6
       2
       4
       2
       4
       5
       3
       2
       4
       4
       2
       2
       3
       6
       3
       6
       3
       5
       7
       6
       4
       4
       2
       6
       7
       4
       3
       2
       3
       4
       4
       3
       2
       1
       2
       6
       3
       5
       3
       8
       5
       9
       7
       4
       5
       4
       3
      12
       9
       5
       2
       4
       5
       4
       3
       3
       5
       2
       3
       2
       2
       6
       5
       4
       2
       7
       6
       3
       6
       5
       2
       3
       5
       4
       5
       4
       4
       2
       3
       4
       4
       5
       8
       2
       4
       5
       4
       5
       5
       6
       2
       1
       3
       7
       7
       5
       2
       2
       4
       3
       2
       1
       3
       0
       2
       3
       2
       6
       2
       3
       2
       5
       4
       1
       0
       2
       6
       4
       1
       3
       4
       6
       3
       5
       4
       7
       2
       0
       4
       6
       0
       1
       4
       3
       3
       4
       4
       5
       3
       5
       1
       2
       4
       6
       2
       3
       3
       1
       5
       4
       2
       3
       6
       5
       3
       3
       3
       4
       5
       5
       3
       4
       4
       5
       1
       4
       2
       3
       3
       1
       6
       2
       7
       5
       1
       5
       1
       4
       2
       6
       2
       3
       3
       4
       3
       6
       1
       4
       6
       3
       4
       7
       5
       1
       5
       1
       2
       5
       1
       7
       4
       5
       0
       0
       4
       5
       1
       2
       3
       4
       1
       1
       1
       2
       3
       4
       5
       6
       1
       4
       5
       7
       6
       2
       0
       2
       9
       2
       5
       4
       2
       4
       4
       4
       6
       4
       1
       6
       8
       4
       4
       4
       6
       4
       3
       2
       7
       5
       4
       1
       1
       3
       4
       3
       8
       4
       3
       2
       4
       5
       5
       3
       3
       2
       4
       3
       7
       8
       5
       3
       3
       4
       4
       1
       4
       3
       2
       2
       2
       6
       6
       6
       4
       6
       6
       2
       6
       3
       3
       6
       3
       4
       3
       2
       2
       3
       3
       4
       5
       4
       3
       6
       6
       7
       5
       6
       2
       7
       3
       2
       0
       4
       1
       7
       4
       3
       3
       3
       3
       1
       4
       4
       4
       2
       8
       7
       3
       3
       3
       1
       4
       4
       3
       2
       4
       0
       2
       1
       2
       4
       2
       2
       1
       6
       5
       1
       4
       3
       3
       2
       3
       4
       6
       1
       2
       1
       3
       4
       4
       6
       0
       6
       4
       5
       3
       3
       2
       4
       6
       3
       0
       0
       5
       4
       3
       2
       4
       6
       5
       7
       3
       4
       4
       4
       6
       1
       4
       1
       5
       1
       2
       6
       4
       3
       2
       2
       1
       4
       3
       3
       4
       2
       5
       5
       6
       1
       2
       2
       3
       1
       2
       5
       3
       2
       7
       3
       4
       2
       3
       4
       0
       4
       5
       4
       1
       5
       3
       3
       3
       0
       4
       0
       5
       6
       3
       2
       3
       2
       5
       1
       3
       5
       1
       1
       1
       2
       3
       1
       2
       6
       1
       3
       3
       2
       2
       5
       0
       1
       2
       4
       2
       5
       3
       3
       4
       3
       5
       4
       3
       5
       4
       6
       2
       3
       4
       4
       5
       2
       5
       5
       5
       3
       3
       5
       4
       4
       2
       5
       5
       5
       3
       4
       6
       0
       4
       4
       3
       2
       5
       1
       4
       1
       3
       1
       1
       6
       4
       2
       5
       5
       4
       4
       1
       5
       3
       5
       4
       2
       6
       3
       1
       1
       6
       1
       5
       1
       4
       2
       3
       6
       1
       5
       4
       0
       2
       3
       1
       2
       5
       5
       3
       2
       2
       4
       5
       3
       7
       5
       4
       3
       4
       1
       7
       6
       1
       5
       2
       5
       4
       3
       1
       2
       3
       5
       8
       3
       4
       1
       4
       0
       7
       3
       5
       0
       2
       1
       2
       3
       1
       2
       1
       3
       3
       1
       3
       1
       3
       4
       2
       3
       2
       1
       1
       2
       3
       6
       2
       3
       2
       0
       3
       3
       6
       3
       6
       3
       4
       4
       0
       4
       2
       1
       1
       2
       2
       3
       1
       4
       2
       2
       6
       3
       5
       3
       3
       4
       2
       2
       3
       1
       4
       1
       2
       4
       3
       5
       1
       3
       5
       5
       0
       4
       3
       1
       3
       3
       3
       2
       4
       6
       5
       5
       5
       4
       2
       3
       0
       3
       1
       3
       4
       3
       2
       3
       2
       3
       6
       4
       2
       3
       9
       6
       3
       2
       3
       3
       1
       4
       1
       3
       1
       2
       4
       2
       2
       3
       2
       4
       3
       2
       6
       1
       1
       6
       4
       1
       3
       3
       1
       4
       1
       1
       1
       5
       1
       4
       3
       4
       1
       0
       3
       3
       3
       3
       3
       1
       5
       2
       5
       3
       5
       4
       2
       4
       4
       3
       3
       1
       3
       1
       5
       3
       2
       4
       1
       3
       2
       1
       2
       4
       2
       4
       5
       1
       0
       4
       4
       5
       3
       5
       2
       3
       1
       3
       2
       1
       4
       2
       2
       1
       3
       0
       0
       3
       4
       3
       2
       1
       4
       2
       1
       4
       2
       2
       1
       3
       2
       5
       1
       3
       2
       5
       3
       3
       1
       4
       3
       4
       4
       4
       3
       5
       2
       3
       2
       1
       2
       2
       2
       1
       1
       4
       7
       3
       2
       2
       3
       2
       3
       3
       2
       5
       2
       2
       3
       5
       0
       1
       2
       6
       1
       1
       4
       3
       3
       1
       2
       3
       4
       0
       3
       3
       4
       4
       5
       9
       5
      11
      12
      18
      13
      23
      19
      17
      10
      22
      15
       9
       7
       6
      10
       1
       5
       3
       0
       3
       1
       2
       1
       3
       3
       3
       2
       1
       3
       4
       2
       2
       2
       4
       3
       2
       1
       1
       2
       0
       5
       6
       0
       1
       5
       1
       1
       3
       5
       3
       3
       3
       3
       2
       2
       4
       1
       1
       4
       5
       5
       1
       3
       1
       2
       3
       3
       2
       1
       2
       3
       6
       4
       4
       2
       3
       1
       4
       2
       2
       3
       2
       0
       3
       3
       5
       4
       3
       4
       2
       4
       1
       5
       0
       3
       3
       3
       5
       4
       2
       3
       2
       1
       2
       0
       3
       4
       0
       1
       1
       2
       1
       2
       1
       5
       1
       1
       3
       3
       2
       1
       2
       3
       1
       2
       3
       6
       1
       1
       0
       4
       1
       3
       5
       4
       4
       1
       1
       4
       1
       0
       4
       2
       1
       3
       2
       2
       2
       1
       1
       2
       5
       2
       3
       0
       2
       0
       3
       0
       2
       2
       1
       1
       1
       6
       7
       4
       2
       5
       4
       3
       1
       4
       2
       5
       5
       1
       1
       2
       2
       4
       4
       3
       6
       3
       4
       1
       1
       4
       3
       3
       2
       3
       2
       1
       2
       3
       9
       2
       0
       0
       1
       6
       2
       3
       4
       2
       3
       1
       1
       0
       1
       2
       1
       5
       0
       1
       1
       0
       5
       2
       3
       3
       1
       4
       2
       3
       4
       1
       6
       2
       4
       1
       5
       4
       3
       2
       1
       2
       2
       2
       3
       2
       0
       3
       6
       2
       2
       1
       3
       4
       2
       2
       3
       1
       3
       1
       3
       3
       2
       2
       3
       2
       2
       3
       0
       1
       1
       4
       3
       1
       4
       1
       1
       1
       4
       2
       1
       1
       4
       3
       1
       2
       2
       0
       5
       2
       1
       3
       3
       2
       3
       2
       2
       1
       3
       3
       2
       1
       4
       1
       2
       0
       2
       2
       1
       2
       3
       4
       1
       1
       4
       6
       1
       3
       5
       2
       1
       4
       2
       3
       0
       2
       1
       1
       9
       2
       0
       4
       2
       2
       2
       1
       2
       1
       3
       3
       1
       2
       2
       2
       3
       5
       1
       1
       4
       2
       4
       4
       2
       2
       3
       1
       1
       3
       0
       2
       3
       4
       1
       1
       2
       3
       4
       2
       3
       2
       2
       2
       3
       1
       1
       4
       5
       2
       3
       5
       4
       0
       4
       2
       2
       0
       1
       1
       1
       3
       1
       1
       7
       1
       2
       1
       0
       3
       5
       1
       2
       3
       3
       4
       1
       3
       1
       5
       2
       2
       2
       1
       0
       4
       2
       2
       3
       4
       2
       3
       1
       0
       1
       2
       1
       4
       3
       4
       1
       2
       4
       3
       1
       3
       4
       3
       2
       6
       0
       6
       1
       3
       3
       4
       1
       3
       1
       3
       2
       1
       2
       3
       5
       3
       2
       1
       1
       3
       3
       1
       3
       0
       1
       4
       6
       3
       0
       4
       2
       2
       5
       2
       6
       4
       2
       3
       1
       4
       0
       2
       2
       1
       2
       6
       3
       5
       4
       6
       1
       1
       5
       3
       5
       2
       1
       3
       1
       2
       3
       3
       1
       2
       6
       3
       2
       4
       4
       2
       0
       5
       2
       3
       1
       0
       1
       1
       3
       3
       2
       1
       1
       1
       6
       1
       1
       2
       0
       4
       2
       2
       4
       2
       1
       2
       3
       2
       1
       4
       3
       2
       1
       3
       0
       1
       0
       2
       1
       2
       0
       1
       1
       3
       1
       3
       1
       3
       2
       0
       3
       1
       4
       0
       2
       2
       4
       2
       0
       1
       6
       4
       5
       3
       2
       1
       1
       0
       1
       5
       0
       2
       2
       2
       3
       1
       0
       2
       3
       3
       1
       5
       4
       1
       2
       2
       2
       2
       3
       2
       4
       1
       1
       2
       3
       1
       1
       1
       3
       3
       2
       2
       1
       3
       3
       2
       3
       3
       3
       4
       1
       0
       5
       3
       1
       3
       3
       1
       7
       2
       1
       2
       0
       2
       1
       2
       1
       0
       3
       0
       2
       2
       4
       1
       4
       3
       2
       5
       2
       0
       2
       1
       0
       1
       3
       1
       1
       5
       5
       1
       2
       2
       3
       3
       3
       2
       1
       4
       1
       2
       2
       3
       1
       2
       2
       3
       0
       1
       1
       0
       1
       3
       1
       1
       2
       1
       2
       1
       2
       2
       2
       0
       3
       4
       0
       1
       1
       1
       2
       3
       2
       2
       3
       1
       0
       3
       4
       1
       3
       0
       3
       3
       3
       0
       1
       4
       3
       0
       2
       3
       4
       3
       2
       3
       1
       1
       2
       1
       1
       2
       2
       0
       4
       1
       3
       0
       2
       3
       2
       3
       1
       0
       4
       2
       2
       2
       0
       1
       1
       1
       1
       0
       1
       2
       4
       2
       3
       3
       0
       1
       1
       3
       2
       3
       1
       1
       4
       2
       3
       6
       4
       0
       1
       5
       2
       5
       1
       2
       5
       0
       0
       0
       3
       2
       2
       2
       1
       1
       0
       1
       3
       3
       3
       2
       2
       6
       2
       1
       6
       4
       1
       2
       3
       0
       2
       4
       3
       1
       1
       1
       3
       2
       2
       5
       2
       2
       1
       0
       4
       2
       2
       1
       1
       0
       4
       0
       1
       2
       1
       3
       4
       2
       2
       2
       0
       1
       2
       1
       1
       2
       1
       4
       1
       0
       0
       1
       3
       2
       4
       4
       0
       0
       1
       1
       0
       0
       2
       3
       3
       2
       1
       1
       3
       3
       0
       0
       1
       0
       2
       1
       1
       2
       0
       1
       1
       1
       2
       4
       2
       0
       1
       2
       5
       2
       1
       3
       1
       2
       1
       2
       4
       2
       1
       0
       4
       2
       1
       3
       2
       1
       3
       2
       1
       5
       3
       3
       2
       3
       1
       4
       1
       1
       3
       0
       2
       5
       2
       4
       2
       1
       1
       2
       3
       2
       3
       2
       2
       1
       2
       2
       1
       5
       1
       1
       4
       0
       1
       4
       0
       3
       1
       3
       2
       1
       1
       2
       2
       3
       0
       1
       2
       4
       2
       2
       0
       3
       2
       0
       1
       0
       2
       1
       2
       1
       1
       1
       1
       1
       2
       0
       2
       4
       2
       0
       0
       1
       1
       5
       1
       1
       3
       0
       0
       0
       2
       1
       3
       0
       2
       2
       1
       1
       2
       2
       2
       0
       2
       1
       2
       0
       3
       1
       1
       1
       3
       2
       3
       3
       3
       2
       2
       1
       3
       2
       5
       0
       2
       1
       4
       2
       0
       2
       0
       3
       3
       0
       3
       3
       1
       2
       3
       0
       3
       3
       0
       2
       3
       3
       2
       3
       1
       5
       2
       2
       1
       1
       1
       0
       1
       5
       2
       2
       3
       0
       1
       1
       0
       3
       2
       4
       3
       1
       2
       1
       1
       2
       3
       0
       3
       2
       0
       0
       1
       2
       1
       0
       1
       0
       1
       3
       2
       2
       1
       2
       0
       2
       1
       0
       3
       1
       5
       1
       1
       3
       6
       5
       7
       7
       6
       5
       8
       6
       8
       5
       2
       2
       4
       3
       5
       2
       4
       4
       3
       2
       2
       0
       0
       3
       2
       4
       0
       2
       1
       2
       3
       2
       2
       1
       4
       1
       0
       1
       0
       2
       3
       1
       0
       1
       3
       3
       2
       0
       3
       2
       4
       1
       3
       0
       0
       0
       0
       1
       1
       2
       3
       2
       0
       1
       1
       2
       1
       0
       1
       1
       0
       1
       1
       0
       2
       0
       2
       1
       0
       2
       0
       4
       0
       2
       1
       1
       0
       2
       0
       1
       0
       1
       1
       2
       3
       3
       3
       1
       2
       1
       2
       2
       3
       4
       2
       2
       1
       2
       2
       1
       3
       0
       3
       0
       0
       0
       1
       2
       0
       2
       2
       0
       1
       0
       0
       1
       2
       1
       1
       1
       3
       4
       0
       1
       0
       0
       2
       0
       2
       2
       1
       3
       3
       0
       1
       1
       1
       3
       0
       1
       1
       4
       3
       0
       1
       0
       1
       0
       1
       1
       2
       4
       3
       1
       2
       0
       5
       0
       1
       1
       0
       1
       3
       2
       2
       2
       1
       0
       2
       1
       1
       1
       0
       1
       1
       0
       1
       2
       2
       0
       1
       2
       2
       2
       3
       3
       0
       4
       2
       1
       1
       0
       1
       0
       2
       2
       2
       3
       1
       1
       0
       0
       3
       4
       2
       1
       4
       4
       0
       4
       2
       3
       2
       1
       1
       4
       2
       1
       0
       1
       3
       2
       0
       2
       2
       0
       2
       4
       0
       0
       2
       1
       1
       4
       2
       4
       1
       2
       3
       2
       1
       4
       2
       1
       2
       1
       1
       0
       1
       5
       1
       2
       0
       2
       0
       3
       2
       3
       2
       4
       3
       1
       2
       3
       2
       1
       2
       1
       1
       0
       1
       5
       2
       0
       3
       1
       2
       1
       2
       1
       1
       1
       1
       0
       0
       1
       0
       0
       1
       4
       2
       2
       3
       2
       2
       1
       3
       0
       2
       1
       3
       2
       0
       2
       2
       2
       1
       1
       1
       2
       1
       0
       0
       2
       1
       2
       1
       0
       0
       1
       0
       2
       0
       1
       5
       0
       1
       3
       1
       0
       5
       1
       3
       2
       1
       3
       1
       0
       2
       1
       0
       2
       0
       2
       2
       1
       3
       2
       0
       0
       3
       2
       4
       3
       2
       4
       1
       3
       1
       3
       3
       3
       3
       2
       1
       3
       1
       1
       2
       0
       2
       4
       0
       0
       0
       3
       0
       2
       0
       2
       0
       1
       2
       1
       2
       2
       2
       5
       0
       0
       1
       2
       3
       0
       2
       3
       3
       3
       2
       1
       1
       2
       0
       2
       3
       2
       4
       2
       1
       3
       0
       2
       2
       1
       1
       1
       1
       3
       1
       3
       2
       0
       0
       2
       2
       4
       1
       2
       4
       2
       1
       5
       3
       0
       3
       1
       1
       2
       1
       0
       4
       3
       0
       1
       2
       1
       2
       0
       1
       2
       1
       3
       0
       0
       2
       5
       1
       1
       2
       0
       1
       0
       2
       1
       1
       1
       0
       2
       4
       0
       1
       1
       1
       3
       2
       2
       1
       0
       3
       1
       2
       1
       0
       1
       1
       1
       1
       1
       1
       2
       0
       0
       1
       0
       0
       3
       4
       1
       0
       3
       0
       1
       2
       4
       0
       0
       4
       3
       0
       0
       0
       1
       1
       4
       0
       2
       3
       3
       1
       2
       1
       2
       1
       1
       3
       0
       1
       2
       3
       3
       0
       2
       2
       5
       0
       0
       0
       3
       1
       3
       1
       2
       2
       1
       1
       1
       0
       1
       2
       0
       0
       2
       0
       2
       2
       1
       1
       1
       0
       1
       1
       0
       2
       1
       0
       4
       2
       1
       1
       2
       1
       0
       2
       2
       4
       1
       0
       1
       3
       4
       3
       1
       2
       0
       1
       2
       2
       2
       2
       1
       3
       1
       4
       0
       1
       0
       1
       1
       3
       3
       0
       0
       2
       1
       2
       3
       2
       2
       0
       2
       2
       2
       2
       1
       1
       0
       1
       2
       1
       0
       2
       2
       0
       2
       0
       1
       1
       1
       2
       0
       3
       3
       0
       2
       0
       0
       4
       1
       4
       0
       2
       1
       1
       2
       3
       1
       2
       1
       0
       1
       2
       4
       0
       1
       1
       1
       2
       2
       1
       2
       2
       1
       2
       1
       1
       1
       1
       2
       0
       1
       1
       1
       1
       2
       1
       4
       0
       0
       1
       0
       1
       0
       5
       1
       2
       1
       1
       0
       2
       0
       0
       0
       0
       0
       1
       1
       2
       3
       2
       2
       3
       0
       3
       2
       2
       3
       1
       2
       2
       1
       4
       2
       4
       2
       1
       2
       1
       3
       2
       1
       3
       1
       1
       2
       0
       3
       2
       0
       2
       4
       3
       1
       4
       2
       3
       1
       0
       2
       2
       0
       0
       0
       0
       1
       2
       2
       3
       3
       2
       3
       2
       3
       3
       3
       1
       1
       1
       1
       3
       1
       0
       1
       1
       2
       1
       2
       3
       0
       2
       1
       1
       2
       1
       2
       2
       1
       1
       1
       1
       1
       1
       0
       0
       1
       0
       2
       0
       0
       1
       0
       1
       2
       1
       0
       0
       0
       4
       0
       2
       2
       3
       2
       2
       0
       2
       0
       1
       0
       3
       1
       0
       1
       2
       2
       0
       1
       1
       1
       2
       2
       1
       0
       1
       0
       1
       3
       1
       2
       1
       0
       1
       0
       0
       1
       1
       2
       1
       2
       0
       1
       0
       2
       1
       2
       0
       1
       3
       0
       1
       1
       0
       1
       1
       0
       1
       2
       1
       1
       1
       3
       2
       1
       0
       1
       2
       0
       0
       2
       1
       1
       0
       0
       2
       3
       1
       2
       5
       1
       1
       0
       1
       3
       1
       1
       2
       0
       0
       4
       1
       1
       2
       1
       2
       2
       0
       0
       1
       4
       2
       0
       3
       1
       3
       2
       3
       1
       0
       1
       1
       0
       3
       1
       1
       2
       0
       0
       1
       0
       1
       1
       0
       0
       1
       2
       1
       0
       1
       2
       1
       0
       2
       1
       3
       2
       1
       2
       2
       1
       1
       1
       3
       3
       0
       2
       1
       0
       2
       2
       2
       1
       1
       2
       0
       1
       2
       4
       3
       2
       2
       3
       1
       3
       0
       0
       1
       1
       1
       1
       1
       1
       0
       1
       0
       1
       3
       3
       1
       1
       2
       2
       2
       2
       1
       0
       3
       0
       0
       1
       2
       0
       1
       3
       2
       3
       0
       0
       0
       2
       2
       1
       1
       3
       1
       1
       1
       1
       1
       0
       1
       1
       2
       0
       0
       0
       2
       1
       0
       1
       1
       0
       2
       4
       1
       1
       3
       3
       0
       2
       1
       1
       1
       1
       3
       0
       2
       2
       3
       1
       1
       0
       2
       2
       0
       1
       0
       2
       0
       0
       2
       0
       0
       0
       1
       1
       0
       3
       1
       0
       1
       0
       0
       0
       2
       2
       1
       1
       0
       1
       3
       3
       0
       2
       2
       2
       0
       2
       0
       1
       0
       5
       0
       0
       1
       2
       0
       1
       1
       3
       1
       0
       1
       1
       3
       1
       2
       1
       2
       0
       0
       0
       0
       0
       0
       1
       2
       3
       2
       2
       2
       4
       2
       0
       2
       2
       1
       0
       2
       2
       3
       0
       0
       2
       1
       1
       0
       1
       1
       1
       2
       3
       1
       1
       0
       0
       1
       1
       0
       0
       1
       0
       0
       1
       1
       1
       1
       0
       1
       1
       1
       1
       0
       0
       1
       3
       0
       1
       0
       1
       0
       0
       1
       0
       3
       2
       0
       0
       3
       0
       1
       2
       0
       2
       0
       1
       2
       1
       0
       1
       0
       2
       0
       1
       2
       1
       1
       1
       2
       2
       2
       0
       5
       2
       1
       0
       1
       0
       1
       1
       0
       0
       1
       2
       3
       0
       1
       1
       1
       3
       1
       3
       1
       1
       1
       2
       3
       0
       0
       2
       2
       0
       3
       1
       2
       0
       0
       3
       2
       0
       0
       1
       0
       4
       1
       1
       0
       1
       1
       2
       1
       2
       3
       0
       3
       1
       1
       3
       1
       5
       3
       2
       0
       3
       1
       1
       1
       2
       1
       2
       0
       1
       1
       0
       0
       0
       0
       4
       3
       3
       0
       1
       0
       2
       3
       1
       1
       2
       3
       0
       2
       1
       0
       1
       0
       0
       0
       1
       1
       0
       2
       0
       0
       1
       1
       0
       2
       0
       2
       1
       1
       0
       2
       1
       0
       1
       2
       2
       0
       4
       0
       1
       2
       3
       0
       2
       0
       2
       1
       3
       1
       1
       0
       1
       1
       0
       1
       1
       1
       1
       0
       1
       2
       2
       0
       1
       1
       0
       2
       1
       2
       2
       1
       1
       1
       1
       2
       1
       0
       1
       1
       1
       2
       3
       2
       0
       4
       0
       2
       3
       1
       1
       0
       4
       1
       0
       1
       0
       1
       1
       2
       0
       1
       1
       3
       5
       0
       0
       2
       2
       0
       2
       2
       1
       0
       2
       1
       1
       2
       3
       1
       0
       1
       2
       0
       0
       1
       1
       2
       0
       4
       3
       1
       0
       1
       0
       0
       0
       2
       0
       4
       1
       1
       2
       1
       1
       0
       2
       0
       2
       1
       2
       2
       0
       1
       1
       0
       2
       2
       2
       2
       0
       0
       0
       0
       2
       1
       1
       0
       0
       0
       4
       1
       3
       2
       1
       0
       1
       1
       1
       0
       3
       0
       3
       1
       2
       0
       2
       2
       0
       0
       1
       2
       3
       1
       1
       4
       0
       2
       1
       1
       2
       3
       1
       0
       1
       0
       2
       2
       1
       1
       0
       2
       0
       1
       3
       1
       0
       0
       2
       1
       2
       1
       2
       0
       2
       0
       1
       0
       1
       1
       0
       1
       0
       0
       0
       1
       2
       0
       0
       1
       0
       1
       1
       1
       0
       0
       1
       1
       2
       0
       0
       2
       1
       1
       0
       1
       1
       1
       1
       4
       1
       0
       0
       3
       0
       0
       0
       2
       1
       2
       1
       2
       4
       2
       3
       2
       1
       1
       4
       1
       0
       1
       2
       3
       0
       1
       1
       2
       2
       1
       2
       0
       3
       0
       0
       3
       1
       3
       1
       3
       4
       2
       6
       7
       3
       5
       1
       0
       0
       0
       3
       1
       0
       1
       0
       2
       1
       0
       0
       0
       0
       1
       0
       1
       1
       5
       0
       0
       3
       2
       0
       0
       0
       2
       1
       3
       1
       0
       2
       1
       3
       2
       1
       4
       1
       2
       1
       0
       0
       1
       2
       1
       0
       1
       1
       0
       2
       1
       2
       0
       0
       1
       1
       0
       1
       0
       1
       0
       0
       0
       0
       4
       1
       2
       3
       2
       0
       3
       2
       0
       1
       0
       3
       2
       1
       2
       3
       2
       1
       1
       3
       0
       0
       2
       1
       0
       1
       1
       2
       2
       1
       0
       0
       0
       2
       2
       3
       1
       1
       0
       1
       2
       1
       1
       1
       1
       1
       0
       3
       2
       0
       5
       2
       1
       1
       1
       0
       1
       1
       0
       1
       0
       0
       2
       0
       2
       0
       0
       1
       2
       1
       3
       2
       0
       1
       1
       1
       1
       1
       2
       1
       1
       1
       1
       2
       0
       1
       0
       1
       0
       0
       0
       0
       0
       0
       0
       0
       0
       0
       0
       0
       0
       0
       0
       0
       0
       0
       0
       0
       0
       0
       0
       0
       0
       0
       0
       0
       0
       0
       0
       0
       0
       0
       0
       0
       0
       0
       0
       0
       0
       0
       0
       0
       0
       0
       0
       0
       0
       0
       0
       0
       0
       0
       0
       0
       0
       0
       0
       0
       0
       0
       0
       0
       0
       0
       0
       0
       0
       0
       0
       0
       0
       0
       0
       0
       0
       0
       0
       0
       0
       0
       0
       0
       0
       0
       0
       0
       0
       0
       0
       0
       0
       0
       0
       0
       0
       0
       0
       0
       0
       0
       0
       0
       0
       0
       0
       0
       0
       0
       0
       0
       0
       0
       0
       0
       0
       0
       0
       0
       0
       0
       0
       0
       0
       0
       0
       0
       0
$ROI:
0
$PRESETS:
None
0
0
$ENER_FIT:
-2.173939 0.279251
$MCA_CAL:
3
-2.173939E+000 2.792507E-001 0.000000E+000 keV
$SHAPE_CAL:
3
1.571259E+001 -1.155430E-003 0.000000E+000
