$SPEC_ID:
226Ra
$SPEC_REM:
DET# 1
DETDESC# MCB 132 Input 1
AP# Maestro Version 6.06
$DATE_MEA:
10/25/2021 12:25:47
$MEAS_TIM:
10950 10963
$DATA:
0 8191
       0
       0
       0
       0
       0
       0
       0
       0
       0
       0
       0
       0
       0
       0
       0
       0
       0
       0
       0
       0
       0
       0
       0
       0
       0
       5
    1017
    2442
     510
     352
     356
     364
     387
     383
     431
     424
     465
     417
     473
     486
     470
     457
     422
     439
     421
     442
     400
     395
     432
     378
     437
     414
     394
     383
     395
     417
     402
     403
     369
     348
     335
     337
     365
     378
     346
     357
     342
     363
     376
     353
     329
     363
     339
     347
     361
     360
     364
     359
     318
     369
     345
     363
     317
     367
     336
     322
     322
     325
     325
     353
     311
     351
     360
     318
     305
     341
     304
     313
     333
     332
     295
     330
     282
     302
     337
     299
     279
     296
     311
     329
     298
     302
     315
     315
     281
     326
     301
     299
     322
     295
     306
     298
     314
     326
     299
     311
     310
     302
     299
     309
     285
     298
     283
     308
     291
     292
     319
     282
     288
     314
     271
     291
     299
     318
     264
     300
     288
     277
     297
     262
     284
     303
     300
     311
     287
     294
     272
     297
     298
     302
     303
     326
     321
     291
     284
     299
     294
     295
     288
     283
     309
     270
     290
     282
     283
     305
     276
     298
     286
     274
     277
     298
     253
     294
     272
     273
     262
     261
     303
     274
     291
     259
     294
     287
     269
     304
     265
     280
     305
     321
     290
     266
     308
     292
     311
     269
     279
     282
     273
     259
     308
     249
     299
     298
     304
     291
     262
     265
     279
     280
     288
     303
     295
     288
     286
     252
     272
     299
     278
     291
     277
     310
     262
     299
     313
     309
     288
     263
     263
     294
     277
     305
     311
     257
     301
     286
     285
     268
     315
     298
     294
     284
     273
     266
     287
     295
     265
     331
     299
     283
     291
     305
     263
     306
     305
     315
     324
     354
     346
     311
     287
     312
     331
     358
     391
     433
     406
     346
     290
     313
     303
     286
     295
     344
     271
     314
     295
     322
     292
     282
     305
     293
     314
     331
     318
     291
     317
     298
     301
     322
     323
     305
     324
     310
     334
     310
     302
     323
     339
     400
     401
     385
     323
     352
     351
     286
     338
     333
     318
     325
     336
     323
     357
     336
     289
     311
     308
     328
     345
     315
     318
     317
     321
     282
     326
     333
     335
     327
     361
     356
     297
     342
     350
     312
     334
     326
     353
     328
     311
     365
     324
     376
     346
     322
     336
     339
     329
     339
     362
     321
     331
     345
     312
     342
     324
     343
     317
     351
     335
     324
     373
     351
     351
     361
     374
     357
     332
     360
     340
     351
     327
     358
     351
     352
     366
     359
     353
     351
     314
     349
     336
     369
     352
     346
     384
     331
     352
     374
     335
     352
     348
     344
     399
     351
     387
     372
     402
     361
     374
     339
     350
     375
     336
     387
     398
     349
     357
     410
     369
     401
     364
     390
     369
     368
     367
     405
     374
     368
     360
     357
     367
     382
     367
     340
     386
     405
     382
     387
     399
     372
     380
     358
     369
     375
     364
     399
     378
     378
     390
     380
     393
     398
     371
     399
     406
     395
     383
     372
     404
     430
     390
     400
     431
     430
     391
     410
     402
     426
     378
     397
     419
     378
     402
     378
     407
     409
     400
     432
     424
     426
     365
     432
     392
     415
     390
     402
     421
     417
     430
     430
     432
     388
     424
     423
     391
     401
     449
     417
     411
     401
     411
     428
     398
     406
     433
     434
     407
     445
     400
     427
     456
     430
     414
     419
     438
     453
     400
     440
     427
     448
     404
     383
     406
     411
     414
     434
     405
     423
     416
     420
     404
     415
     426
     399
     426
     437
     420
     440
     457
     448
     421
     420
     413
     447
     418
     385
     423
     426
     430
     459
     386
     450
     393
     421
     426
     464
     412
     452
     469
     411
     408
     433
     411
     453
     400
     444
     409
     434
     419
     423
     396
     428
     388
     470
     427
     424
     410
     440
     422
     465
     413
     404
     416
     447
     381
     410
     416
     419
     390
     479
     405
     398
     421
     401
     408
     401
     425
     451
     402
     403
     434
     415
     405
     388
     441
     398
     417
     429
     414
     439
     418
     405
     415
     394
     385
     396
     420
     426
     440
     387
     398
     396
     398
     382
     410
     380
     387
     403
     393
     438
     402
     416
     397
     420
     405
     395
     396
     382
     408
     404
     359
     416
     404
     408
     419
     384
     397
     384
     412
     390
     429
     396
     399
     405
     425
     386
     446
     374
     346
     428
     399
     361
     370
     402
     368
     392
     418
     422
     421
     384
     367
     418
     462
     410
     401
     401
     389
     384
     327
     383
     435
     392
     376
     370
     410
     335
     397
     387
     374
     346
     375
     403
     368
     378
     351
     346
     358
     394
     391
     399
     407
     375
     363
     383
     431
     355
     349
     357
     364
     362
     378
     388
     406
     361
     417
     372
     377
     367
     388
     377
     373
     367
     400
     386
     373
     335
     378
     353
     363
     375
     352
     382
     398
     387
     383
     372
     360
     407
     380
     359
     379
     357
     385
     397
     371
     352
     368
     346
     375
     368
     357
     366
     363
     389
     402
     393
     372
     359
     366
     421
     421
     405
     438
     390
     376
     423
     360
     413
     427
     392
     388
     410
     404
     429
     400
     433
     417
     405
     420
     422
     425
     413
     432
     432
     430
     414
     459
     444
     447
     445
     398
     421
     400
     421
     402
     402
     413
     423
     424
     431
     433
     392
     445
     387
     458
     420
     411
     376
     416
     414
     387
     371
     430
     427
     390
     421
     377
     375
     420
     443
     408
     405
     420
     409
     422
     358
     383
     425
     398
     388
     406
     397
     422
     431
     386
     393
     421
     395
     375
     379
     404
     378
     366
     380
     395
     393
     356
     344
     362
     394
     393
     385
     376
     412
     395
     352
     370
     387
     376
     408
     394
     373
     441
     378
     335
     354
     407
     390
     362
     374
     365
     357
     355
     409
     370
     375
     363
     357
     383
     409
     345
     400
     393
     363
     361
     332
     396
     349
     362
     342
     359
     379
     339
     381
     331
     347
     382
     338
     326
     354
     377
     325
     344
     358
     352
     352
     354
     360
     342
     376
     358
     354
     360
     325
     342
     368
     327
     360
     350
     363
     352
     335
     332
     345
     343
     337
     371
     342
     313
     338
     349
     336
     347
     386
     333
     325
     359
     310
     331
     318
     312
     321
     331
     316
     313
     325
     360
     355
     355
     330
     345
     310
     314
     322
     334
     294
     362
     371
     332
     337
     290
     335
     355
     298
     366
     330
     337
     360
     343
     312
     318
     296
     342
     304
     339
     308
     318
     327
     323
     349
     323
     300
     303
     297
     326
     277
     321
     326
     320
     273
     349
     312
     296
     309
     313
     339
     306
     312
     310
     325
     276
     312
     331
     356
     320
     322
     297
     311
     313
     314
     290
     292
     315
     298
     267
     311
     307
     297
     275
     283
     311
     285
     294
     287
     319
     311
     324
     283
     306
     311
     259
     323
     290
     318
     298
     285
     289
     314
     273
     327
     307
     334
     273
     294
     300
     311
     289
     287
     293
     276
     313
     272
     313
     306
     299
     295
     286
     287
     287
     285
     282
     316
     280
     336
     268
     283
     307
     315
     286
     310
     312
     301
     275
     268
     289
     243
     272
     271
     294
     278
     270
     283
     268
     282
     284
     280
     264
     272
     263
     280
     308
     257
     290
     249
     276
     304
     298
     268
     264
     290
     288
     279
     277
     282
     295
     280
     266
     286
     268
     251
     274
     284
     239
     293
     278
     280
     289
     305
     272
     290
     306
     284
     296
     300
     271
     317
     233
     296
     251
     278
     287
     256
     302
     255
     267
     270
     276
     246
     290
     285
     292
     295
     250
     260
     260
     272
     272
     256
     267
     262
     282
     273
     278
     294
     252
     261
     269
     280
     263
     245
     256
     275
     229
     248
     231
     255
     210
     241
     258
     234
     227
     260
     255
     255
     246
     219
     239
     247
     252
     235
     267
     242
     241
     252
     232
     220
     245
     229
     246
     235
     222
     238
     252
     237
     236
     246
     268
     262
     235
     230
     226
     238
     219
     239
     225
     249
     226
     238
     249
     229
     261
     232
     232
     241
     231
     255
     240
     227
     233
     233
     258
     222
     208
     257
     215
     247
     219
     228
     231
     258
     246
     214
     240
     245
     244
     242
     223
     226
     212
     174
     202
     227
     215
     225
     227
     212
     234
     255
     195
     223
     253
     240
     202
     185
     215
     209
     233
     228
     205
     223
     206
     221
     198
     209
     199
     222
     193
     209
     209
     180
     207
     278
     224
     227
     199
     241
     210
     213
     212
     203
     227
     216
     206
     226
     204
     182
     201
     197
     204
     204
     191
     211
     191
     174
     216
     186
     205
     166
     196
     204
     203
     210
     207
     220
     194
     199
     187
     212
     211
     218
     216
     211
     185
     232
     198
     208
     193
     207
     202
     205
     197
     213
     177
     185
     184
     188
     195
     187
     205
     176
     207
     180
     198
     209
     188
     222
     156
     179
     181
     193
     188
     181
     182
     181
     190
     181
     175
     219
     184
     202
     197
     155
     162
     176
     194
     196
     194
     183
     210
     215
     213
     162
     189
     185
     169
     174
     165
     197
     190
     177
     218
     171
     189
     184
     161
     198
     204
     166
     184
     168
     202
     186
     195
     208
     188
     180
     178
     182
     205
     202
     202
     197
     184
     178
     182
     189
     177
     170
     180
     177
     173
     166
     174
     174
     202
     169
     177
     168
     172
     171
     180
     158
     172
     175
     161
     177
     164
     158
     176
     208
     186
     183
     159
     193
     174
     197
     184
     177
     178
     156
     157
     178
     162
     179
     197
     145
     164
     168
     155
     164
     181
     172
     156
     197
     170
     186
     170
     183
     203
     166
     174
     165
     161
     161
     167
     178
     148
     183
     180
     163
     151
     184
     177
     165
     157
     174
     175
     172
     175
     168
     175
     180
     175
     157
     178
     181
     163
     165
     157
     171
     181
     170
     153
     151
     168
     170
     167
     171
     145
     190
     190
     148
     180
     148
     168
     168
     178
     184
     177
     170
     173
     162
     179
     169
     165
     162
     177
     161
     171
     177
     157
     168
     171
     147
     166
     169
     159
     180
     153
     152
     152
     176
     163
     178
     160
     175
     145
     157
     154
     173
     200
     183
     163
     159
     159
     169
     140
     187
     151
     186
     168
     183
     180
     163
     134
     168
     171
     169
     180
     169
     153
     171
     161
     144
     146
     147
     165
     163
     150
     180
     153
     173
     207
     172
     178
     156
     166
     147
     187
     155
     168
     161
     152
     173
     191
     173
     151
     156
     170
     142
     180
     148
     184
     175
     184
     179
     162
     165
     159
     144
     176
     139
     158
     178
     153
     134
     158
     179
     153
     139
     160
     143
     147
     167
     154
     153
     156
     174
     155
     163
     160
     165
     175
     167
     191
     149
     166
     150
     169
     183
     152
     161
     150
     161
     144
     166
     124
     165
     146
     148
     152
     165
     163
     173
     172
     173
     177
     172
     133
     155
     150
     138
     132
     177
     170
     165
     164
     157
     132
     174
     156
     158
     152
     148
     152
     149
     153
     165
     154
     165
     152
     167
     143
     156
     156
     168
     161
     153
     165
     153
     166
     156
     152
     172
     134
     165
     165
     145
     166
     142
     172
     149
     155
     162
     161
     159
     186
     162
     159
     161
     153
     165
     156
     170
     152
     165
     168
     143
     151
     154
     167
     155
     160
     154
     152
     149
     173
     137
     143
     160
     181
     127
     149
     149
     138
     148
     162
     145
     177
     156
     113
     155
     156
     145
     133
     146
     140
     162
     165
     152
     135
     158
     151
     148
     145
     166
     143
     158
     137
     154
     146
     142
     166
     148
     138
     142
     159
     150
     160
     130
     173
     162
     155
     142
     172
     141
     145
     155
     135
     147
     138
     149
     162
     174
     138
     127
     150
     148
     149
     146
     147
     143
     170
     178
     132
     173
     166
     157
     165
     148
     160
     150
     168
     141
     141
     157
     136
     125
     156
     154
     128
     138
     128
     136
     176
     153
     151
     150
     149
     143
     153
     136
     128
     135
     143
     145
     128
     137
     136
     137
     132
     142
     140
     116
     128
     127
     136
     156
     160
     160
     139
     154
     138
     144
     152
     136
     145
     140
     144
     153
     127
     162
     144
     169
     216
     196
     223
     210
     234
     208
     205
     202
     193
     180
     195
     175
     149
     142
     143
     171
     131
     142
     137
     140
     143
     139
     142
     157
     146
     154
     144
     143
     123
     145
     130
     146
     130
     152
     131
     146
     158
     143
     149
     138
     137
     130
     146
     142
     132
     132
     151
     131
     142
     160
     127
     131
     147
     138
     137
     143
     143
     101
     139
     130
     142
     149
     143
     141
     149
     137
     141
     161
     150
     145
     141
     133
     133
     141
     146
     128
     148
     159
     142
     130
     159
     138
     154
     151
     163
     166
     138
     138
     144
     134
     142
     134
     135
     134
     145
     153
     147
     125
     136
     132
     129
     134
     133
     134
     130
     166
     134
     147
     139
     132
     152
     129
     129
     147
     148
     155
     126
     130
     122
     149
     154
     137
     144
     151
     129
     121
     144
     130
     142
     132
     148
     143
     144
     114
     114
     133
     122
     110
     126
     119
     140
     134
     132
     140
     147
     128
     139
     121
     154
     133
     127
     136
     158
     153
     135
     118
     152
     138
     141
     115
     137
     131
     133
     144
     119
     145
     113
     131
     154
     123
     125
     141
     136
     133
     135
     121
     128
     133
     144
     127
     126
     131
     127
     117
     123
     131
     135
     130
     136
     114
     132
     141
     134
     124
     126
     118
     129
     116
     140
     128
     153
     137
     109
     145
     129
     147
     120
     133
     149
     122
     141
     141
     136
     136
     135
     113
     136
     140
     130
     120
     124
     127
     131
     144
     128
     138
     135
     140
     127
     125
     145
     123
     133
     128
     126
     155
     133
     119
     125
     125
     118
     144
     112
     122
     124
     122
     102
     145
     141
     123
     139
     126
     132
     135
     126
     131
     129
     121
     133
     123
     163
     140
     126
     124
     111
     136
     133
     131
     130
     114
     134
     139
     115
     120
     125
     111
     106
     126
     132
     162
     121
     127
     125
     100
     145
     139
     149
     135
     122
     148
     117
     134
     120
     117
     105
     136
     109
     135
     110
     109
     125
     115
     107
     143
     144
     125
     112
     117
     134
     116
     139
     128
     121
     107
     143
     119
     140
     125
     116
     112
     142
     149
     110
     112
     125
     127
     110
     140
     116
     130
     113
     113
     108
     133
     121
     123
     130
     108
     131
     105
     103
     128
     113
     133
     127
     100
     144
     139
     139
     140
     131
     118
     125
     118
     115
     131
     134
     129
     120
     137
     131
     130
     129
     123
     114
     100
     116
     130
     116
     139
     117
     145
     127
     125
     138
     129
     122
     134
     134
     133
     116
     133
     121
     122
     129
     120
     114
     122
     129
     131
     138
     116
     123
     132
     123
     119
     115
     113
     128
     132
      94
     106
     120
     130
     113
     116
     134
     129
      98
     119
     108
     113
     132
     126
     108
     125
     116
     104
     127
     114
     123
     120
     127
      95
     132
     102
     107
     109
     121
     106
     120
     118
     122
     108
     126
     109
     113
     119
     123
      94
     118
     101
     134
     111
     160
     123
      91
     130
     117
     120
     116
     119
     121
     123
     125
     114
     117
     125
     110
     140
     107
     121
     121
     111
     133
     109
     135
     106
     120
     140
     112
     105
     107
     126
     132
     117
     124
     126
     106
     122
     118
     116
     107
     122
     116
     101
     117
     108
     119
     115
     114
      99
     138
     128
     116
     119
     138
     109
     128
     128
     135
     134
     111
      92
     118
      97
     109
     131
     116
     123
     114
     118
      96
     109
      89
     122
     134
     123
     109
     109
     133
     121
     101
     115
     124
     123
     116
     104
     111
     125
     113
     109
     120
     113
     123
     106
     117
     118
     106
     101
      97
     106
     115
     139
     138
     130
     136
     130
     139
     112
     105
     117
     115
     128
     115
     119
     124
     137
     103
     103
      95
     123
     103
     118
     130
     114
     125
     116
     111
     113
     125
     114
     123
     107
     114
     108
     115
     109
     103
     103
     114
     110
     101
     109
     106
     121
      87
     120
      83
      99
     115
     106
     126
     101
     114
     103
     125
     107
     100
     110
     109
     108
     113
     110
     100
     116
     101
      92
     126
     145
     113
     114
     105
     124
     135
     121
     124
     113
      91
     100
     104
      92
     101
     123
     107
     117
     120
      97
      92
     108
      84
     102
     115
     101
     123
     115
     103
     109
     116
     128
     113
     105
      91
     130
     109
     114
     116
     123
     105
      97
     109
     108
     131
     105
     108
     105
     130
     115
     107
     111
     101
     115
     115
     119
      95
     112
     104
     109
     113
     112
     119
      99
     115
     110
     117
     119
     117
     111
     115
     110
     112
     101
     107
     108
     103
     107
      99
     129
     122
      95
     107
     109
     105
      94
     104
     127
     114
     106
      97
     125
      97
     112
      96
     115
     109
     106
     118
     115
     123
      95
     102
     114
     105
     121
     111
     118
     108
      85
     115
     107
      98
     122
     141
     126
     116
     108
     110
     128
     112
     111
     115
     108
     112
     124
     108
     110
      97
     113
      89
      94
      95
     129
     114
     108
      95
      88
      80
      92
      88
      96
     124
     111
     110
      82
     129
     121
      93
     116
     104
     139
     110
     110
     122
     113
     108
     134
     101
     115
     104
     118
     104
     113
     102
     115
      89
      90
      98
     120
     100
     113
      90
     109
     114
     105
     114
     108
     102
     109
     113
     111
     108
     100
      93
     122
     134
      85
     103
     112
     117
      91
     120
     114
     124
     102
      97
     100
     112
      86
      97
      92
     104
     119
     115
     120
      84
     103
     113
     117
     102
     114
     112
      87
     107
     108
     127
     113
      96
     123
     116
      96
     103
     111
     113
     135
     102
      99
     116
     104
     106
     119
     123
     116
     114
      97
     100
     109
     127
     103
      97
     111
     102
     116
     102
      91
     110
     121
     107
     115
      99
     131
     111
     103
     123
     118
     112
      97
      96
      93
      94
     118
     101
      86
     105
     104
     112
      87
     122
     100
     121
     106
      95
     107
     109
     110
     101
     101
     110
     108
     108
     102
     104
     115
     114
     115
      96
     102
     106
     100
     123
      99
     119
     105
     111
     113
      97
      84
      88
     103
     108
      87
     115
     103
     116
     105
      80
      97
     109
     114
     109
     110
      91
     109
     110
      99
     100
     104
     110
      92
     103
     112
     105
     110
     100
     110
      91
     100
     115
      95
     105
     103
     112
     101
      96
      97
     116
     104
     108
      99
     118
      94
      89
     103
     122
     121
      99
     112
     102
     115
     112
     116
     101
     120
     109
     105
     101
     112
     116
     111
     102
     110
      94
     103
      99
      96
      89
     128
      96
     114
      98
     127
     104
     115
     102
     117
     103
     107
     102
     107
      89
     106
      98
     110
      99
     108
     121
      95
     126
     110
     114
     109
     108
      97
     102
     127
     112
      92
      93
      97
     126
     103
     100
     101
     107
     118
     114
     111
     102
      96
     103
      95
     109
      99
     112
      98
     101
     103
     111
     120
     111
     106
     107
     108
      94
      87
     114
     106
      88
     115
     127
     108
      94
     110
      99
     114
     116
      99
     111
     117
      99
     106
      97
     126
     125
     113
      98
     119
     102
     104
     126
     113
     133
     134
     107
     111
     103
     121
     110
     105
     116
     120
     121
      93
     132
      92
     112
     114
     120
     109
     106
     100
     114
     125
     117
      94
     110
     108
      95
     127
     120
     112
     116
     104
     111
     101
     111
     103
     115
     121
     114
      96
     106
     110
     134
     121
     105
     109
     103
      94
      90
     108
     107
     113
     136
     115
     123
     143
     106
     129
     126
     133
     113
     117
     110
     117
     107
     107
     126
     123
      97
     108
     108
     109
      98
     110
     108
     107
     115
     128
     127
      95
     116
     102
     135
     101
     119
     105
     126
     129
     112
     118
     103
     111
     100
     125
     113
     119
     112
     101
     115
     113
     116
      96
     114
     105
     117
     134
     108
     124
     109
     104
     110
     113
     128
     110
     108
     116
     113
     117
     107
     105
     119
     107
      95
     107
     119
     123
     128
     108
     118
     105
     116
     105
      95
     106
     109
     120
     100
     113
      97
     126
     114
     112
     125
     118
     115
     113
     125
     123
     102
      98
     119
     126
     106
     122
     110
     113
     132
     117
     116
     108
      92
     112
     106
     131
     109
     101
     125
     134
     129
     116
     130
     127
     130
     105
     109
     110
     114
     106
     111
     130
     128
     106
     127
     113
     119
     140
     108
      98
     115
     124
     145
     117
     115
     126
     148
     123
     141
     118
     143
     128
     128
     131
     127
     129
     114
     110
     117
     102
     126
     147
     123
     118
     118
     138
     140
     135
     126
     125
     125
     116
     102
     130
     150
     126
     113
     112
     144
     134
     123
     109
     116
     104
     139
     131
     138
     117
      99
     148
     155
     113
     114
     129
     116
     104
     144
     121
     125
     110
     143
     138
     124
     124
     132
     117
     114
     130
     124
     125
     105
     150
     140
     119
     112
     133
     116
     146
     131
     124
     139
     129
     132
     126
     119
     133
     155
     141
     139
     110
     123
     135
     129
     121
     142
     134
     124
     141
     139
     120
     139
     146
     136
     123
     128
     148
     125
     134
     119
     130
     113
     145
     124
     125
     116
     139
     132
     127
     118
     126
     129
     118
     112
     143
     147
     133
     148
     128
     135
     152
     141
     141
     135
     142
     134
     128
     134
     123
     119
     133
     156
     151
     125
     141
     115
     125
     118
     136
     121
     158
     132
     145
     145
     123
     123
     132
     147
     138
     143
     152
     158
     127
     132
     121
     149
     133
     136
     133
     150
     146
     140
     157
     142
     144
     138
     142
     149
     135
     125
     139
     170
     137
     129
     124
     152
     143
     121
     144
     137
     137
     155
     150
     127
     162
     168
     134
     151
     179
     137
     117
     135
     161
     149
     161
     133
     143
     147
     143
     135
     166
     150
     120
     130
     157
     155
     139
     126
     143
     136
     148
     145
     152
     160
     143
     141
     147
     145
     156
     139
     146
     155
     151
     173
     146
     148
     141
     145
     153
     151
     158
     139
     151
     171
     177
     139
     141
     147
     156
     144
     135
     144
     140
     160
     127
     173
     146
     177
     143
     166
     167
     162
     145
     148
     158
     152
     156
     164
     156
     159
     146
     151
     139
     151
     164
     159
     166
     157
     151
     150
     160
     124
     181
     178
     168
     149
     154
     157
     130
     160
     163
     169
     151
     145
     159
     177
     156
     167
     161
     170
     163
     167
     156
     167
     164
     175
     196
     167
     153
     144
     152
     183
     153
     159
     171
     164
     163
     161
     169
     170
     189
     183
     161
     157
     144
     177
     171
     144
     178
     184
     152
     154
     169
     178
     155
     185
     172
     168
     171
     169
     181
     147
     156
     175
     164
     181
     156
     180
     159
     155
     151
     168
     144
     163
     157
     157
     167
     176
     141
     167
     145
     165
     166
     154
     156
     160
     161
     147
     176
     160
     154
     166
     173
     155
     150
     158
     147
     164
     143
     153
     152
     150
     149
     134
     119
     132
     150
     124
     115
     111
     132
     145
     120
     119
     140
     138
     128
     136
     118
     143
     148
     116
     143
     158
     119
     138
     120
     123
     133
      99
     131
     118
     122
     130
     113
     120
     133
     123
     116
     110
     131
     135
     119
     118
     124
     120
     112
     137
     133
     129
     143
     115
     120
     108
     133
     125
     124
     119
     113
     125
     127
     127
      94
     111
     122
     108
     100
     107
     102
     124
     118
     112
     113
     126
     131
     110
     130
     118
     115
     117
     114
     143
     134
     114
     111
     114
     126
     117
     109
     111
     109
     117
     117
     118
     135
      99
     112
     108
     118
     135
     124
     105
     124
     122
     102
     140
     112
     106
     116
      99
      96
     113
     104
     117
     113
     133
     115
     125
     120
     137
      95
     123
     112
     120
     121
     132
     111
     113
     116
     115
     119
     136
     111
     103
     112
     118
     118
     117
     104
     102
     140
     120
      99
     117
     107
     115
      99
     114
     116
     112
     101
     113
     106
     119
     125
     127
      87
     113
     102
     108
     107
     122
     120
     115
     114
     113
     118
     101
     131
     110
     118
      94
     111
     131
     108
     122
      97
     133
     121
     110
     111
     103
     119
     108
     126
     104
     117
     108
     102
     127
     103
     106
     110
     119
      99
     113
     127
     108
     116
     104
     109
     119
      93
     100
     104
     123
      94
      98
     108
     104
      99
      94
      96
     109
     127
     110
     120
     107
     119
     102
     104
     113
     121
     120
     132
     118
     112
     108
     107
     114
      92
     109
     123
     114
     103
     117
     103
     107
      79
     107
     127
     114
     109
     103
     114
     116
     115
      95
      96
     109
     121
     117
     100
     105
     110
     102
     102
     101
      92
     111
     117
      88
     113
     109
      95
     113
     102
     107
      93
     113
     119
     105
     101
     103
      92
      86
     110
     102
     100
     109
     103
     115
     108
      88
      97
      99
     104
     103
     112
      96
     113
     108
     112
      97
      89
     119
     126
     116
      89
     104
     110
      91
      95
      98
      96
      93
     126
     103
     116
      82
      85
     128
     108
      97
      96
      94
     107
     108
     114
      79
     106
     101
     107
      87
     111
      95
     105
      96
     114
     107
      87
     110
     109
     108
     102
     102
      95
      96
     102
     101
     100
     111
     121
     113
     117
      84
      92
      97
      97
     108
     107
      96
      98
      88
     116
      88
      96
      89
     112
     101
     101
      97
      97
      98
      97
     109
      97
     119
     102
     106
     100
     108
     106
      97
     109
     118
     116
     119
      95
      93
      92
     105
      99
     103
     114
      81
      85
     104
     106
     106
     109
     106
      98
     103
     103
     101
      88
      88
      74
      83
     107
     100
     115
     110
      99
      94
      96
      80
      96
     111
      95
      87
     105
     106
     115
     118
     111
      88
      93
      99
     112
     110
      86
     100
     112
     101
     106
     104
      97
     108
      92
     106
      88
      99
      98
     102
     111
     117
      94
     100
     104
     111
      96
      95
     105
      99
     112
     123
     108
     110
     118
     106
     108
     103
     109
      99
     125
      91
     102
     115
     103
     129
     120
     109
     115
     116
     100
     113
     102
     115
      94
     122
     116
     111
     115
     107
     115
      86
     116
      96
      91
     118
     126
     105
     114
     110
     137
     113
     116
     109
     104
     102
     104
     104
     105
      99
     116
     123
     117
     106
     102
     101
      87
     103
     108
     106
     108
     113
      93
     118
     101
     118
     112
     103
     119
     102
     110
     109
      99
     109
     107
     128
      97
     111
     102
     121
     109
      88
      88
     101
     115
     122
     108
     125
     108
     121
      89
     105
      99
     116
     123
      98
     112
     110
     100
     114
     109
      97
      86
      93
      91
     110
      81
     100
      92
      78
      75
      83
      78
      74
      79
      81
      82
      86
      76
      97
      87
      78
      62
      86
      78
      79
      83
      80
      81
      85
      73
      71
      71
      71
      74
      78
      68
      75
      75
      56
      63
      73
      61
      69
      66
      63
      65
      69
      63
      78
      68
      74
      68
      68
      57
      66
      65
      67
      77
      65
      67
      64
      64
      65
      84
      71
      53
      59
      59
      75
      70
      75
      68
      48
      55
      53
      70
      54
      66
      78
      60
      46
      65
      52
      66
      72
      63
      52
      55
      50
      56
      38
      71
      62
      57
      56
      61
      63
      63
      59
      71
      44
      53
      52
      76
      62
      61
      60
      76
      54
      57
      52
      77
      62
      65
      48
      49
      59
      63
      64
      49
      65
      60
      49
      55
      46
      67
      58
      61
      61
      59
      63
      43
      62
      46
      45
      52
      55
      65
      66
      55
      63
      50
      50
      64
      55
      47
      46
      50
      53
      44
      57
      43
      44
      48
      47
      53
      50
      57
      58
      47
      46
      52
      59
      61
      54
      56
      60
      51
      36
      47
      47
      60
      47
      48
      58
      64
      42
      45
      61
      41
      52
      51
      40
      58
      49
      52
      63
      71
      61
      72
      91
     109
     131
     212
     294
     469
     666
    1097
    1751
    2537
    3382
    4450
    5301
    5871
    5903
    5766
    4925
    4090
    2923
    2015
    1362
     718
     394
     182
     107
      58
      56
      39
      45
      41
      41
      35
      45
      33
      37
      36
      37
      53
      38
      34
      35
      34
      24
      36
      36
      32
      37
      41
      32
      34
      38
      29
      31
      39
      35
      37
      30
      32
      25
      38
      31
      39
      29
      38
      37
      40
      36
      29
      27
      38
      28
      31
      36
      25
      31
      31
      34
      29
      37
      32
      26
      22
      28
      30
      23
      28
      17
      37
      34
      17
      23
      28
      30
      34
      30
      30
      25
      21
      26
      31
      22
      27
      24
      29
      31
      19
      27
      26
      30
      26
      23
      24
      23
      22
      29
      25
      19
      36
      25
      39
      20
      26
      28
      24
      26
      25
      26
      21
      28
      26
      22
      21
      25
      33
      22
      23
      26
      22
      24
      28
      31
      17
      20
      27
      17
      22
      18
      29
      13
      20
      14
      13
      23
      25
      22
      20
      19
      26
      23
      15
      19
      18
      19
      16
      17
      19
      13
      24
      23
      23
      19
      16
      14
      19
      13
      19
      18
      17
      16
      24
      20
      21
      15
      18
      16
       9
      21
      11
      10
      16
      20
      18
      16
      17
      12
      18
      10
      20
      14
      18
      15
      15
      14
      15
      16
      21
      18
      10
      12
      11
       9
      15
      10
      13
      11
      11
      11
      15
       9
      17
      16
      15
      10
       7
      14
      11
      12
      23
      15
       9
      13
      10
      12
      12
      12
      21
      13
      11
      13
       9
      14
      20
      10
      12
      12
      14
      10
      19
      16
      14
       7
       9
      12
       9
      11
      11
       5
      13
      16
       7
      10
      15
      18
      12
       4
       9
       5
      10
      17
       6
      10
      10
       9
       8
       7
       8
      12
       6
       9
      10
      14
      12
       7
      11
       8
       8
      11
      13
      12
      13
      11
      12
       9
       9
      13
       9
      10
       4
       9
       8
      10
       7
      14
       9
       7
      11
       7
      12
      10
       1
       8
       5
       8
      13
       9
       9
       7
       6
      11
      15
       9
       6
      11
       4
       6
      11
      10
       8
       5
      11
       5
      12
       8
       6
      10
      10
       9
       8
       8
      13
       6
       7
      14
       8
       7
       5
       8
       7
      11
       6
       6
      11
       5
       7
       6
       9
       9
       6
       4
       6
       3
       7
       7
       5
      10
       8
      10
       4
      11
      10
      11
       8
      11
       5
       5
       9
      10
       6
       4
       4
       9
       7
       7
       6
       6
       4
      10
       7
       8
       6
       3
       8
       3
       6
       8
      10
      12
      11
       7
       5
       7
       5
       7
       5
       8
      11
      10
       9
       5
       7
       7
       4
       9
       6
       9
       9
      10
       9
       8
       7
       6
       6
       7
       5
       5
       6
       7
       7
       5
      10
       5
      10
       5
       8
       8
      10
       4
       8
       5
      10
       8
       6
       7
       7
       2
       4
      10
       8
       7
       9
       7
       2
       3
       7
       8
       9
       9
       3
       7
       6
       9
       5
       3
       7
      10
       6
       3
       8
       8
       8
       5
       5
       6
       5
       3
      11
       4
       6
       6
       5
       4
       6
       9
      11
       4
       8
      10
       7
       8
       3
      16
      17
      11
       5
       4
       7
       9
       4
       7
       8
       4
       9
       8
       6
       7
       4
       7
      10
       8
       3
       4
       8
       4
       6
       7
       6
       5
       6
       6
       7
      12
       5
      10
       7
       5
      10
       5
       6
       5
       5
       9
       7
       6
       4
       9
       6
       5
       4
       5
       9
       7
       3
       8
       8
       6
       7
       5
      11
       6
       3
       5
      11
      10
      11
       7
      11
       8
       4
      11
       9
      12
       7
      12
       6
      13
      11
      15
      21
      28
      33
      50
      64
     105
     172
     219
     358
     520
     783
    1343
    1899
    2483
    3363
    3955
    4574
    4996
    4958
    4658
    4027
    3320
    2484
    1821
    1224
     699
     393
     211
     103
      46
      24
       8
       0
       2
       2
       2
       0
       2
       1
       1
       1
       1
       0
       1
       1
       0
       0
       0
       2
       2
       0
       2
       0
       0
       0
       0
       1
       1
       1
       0
       1
       2
       0
       0
       2
       1
       1
       0
       0
       1
       0
       0
       1
       2
       2
       1
       1
       1
       1
       0
       2
       1
       1
       0
       0
       1
       0
       0
       1
       0
       2
       3
       1
       0
       0
       1
       1
       1
       0
       2
       0
       0
       0
       0
       1
       1
       2
       1
       0
       0
       1
       2
       1
       2
       1
       0
       0
       1
       0
       1
       0
       1
       1
       0
       1
       0
       3
       2
       0
       0
       2
       0
       0
       0
       0
       0
       0
       0
       0
       0
       0
       1
       1
       1
       1
       1
       1
       0
       0
       1
       1
       1
       0
       1
       0
       0
       0
       2
       1
       0
       0
       0
       0
       2
       1
       1
       1
       0
       0
       0
       1
       0
       0
       2
       1
       1
       0
       0
       0
       2
       0
       1
       1
       1
       0
       1
       1
       0
       0
       0
       1
       1
       1
       1
       2
       1
       1
       2
       0
       2
       1
       0
       0
       2
       1
       2
       1
       1
       2
       0
       0
       0
       1
       0
       1
       2
       1
       0
       2
       1
       0
       1
       2
       0
       0
       2
       0
       1
       1
       0
       2
       0
       0
       0
       0
       1
       1
       2
       1
       3
       0
       0
       0
       0
       1
       1
       0
       0
       0
       0
       1
       2
       0
       0
       4
       0
       0
       1
       2
       0
       1
       0
       1
       0
       2
       1
       1
       1
       0
       2
       2
       0
       2
       0
       2
       1
       0
       0
       0
       0
       0
       0
       1
       1
       0
       0
       0
       0
       1
       1
       1
       1
       0
       0
       1
       0
       0
       0
       1
       0
       0
       0
       1
       2
       2
       0
       0
       0
       0
       0
       3
       0
       1
       1
       0
       1
       1
       1
       0
       1
       1
       0
       1
       0
       0
       1
       2
       1
       1
       1
       1
       1
       2
       2
       1
       2
       1
       1
       0
       1
       0
       0
       0
       0
       0
       1
       0
       1
       0
       0
       1
       0
       0
       0
       1
       0
       3
       1
       0
       0
       0
       1
       1
       1
       1
       0
       0
       1
       0
       2
       1
       0
       1
       2
       0
       0
       0
       0
       2
       1
       1
       0
       1
       0
       1
       0
       2
       1
       0
       0
       0
       1
       1
       1
       2
       3
       2
       0
       0
       0
       0
       2
       1
       0
       2
       1
       0
       0
       1
       1
       1
       0
       0
       0
       0
       0
       0
       1
       0
       0
       1
       2
       2
       2
       1
       1
       1
       0
       1
       0
       1
       0
       0
       1
       0
       0
       1
       1
       2
       0
       0
       1
       0
       0
       0
       1
       0
       0
       2
       1
       0
       1
       1
       2
       0
       0
       2
       0
       1
       0
       0
       1
       0
       3
       0
       0
       0
       0
       1
       1
       2
       5
       2
       3
       2
       3
       3
       3
       2
       1
       2
       2
       3
       0
       0
       0
       0
       0
       1
       0
       2
       1
       2
       2
       2
       0
       0
       0
       0
       0
       1
       0
       0
       0
       1
       0
       0
       0
       2
       0
       1
       1
       1
       1
       1
       0
       2
       0
       0
       2
       1
       1
       0
       1
       2
       1
       0
       0
       1
       0
       1
       0
       1
       0
       0
       0
       0
       0
       0
       0
       0
       2
       2
       0
       0
       1
       0
       1
       0
       0
       0
       1
       0
       1
       0
       0
       0
       0
       0
       0
       0
       0
       0
       0
       0
       2
       0
       0
       1
       1
       1
       2
       0
       0
       2
       0
       2
       2
       1
       0
       1
       0
       4
       2
       0
       0
       0
       1
       2
       0
       1
       3
       0
       1
       0
       1
       0
       0
       0
       1
       0
       0
       2
       0
       0
       0
       0
       1
       1
       1
       0
       2
       1
       1
       1
       0
       2
       1
       1
       1
       0
       0
       0
       3
       0
       0
       1
       1
       0
       1
       1
       0
       0
       0
       1
       0
       0
       0
       1
       2
       0
       1
       0
       1
       0
       1
       0
       1
       1
       0
       3
       0
       0
       0
       0
       0
       0
       0
       1
       2
       1
       1
       1
       0
       0
       0
       2
       3
       1
       0
       0
       0
       1
       2
       0
       1
       0
       0
       0
       0
       0
       3
       0
       1
       1
       1
       0
       0
       0
       0
       2
       0
       1
       0
       2
       0
       1
       0
       1
       0
       1
       1
       1
       0
       1
       1
       0
       0
       0
       1
       1
       0
       1
       0
       2
       0
       0
       1
       0
       1
       0
       1
       0
       1
       0
       0
       0
       0
       0
       0
       0
       0
       1
       1
       1
       0
       0
       1
       0
       0
       3
       1
       1
       0
       1
       1
       1
       2
       0
       1
       0
       1
       0
       3
       1
       1
       0
       0
       0
       1
       0
       0
       1
       0
       0
       1
       2
       3
       1
       0
       1
       0
       1
       0
       0
       2
       0
       0
       0
       1
       3
       1
       0
       0
       0
       0
       0
       0
       0
       1
       1
       0
       0
       2
       0
       0
       0
       2
       0
       3
       0
       0
       0
       0
       1
       0
       0
       2
       0
       1
       0
       2
       1
       1
       1
       4
       0
       2
       0
       0
       0
       0
       0
       0
       0
       2
       0
       1
       1
       0
       2
       1
       1
       0
       0
       1
       0
       0
       1
       0
       0
       1
       1
       1
       0
       1
       1
       0
       0
       1
       0
       0
       0
       1
       0
       0
       3
       0
       0
       1
       0
       0
       0
       1
       0
       1
       0
       0
       3
       1
       0
       1
       1
       0
       1
       1
       0
       0
       0
       0
       2
       0
       1
       0
       0
       0
       1
       0
       0
       0
       1
       0
       1
       0
       0
       1
       1
       1
       1
       1
       2
       0
       0
       1
       0
       0
       0
       0
       4
       0
       0
       0
       1
       0
       0
       0
       0
       2
       1
       0
       1
       0
       1
       0
       0
       1
       1
       0
       0
       0
       0
       2
       2
       0
       1
       1
       1
       2
       0
       0
       0
       2
       0
       1
       2
       1
       0
       0
       1
       0
       2
       1
       0
       0
       0
       0
       1
       2
       1
       0
       0
       1
       1
       0
       0
       0
       0
       1
       0
       0
       1
       1
       0
       0
       2
       0
       0
       1
       0
       1
       0
       1
       1
       1
       0
       0
       0
       0
       0
       1
       0
       1
       0
       0
       0
       0
       0
       0
       0
       1
       0
       1
       2
       0
       0
       1
       1
       1
       0
       0
       0
       1
       0
       1
       0
       0
       0
       0
       0
       0
       0
       1
       1
       0
       0
       1
       0
       0
       1
       0
       1
       0
       0
       0
       1
       0
       0
       1
       0
       0
       0
       0
       1
       0
       1
       0
       1
       0
       0
       1
       1
       0
       1
       1
       0
       0
       0
       0
       1
       0
       0
       3
       0
       0
       1
       1
       1
       2
       0
       0
       1
       0
       0
       1
       0
       0
       0
       1
       1
       0
       1
       0
       0
       1
       0
       0
       0
       0
       0
       0
       3
       0
       0
       0
       0
       0
       0
       0
       0
       0
       0
       0
       0
       1
       0
       0
       0
       0
       0
       1
       1
       0
       1
       0
       1
       2
       2
       0
       0
       0
       1
       0
       0
       1
       1
       0
       2
       0
       1
       0
       1
       0
       0
       0
       1
       0
       0
       0
       0
       0
       0
       1
       2
       0
       0
       0
       0
       0
       0
       0
       0
       0
       0
       0
       1
       0
       0
       0
       1
       0
       1
       0
       1
       0
       1
       0
       1
       0
       0
       0
       0
       0
       1
       1
       1
       0
       1
       0
       0
       0
       1
       1
       0
       0
       0
       0
       0
       1
       0
       0
       0
       0
       0
       0
       0
       0
       0
       1
       1
       0
       0
       0
       1
       1
       0
       0
       0
       0
       0
       1
       0
       0
       0
       0
       1
       1
       2
       0
       0
       0
       0
       1
       0
       0
       1
       0
       1
       1
       1
       0
       0
       1
       1
       2
       0
       2
       1
       1
       0
       0
       1
       1
       0
       0
       0
       0
       0
       0
       1
       0
       1
       0
       0
       0
       1
       2
       0
       1
       0
       0
       0
       1
       0
       0
       0
       0
       2
       0
       0
       0
       0
       1
       0
       1
       0
       0
       0
       0
       1
       0
       0
       0
       3
       1
       1
       0
       1
       0
       0
       0
       1
       1
       0
       0
       0
       0
       0
       1
       1
       0
       0
       1
       0
       0
       0
       0
       0
       0
       1
       0
       0
       0
       0
       0
       0
       0
       2
       0
       1
       1
       2
       1
       1
       0
       0
       1
       0
       1
       0
       0
       2
       0
       1
       0
       1
       0
       0
       0
       0
       2
       0
       0
       0
       0
       1
       0
       1
       0
       0
       1
       0
       1
       0
       0
       0
       0
       1
       1
       0
       0
       0
       0
       0
       1
       1
       0
       0
       0
       1
       0
       0
       0
       3
       0
       0
       1
       0
       0
       0
       0
       1
       0
       0
       0
       0
       0
       1
       0
       0
       0
       0
       0
       0
       0
       1
       1
       2
       0
       0
       0
       0
       1
       1
       0
       0
       1
       0
       1
       0
       0
       0
       0
       0
       0
       2
       1
       0
       0
       0
       0
       1
       0
       1
       0
       0
       0
       0
       0
       0
       1
       0
       0
       0
       1
       0
       0
       0
       0
       2
       0
       0
       1
       0
       0
       0
       1
       1
       0
       0
       0
       1
       0
       1
       1
       0
       0
       0
       0
       0
       1
       0
       0
       0
       0
       0
       0
       2
       0
       0
       0
       1
       1
       0
       0
       1
       0
       1
       0
       0
       0
       1
       0
       0
       0
       0
       0
       2
       1
       1
       0
       0
       0
       1
       1
       1
       0
       0
       1
       1
       1
       1
       0
       0
       1
       1
       1
       0
       0
       0
       1
       0
       0
       0
       0
       0
       0
       0
       2
       0
       0
       2
       1
       1
       0
       0
       0
       0
       0
       0
       0
       0
       0
       0
       0
       1
       1
       0
       0
       0
       0
       0
       0
       0
       1
       1
       0
       0
       1
       0
       1
       0
       1
       0
       0
       3
       0
       2
       0
       0
       1
       2
       1
       1
       1
       0
       2
       3
       3
       1
       3
       1
       0
       0
       1
       0
       2
       1
       0
       0
       2
       0
       0
       0
       2
       0
       0
       1
       0
       0
       0
       1
       0
       0
       0
       0
       0
       0
       1
       0
       0
       0
       0
       0
       0
       0
       0
       0
       0
       0
       1
       0
       2
       1
       0
       1
       0
       0
       0
       2
       0
       1
       1
       1
       1
       0
       1
       0
       0
       0
       0
       1
       0
       0
       1
       0
       1
       0
       0
       0
       0
       0
       2
       0
       1
       0
       0
       2
       0
       0
       1
       1
       2
       1
       2
       0
       0
       0
       0
       1
       0
       1
       1
       0
       1
       0
       0
       0
       0
       0
       0
       1
       0
       0
       0
       0
       1
       0
       1
       1
       0
       1
       0
       2
       0
       0
       0
       0
       0
       0
       0
       0
       1
       0
       0
       2
       0
       0
       0
       0
       0
       0
       1
       0
       1
       0
       0
       0
       1
       2
       0
       0
       0
       0
       0
       0
       0
       0
       0
       1
       0
       0
       0
       1
       0
       0
       1
       1
       1
       0
       3
       1
       0
       0
       0
       0
       2
       0
       1
       0
       1
       0
       0
       0
       0
       0
       0
       0
       1
       0
       0
       0
       0
       1
       1
       0
       0
       0
       1
       0
       0
       0
       0
       0
       2
       0
       0
       1
       1
       0
       1
       0
       0
       0
       0
       0
       0
       0
       0
       0
       0
       0
       1
       0
       0
       1
       0
       0
       0
       1
       1
       3
       0
       1
       0
       0
       0
       1
       0
       0
       1
       0
       0
       0
       0
       0
       0
       0
       0
       1
       0
       1
       1
       0
       0
       0
       1
       0
       1
       0
       0
       0
       0
       0
       1
       0
       0
       2
       0
       0
       0
       1
       0
       1
       0
       0
       1
       2
       0
       0
       1
       0
       1
       1
       0
       0
       0
       0
       1
       0
       0
       0
       1
       0
       1
       0
       1
       0
       1
       0
       1
       1
       0
       0
       0
       1
       1
       0
       0
       0
       0
       0
       2
       0
       1
       0
       0
       0
       1
       0
       0
       2
       0
       0
       2
       1
       0
       1
       0
       2
       1
       1
       0
       2
       1
       2
       0
       0
       0
       0
       0
       2
       0
       2
       1
       0
       0
       0
       0
       0
       1
       0
       1
       0
       0
       1
       0
       0
       0
       0
       0
       0
       2
       1
       0
       0
       1
       0
       0
       1
       0
       1
       1
       0
       1
       0
       0
       0
       0
       0
       1
       2
       0
       0
       1
       1
       0
       0
       0
       1
       0
       0
       0
       0
       0
       1
       1
       0
       0
       0
       0
       0
       1
       1
       0
       2
       0
       0
       0
       0
       0
       0
       0
       0
       0
       0
       1
       0
       1
       1
       0
       0
       0
       1
       0
       0
       0
       0
       0
       0
       0
       1
       0
       1
       0
       0
       2
       1
       0
       1
       0
       0
       1
       0
       1
       0
       0
       0
       0
       0
       0
       0
       2
       0
       0
       0
       0
       0
       0
       0
       0
       0
       0
       0
       0
       0
       1
       0
       0
       1
       0
       0
       1
       1
       1
       0
       0
       0
       1
       0
       1
       0
       0
       0
       0
       1
       0
       0
       1
       1
       0
       1
       0
       0
       0
       0
       0
       0
       0
       0
       0
       0
       0
       0
       1
       0
       0
       1
       0
       2
       0
       0
       1
       1
       1
       1
       0
       0
       0
       0
       0
       1
       1
       0
       1
       1
       2
       1
       0
       0
       0
       0
       0
       0
       0
       0
       0
       0
       0
       0
       0
       0
       0
       0
       0
       0
       1
       0
       0
       0
       0
       0
       0
       0
       0
       0
       0
       1
       0
       1
       0
       0
       1
       0
       0
       0
       1
       0
       1
       0
       0
       1
       0
       1
       0
       0
       1
       1
       0
       0
       0
       0
       0
       0
       0
       1
       1
       0
       0
       1
       0
       0
       0
       0
       1
       1
       0
       0
       0
       0
       0
       1
       0
       0
       0
       2
       0
       1
       0
       1
       0
       0
       0
       0
       1
       0
       0
       0
       0
       0
       1
       1
       0
       0
       0
       0
       1
       0
       0
       1
       0
       0
       1
       0
       1
       0
       1
       0
       0
       1
       1
       0
       0
       0
       0
       0
       0
       0
       0
       0
       0
       0
       0
       0
       0
       0
       0
       0
       0
       0
       1
       2
       0
       0
       0
       0
       0
       0
       2
       1
       0
       0
       1
       0
       0
       0
       0
       0
       1
       0
       0
       0
       2
       1
       2
       1
       1
       0
       0
       0
       0
       0
       0
       0
       1
       0
       1
       0
       0
       0
       0
       0
       0
       0
       2
       1
       0
       0
       1
       0
       0
       0
       0
       0
       0
       0
       0
       0
       1
       1
       1
       0
       0
       1
       0
       1
       0
       0
       0
       1
       1
       1
       0
       0
       1
       1
       0
       0
       1
       1
       0
       0
       0
       0
       0
       0
       0
       0
       0
       2
       0
       0
       0
       0
       0
       0
       1
       0
       0
       0
       0
       0
       0
       1
       1
       0
       0
       0
       0
       0
       0
       0
       1
       1
       1
       0
       1
       0
       1
       0
       0
       2
       0
       0
       0
       0
       0
       0
       0
       0
       0
       0
       0
       0
       1
       0
       1
       1
       1
       0
       0
       3
       0
       1
       0
       0
       0
       0
       0
       0
       0
       0
       0
       1
       0
       0
       2
       1
       1
       0
       1
       0
       0
       1
       0
       1
       0
       0
       0
       0
       0
       0
       0
       0
       0
       2
       0
       1
       0
       1
       0
       0
       0
       2
       0
       0
       1
       1
       0
       0
       0
       1
       1
       0
       0
       1
       0
       0
       0
       0
       0
       0
       0
       0
       1
       0
       0
       0
       0
       0
       0
       0
       0
       1
       0
       0
       1
       0
       0
       0
       0
       0
       0
       1
       0
       0
       0
       3
       0
       0
       0
       0
       0
       1
       1
       1
       0
       0
       0
       0
       0
       1
       0
       0
       0
       0
       0
       0
       1
       0
       0
       1
       2
       1
       2
       0
       0
       1
       0
       0
       0
       0
       0
       0
       0
       0
       1
       0
       1
       0
       0
       0
       0
       1
       0
       1
       0
       0
       0
       1
       0
       0
       0
       0
       0
       0
       0
       1
       0
       0
       0
       0
       0
       1
       0
       0
       1
       0
       0
       0
       0
       0
       0
       1
       0
       2
       1
       0
       0
       0
       0
       0
       0
       1
       0
       0
       0
       0
       0
       0
       0
       0
       1
       0
       0
       0
       0
       2
       0
       0
       0
       0
       1
       0
       0
       1
       0
       1
       0
       0
       1
       0
       0
       0
       0
       0
       0
       0
       0
       0
       0
       0
       0
       0
       1
       0
       1
       0
       1
       0
       0
       0
       1
       0
       1
       0
       0
       0
       0
       0
       0
       0
       1
       2
       0
       0
       0
       0
       0
       0
       1
       1
       0
       1
       0
       0
       0
       0
       0
       0
       0
       0
       0
       0
       0
       0
       0
       0
       1
       1
       1
       0
       0
       0
       0
       0
       0
       0
       1
       1
       0
       0
       0
       0
       0
       0
       0
       0
       0
       1
       0
       0
       0
       0
       0
       0
       1
       1
       0
       0
       0
       0
       0
       0
       0
       0
       0
       0
       0
       0
       1
       0
       1
       1
       0
       0
       0
       1
       1
       1
       0
       1
       0
       0
       0
       0
       0
       0
       0
       0
       0
       0
       1
       0
       2
       0
       0
       0
       0
       1
       0
       0
       0
       0
       1
       0
       0
       0
       0
       0
       0
       0
       0
       0
       1
       0
       0
       2
       0
       0
       1
       0
       0
       0
       1
       0
       0
       0
       0
       0
       0
       1
       0
       1
       0
       0
       0
       0
       1
       0
       1
       0
       0
       1
       2
       0
       0
       0
       0
       0
       1
       0
       0
       0
       0
       0
       0
       1
       0
       0
       0
       0
       0
       0
       0
       0
       0
       1
       0
       0
       0
       1
       0
       0
       0
       0
       0
       1
       0
       0
       0
       0
       0
       0
       0
       0
       0
       0
       1
       0
       2
       0
       1
       0
       0
       0
       1
       0
       0
       0
       0
       0
       0
       1
       0
       0
       0
       0
       0
       0
       0
       1
       1
       1
       0
       0
       0
       0
       0
       1
       0
       1
       0
       0
       0
       0
       1
       0
       0
       0
       0
       0
       0
       0
       0
       0
       0
       0
       0
       1
       0
       0
       1
       0
       0
       1
       0
       0
       0
       1
       0
       1
       0
       0
       0
       1
       0
       0
       0
       0
       1
       0
       0
       0
       1
       0
       0
       0
       2
       0
       0
       0
       0
       0
       0
       0
       0
       0
       2
       0
       0
       0
       0
       0
       0
       1
       0
       0
       0
       0
       0
       0
       0
       0
       0
       0
       0
       0
       0
       0
       0
       1
       1
       0
       0
       1
       0
       0
       0
       1
       0
       0
       0
       0
       0
       0
       1
       0
       0
       0
       1
       0
       0
       0
       1
       0
       0
       0
       1
       1
       0
       0
       0
       0
       0
       0
       0
       0
       0
       1
       0
       0
       0
       0
       0
       0
       0
       0
       0
       0
       2
       1
       0
       0
       0
       1
       0
       1
       0
       0
       0
       0
       1
       0
       0
       0
       0
       0
       0
       0
       0
       0
       1
       0
       1
       0
       0
       0
       0
       0
       1
       1
       0
       1
       0
       0
       0
       0
       0
       0
       0
       1
       0
       1
       0
       0
       0
       1
       0
       1
       0
       0
       0
       0
       0
       0
       0
       0
       0
       1
       0
       0
       0
       0
       0
       0
       1
       0
       0
       0
       1
       0
       0
       0
       0
       0
       0
       0
       1
       1
       1
       2
       0
       1
       1
       1
       0
       1
       0
       0
       0
       0
       0
       0
       0
       0
       0
       0
       0
       0
       0
       0
       0
       0
       0
       0
       0
       0
       0
       0
       1
       0
       1
       0
       0
       1
       0
       0
       0
       0
       0
       0
       0
       1
       0
       0
       0
       0
       0
       0
       1
       1
       0
       0
       1
       1
       0
       0
       0
       0
       0
       0
       0
       0
       1
       0
       1
       0
       0
       1
       0
       0
       1
       0
       1
       0
       0
       0
       0
       1
       0
       1
       0
       0
       0
       1
       0
       0
       0
       0
       0
       0
       0
       0
       0
       0
       4
       0
       0
       1
       0
       0
       0
       0
       0
       1
       0
       0
       0
       1
       2
       0
       0
       0
       0
       1
       0
       0
       2
       1
       0
       0
       0
       0
       1
       1
       0
       0
       0
       1
       1
       0
       0
       0
       0
       0
       0
       0
       0
       0
       0
       2
       0
       1
       0
       0
       0
       0
       0
       0
       1
       0
       0
       0
       0
       0
       0
       0
       0
       0
       0
       0
       0
       0
       0
       0
       0
       1
       0
       0
       0
       0
       0
       0
       2
       0
       1
       1
       1
       0
       0
       2
       0
       1
       0
       0
       1
       1
       1
       0
       0
       0
       0
       1
       0
       0
       1
       0
       0
       1
       0
       0
       0
       1
       1
       0
       1
       0
       0
       0
       0
       0
       0
       1
       0
       0
       0
       0
       0
       1
       1
       0
       0
       0
       0
       0
       0
       0
       0
       0
       0
       0
       0
       0
       0
       0
       0
       0
       1
       2
       0
       0
       1
       0
       0
       0
       0
       0
       0
       0
       0
       0
       0
       0
       0
       0
       0
       1
       0
       0
       0
       1
       0
       0
       0
       1
       0
       0
       1
       1
       0
       1
       0
       0
       0
       1
       0
       0
       0
       0
       0
       0
       0
       0
       0
       0
       0
       0
       0
       0
       0
       0
       0
       0
       0
       0
       0
       0
       0
       0
       0
       0
       0
       0
       0
       0
       0
       0
       0
       0
       0
       0
       0
       0
       0
       0
       0
       0
       0
       0
       0
       0
       0
       0
       0
       0
       0
       0
       0
       0
       0
       0
       0
       0
       0
       0
       0
       0
       0
       0
       0
       0
       0
       0
       0
       0
       0
       0
       0
       0
       0
       0
       0
       0
       0
       0
       0
       0
       0
       0
       0
       0
       0
       0
       0
       0
       0
       0
       0
       0
       0
       0
       0
       0
       0
       0
       0
       0
       0
       0
       0
       0
       0
       0
       0
       0
       0
       0
       0
       0
       0
       0
       0
       0
       0
       0
       0
       0
       0
       0
       0
       0
       0
       0
       0
       0
       0
       0
$ROI:
0
$PRESETS:
None
0
0
$ENER_FIT:
-2.173939 0.279251
$MCA_CAL:
3
-2.173939E+000 2.792507E-001 0.000000E+000 keV
$SHAPE_CAL:
3
1.571259E+001 -1.155430E-003 0.000000E+000
