$SPEC_ID:
226Ra
$SPEC_REM:
DET# 1
DETDESC# MCB 132 Input 1
AP# Maestro Version 6.06
$DATE_MEA:
10/26/2021 11:21:29
$MEAS_TIM:
5177 5189
$DATA:
0 8191
       0
       0
       0
       0
       0
       0
       0
       0
       0
       0
       0
       0
       0
       0
       0
       0
       0
       0
       0
       0
       0
       0
       0
       0
       0
       3
     806
    2153
     494
     324
     341
     337
     348
     380
     380
     400
     428
     405
     416
     393
     409
     429
     409
     379
     387
     386
     384
     371
     365
     374
     378
     343
     362
     388
     378
     360
     345
     323
     330
     347
     365
     325
     344
     351
     332
     327
     337
     298
     347
     321
     354
     342
     326
     329
     351
     355
     349
     313
     288
     292
     306
     306
     305
     309
     326
     316
     315
     307
     344
     313
     298
     262
     300
     305
     314
     336
     315
     301
     288
     289
     278
     304
     282
     313
     282
     294
     308
     278
     295
     272
     269
     292
     257
     259
     256
     276
     260
     266
     267
     276
     300
     290
     278
     292
     294
     245
     277
     279
     268
     265
     288
     270
     233
     287
     271
     301
     295
     248
     292
     278
     325
     279
     321
     297
     260
     285
     267
     280
     304
     260
     282
     271
     278
     278
     276
     281
     270
     256
     285
     265
     274
     287
     258
     257
     270
     244
     301
     267
     250
     272
     279
     273
     292
     255
     267
     294
     249
     299
     265
     274
     256
     275
     260
     249
     260
     265
     280
     265
     268
     295
     246
     254
     258
     259
     258
     234
     267
     241
     275
     225
     249
     271
     289
     250
     244
     257
     263
     254
     235
     225
     297
     252
     299
     256
     275
     291
     238
     265
     272
     238
     223
     273
     255
     268
     263
     270
     252
     269
     270
     272
     239
     289
     262
     254
     226
     276
     254
     270
     262
     274
     243
     265
     247
     280
     268
     255
     275
     270
     252
     257
     286
     269
     265
     256
     290
     292
     294
     264
     278
     254
     245
     290
     273
     292
     278
     315
     357
     370
     321
     290
     270
     302
     281
     334
     369
     435
     390
     341
     286
     249
     281
     257
     266
     250
     256
     275
     286
     280
     298
     258
     262
     279
     275
     304
     288
     289
     269
     271
     277
     285
     261
     262
     265
     290
     293
     297
     303
     318
     335
     354
     371
     379
     352
     308
     278
     275
     296
     309
     338
     345
     293
     306
     319
     278
     297
     303
     284
     268
     326
     271
     306
     260
     300
     350
     295
     295
     319
     275
     289
     345
     346
     305
     314
     292
     289
     302
     287
     320
     322
     294
     294
     318
     328
     313
     319
     324
     311
     309
     318
     335
     331
     290
     304
     293
     304
     316
     317
     346
     329
     300
     318
     349
     313
     311
     353
     330
     328
     325
     315
     337
     326
     332
     325
     301
     302
     351
     316
     336
     315
     320
     348
     344
     337
     324
     316
     349
     349
     348
     346
     357
     321
     339
     376
     367
     340
     317
     312
     332
     329
     367
     332
     355
     328
     342
     316
     323
     338
     314
     343
     352
     367
     313
     357
     355
     335
     343
     387
     316
     329
     336
     365
     346
     344
     353
     341
     345
     368
     342
     335
     361
     352
     344
     360
     362
     362
     353
     348
     377
     371
     343
     354
     365
     330
     387
     372
     371
     366
     368
     374
     396
     365
     378
     355
     377
     383
     377
     368
     412
     392
     374
     390
     382
     350
     407
     371
     369
     392
     370
     385
     383
     368
     370
     382
     384
     377
     377
     401
     396
     374
     354
     381
     367
     371
     390
     366
     370
     383
     402
     408
     381
     413
     419
     386
     405
     393
     391
     426
     421
     385
     383
     401
     419
     421
     391
     410
     392
     397
     416
     370
     425
     405
     444
     398
     407
     453
     384
     429
     406
     410
     419
     407
     415
     460
     427
     394
     379
     394
     384
     421
     402
     371
     428
     426
     424
     418
     374
     428
     389
     444
     389
     417
     392
     417
     407
     407
     430
     372
     402
     381
     415
     380
     384
     418
     341
     398
     388
     357
     385
     415
     401
     370
     398
     390
     393
     392
     405
     412
     409
     370
     414
     384
     396
     387
     425
     402
     421
     400
     380
     389
     424
     371
     380
     386
     432
     400
     376
     412
     422
     409
     354
     400
     409
     380
     390
     391
     372
     374
     402
     391
     394
     407
     392
     391
     376
     396
     395
     388
     399
     380
     378
     358
     416
     366
     374
     372
     337
     381
     392
     384
     380
     358
     398
     379
     364
     409
     375
     388
     386
     375
     373
     378
     350
     342
     353
     373
     347
     374
     361
     390
     385
     386
     374
     371
     351
     376
     368
     363
     354
     343
     359
     324
     339
     368
     346
     379
     357
     374
     369
     349
     352
     329
     392
     351
     393
     366
     359
     343
     331
     373
     344
     351
     336
     342
     315
     337
     345
     341
     323
     358
     380
     342
     322
     349
     351
     351
     356
     343
     344
     326
     308
     352
     346
     337
     343
     299
     329
     343
     327
     340
     316
     330
     339
     349
     328
     326
     349
     309
     324
     276
     354
     282
     348
     323
     336
     308
     313
     325
     295
     288
     332
     309
     329
     335
     338
     320
     327
     330
     291
     304
     309
     362
     310
     346
     310
     325
     360
     310
     339
     321
     360
     301
     325
     327
     361
     346
     296
     351
     366
     296
     352
     347
     377
     340
     388
     329
     355
     358
     347
     366
     354
     385
     357
     381
     384
     397
     392
     372
     348
     378
     407
     368
     357
     386
     406
     362
     406
     393
     399
     385
     374
     378
     409
     351
     406
     354
     392
     405
     380
     389
     379
     340
     380
     357
     394
     354
     407
     362
     353
     381
     401
     425
     370
     376
     369
     368
     389
     393
     354
     366
     375
     416
     372
     382
     375
     348
     396
     360
     390
     356
     363
     363
     372
     386
     329
     363
     348
     334
     347
     363
     337
     344
     343
     361
     381
     337
     349
     392
     346
     356
     379
     373
     341
     337
     358
     343
     351
     347
     369
     353
     354
     365
     333
     368
     349
     342
     332
     340
     351
     338
     346
     364
     340
     364
     321
     357
     299
     319
     360
     356
     328
     353
     359
     373
     353
     334
     338
     350
     366
     351
     340
     340
     346
     350
     334
     374
     309
     350
     341
     326
     339
     312
     350
     346
     298
     307
     316
     326
     352
     308
     298
     327
     305
     322
     333
     312
     311
     304
     336
     318
     315
     291
     313
     324
     313
     320
     315
     283
     312
     341
     277
     323
     308
     298
     330
     314
     297
     304
     297
     299
     348
     302
     302
     293
     319
     311
     306
     341
     294
     301
     339
     303
     299
     308
     298
     316
     322
     306
     309
     300
     316
     322
     310
     318
     296
     311
     339
     309
     286
     303
     318
     307
     296
     352
     275
     299
     310
     300
     283
     303
     286
     291
     307
     286
     309
     311
     290
     302
     278
     317
     351
     284
     263
     288
     269
     286
     311
     276
     257
     288
     276
     315
     296
     275
     282
     266
     283
     282
     290
     269
     307
     282
     311
     272
     284
     273
     262
     290
     271
     306
     284
     274
     300
     265
     268
     288
     294
     337
     279
     274
     268
     294
     279
     305
     277
     295
     288
     280
     291
     263
     272
     278
     281
     308
     276
     279
     294
     255
     297
     269
     290
     297
     275
     259
     255
     302
     282
     270
     289
     282
     272
     277
     299
     283
     291
     249
     276
     308
     283
     278
     293
     265
     271
     272
     264
     261
     263
     289
     270
     267
     270
     258
     280
     254
     257
     282
     275
     251
     247
     276
     265
     263
     257
     239
     277
     249
     253
     265
     261
     294
     264
     271
     246
     255
     285
     262
     270
     240
     237
     238
     286
     247
     260
     257
     234
     262
     239
     246
     275
     284
     283
     281
     309
     252
     267
     236
     271
     269
     252
     267
     276
     235
     249
     225
     249
     235
     226
     251
     269
     251
     241
     233
     242
     255
     242
     214
     244
     250
     237
     245
     239
     260
     245
     238
     239
     226
     227
     239
     239
     244
     261
     234
     231
     218
     254
     236
     232
     240
     247
     248
     241
     201
     208
     219
     224
     258
     208
     241
     237
     249
     217
     235
     214
     222
     227
     264
     236
     221
     204
     225
     252
     235
     226
     233
     223
     230
     232
     221
     255
     218
     240
     224
     187
     199
     217
     244
     203
     221
     208
     210
     218
     215
     220
     220
     228
     213
     208
     231
     220
     232
     212
     204
     202
     215
     235
     215
     235
     218
     210
     219
     217
     206
     221
     219
     222
     258
     204
     225
     238
     247
     192
     222
     222
     217
     192
     201
     194
     205
     223
     204
     182
     244
     208
     228
     193
     201
     189
     201
     184
     220
     218
     197
     218
     222
     205
     181
     199
     223
     190
     201
     191
     219
     211
     207
     195
     216
     186
     212
     205
     210
     191
     215
     180
     205
     229
     196
     194
     204
     191
     229
     203
     214
     192
     225
     207
     187
     167
     183
     212
     186
     192
     170
     208
     183
     216
     191
     189
     184
     206
     188
     202
     207
     160
     196
     189
     197
     176
     169
     165
     188
     176
     192
     165
     193
     190
     176
     212
     166
     186
     168
     172
     203
     199
     187
     193
     165
     193
     193
     175
     169
     165
     171
     180
     175
     179
     188
     206
     190
     175
     164
     184
     167
     170
     171
     169
     179
     180
     174
     182
     186
     192
     196
     186
     171
     178
     150
     172
     156
     185
     174
     172
     188
     190
     164
     200
     198
     167
     162
     178
     186
     167
     185
     160
     186
     172
     183
     168
     204
     177
     183
     186
     180
     185
     182
     181
     156
     176
     185
     199
     154
     152
     174
     166
     146
     195
     165
     170
     164
     156
     176
     199
     173
     169
     171
     159
     175
     158
     176
     163
     185
     142
     171
     164
     175
     150
     170
     148
     199
     157
     175
     174
     153
     155
     168
     164
     177
     184
     162
     184
     148
     176
     159
     129
     156
     159
     181
     196
     148
     153
     175
     159
     161
     146
     160
     143
     177
     147
     172
     181
     154
     147
     145
     159
     157
     164
     171
     156
     131
     167
     166
     156
     168
     140
     156
     162
     154
     139
     167
     171
     148
     163
     150
     167
     165
     153
     161
     152
     165
     163
     156
     137
     156
     167
     151
     160
     150
     160
     156
     151
     154
     156
     137
     167
     166
     146
     155
     136
     155
     160
     149
     156
     138
     154
     155
     147
     170
     145
     121
     172
     171
     157
     155
     162
     159
     158
     147
     157
     152
     154
     130
     127
     147
     143
     133
     157
     147
     156
     156
     150
     159
     142
     157
     132
     143
     147
     141
     143
     140
     144
     149
     135
     133
     166
     166
     129
     150
     133
     151
     141
     155
     143
     146
     124
     153
     131
     151
     138
     134
     129
     154
     129
     136
     149
     168
     144
     141
     159
     140
     145
     151
     155
     137
     141
     151
     154
     157
     121
     150
     136
     152
     142
     122
     153
     123
     133
     122
     157
     135
     156
     134
     143
     122
     130
     144
     138
     117
     127
     136
     130
     121
     141
     130
     156
     139
     120
     126
     162
     131
     136
     147
     134
     126
     124
     127
     152
     139
     112
     150
     124
     125
     121
     135
     141
     133
     147
     115
     119
     133
     125
     121
     123
     136
     129
     121
     116
     113
     120
     116
     136
     149
     139
     138
     140
     123
     147
     115
     121
     116
     127
     131
     139
     137
     121
     111
     145
     112
     136
     118
     129
     137
     123
     136
     108
     122
     120
     122
     110
     114
     131
     116
     132
     116
     111
     127
     123
     129
     136
     143
     115
     141
     131
     132
     129
     124
     130
     111
     132
     141
     133
     119
     123
     122
     106
     139
     124
     112
     121
     107
     127
     123
     122
     138
     121
     134
     125
      96
     123
     116
     137
     136
     125
     110
     121
     123
     115
     116
     126
     135
     137
      99
     104
     101
     111
     116
     128
     111
     112
     123
     136
     122
     121
     131
     138
     135
     112
     136
     124
     113
     113
     119
     118
     117
     121
     122
     129
     118
     129
      98
     126
     123
     117
     128
     129
     116
     117
     132
     112
      98
     111
     111
     127
     117
     105
     122
     119
     120
     109
     127
      99
     114
     115
     109
     121
     128
     122
     132
     107
     107
     130
     122
     127
     135
     103
     107
     110
     100
     103
     127
     129
     109
     100
     108
     111
     121
     119
     108
     129
     114
     107
     106
     118
     126
     123
     103
     106
     120
     103
     129
     114
     115
     104
     105
     117
     120
     120
     111
     128
     101
     122
     118
     111
     108
     107
     134
     147
     147
     156
     156
     197
     157
     134
     176
     157
     145
     176
     124
     152
     118
     121
     112
     106
     118
     124
     107
     100
     115
     107
     104
     109
     102
     124
      81
      91
     122
      94
      93
     110
      89
     123
     114
     114
     104
     112
     115
     100
     109
     108
     106
     117
     109
     117
     124
     104
     108
     104
     103
      97
     106
     101
     101
     100
     102
      95
     100
     105
      99
      99
     119
     101
      95
     105
     111
      91
     102
     107
      91
     106
     100
     121
     119
     103
     107
      88
     114
     130
     129
     104
     108
     100
     116
      85
      94
     105
     102
     103
     118
     105
     104
     101
      90
      98
     109
     101
     100
     117
     100
      91
      97
     109
      82
      80
     108
     105
     109
      94
      98
     103
      89
     104
      94
     105
     100
      92
      97
     102
      93
     103
      96
     108
      86
      91
      94
      99
      93
      93
     101
      95
      96
     116
      97
     103
      92
      83
     109
     113
      99
     112
      82
      98
     110
     118
      97
     106
     102
      98
     128
      81
     103
      81
      85
     100
      88
     108
      98
     128
      96
      85
      97
     121
      99
      96
     105
      87
      75
      94
      86
      87
     108
     109
     102
      97
     105
     100
     113
     100
      81
     103
     106
      97
      92
      91
      87
      93
      89
      84
     101
      91
      92
      98
      91
      85
      97
      93
      89
     105
      86
     106
      94
      82
      87
     103
     114
      89
     107
     118
      79
      89
      95
     100
      96
      99
      92
      95
      99
     100
     100
      90
      99
     105
     103
      81
      82
      91
      89
      92
      99
      94
     102
      99
      80
     112
      92
      84
      92
      82
      86
      93
      94
      77
      77
      95
     106
      91
      99
      93
      97
     101
      90
      97
      96
      81
      77
      63
     104
      94
      95
      86
      78
      85
      91
      90
      93
      96
      79
      74
     101
     101
      98
      95
      88
      78
      99
      99
      97
      92
      98
      87
      91
      88
      85
      94
     114
      85
      86
      95
      97
      89
     103
     102
      86
      92
     104
      71
     109
      93
      78
      91
      92
      88
      87
      98
      90
     100
      85
      82
      93
     103
      91
      92
      99
      90
      83
     100
      95
      96
      81
      95
     101
      87
      79
      92
      71
      93
      85
      84
      85
      85
      97
      86
     103
      81
      98
      84
     106
     103
      86
      79
      88
      82
      86
      96
      95
     103
      88
      79
      83
     107
      94
      99
      92
     102
      99
      87
      94
     101
      88
      98
      97
     100
      99
      95
     111
      84
     103
      84
      93
      79
      92
     107
      98
      86
     111
     108
      84
      87
      89
      76
     105
      99
      84
      93
     100
     104
     102
     111
      86
      87
     117
     100
      81
      80
     100
      82
      63
      72
      84
      93
      94
      92
      93
      89
      97
      89
      88
      87
      87
      92
     101
      82
      88
      97
      78
      84
     101
      77
      86
      85
     104
      97
     102
     100
     105
      92
      86
     111
      80
      95
      88
      85
     101
      88
      85
      85
     105
      85
     100
      80
     103
      74
      79
      91
      83
     106
     108
      93
      85
     102
     102
      90
      83
      84
      86
      89
     106
     101
      90
     103
      79
      86
      85
      90
      85
      80
      94
      96
      70
      70
      81
      96
      95
      81
      82
      92
     110
      88
     105
     101
      89
      89
      83
      86
      87
     106
      94
      75
      99
      83
      96
      93
      78
      97
      98
      94
      96
      89
     106
      90
     100
      96
      87
      68
      99
      84
      95
      96
      74
      75
      85
      91
      81
      91
      71
      95
      96
      71
      95
     105
      87
      90
      98
      97
      74
      78
      83
      97
      74
      69
      90
      96
     105
      79
      98
      73
      98
      85
      89
      98
     104
      96
      86
      95
      96
     104
      92
      88
     112
     100
      90
      94
      95
      89
      81
     115
      99
      72
      87
      82
      89
      86
      97
      85
      94
      91
      95
      96
      92
     101
      78
      95
      91
      94
      77
      91
      89
      81
      79
      89
      87
      90
      96
      81
     107
      91
      96
      97
      84
     101
     106
      93
      91
     100
      77
      91
      98
      87
      98
      85
     106
      92
      96
      91
      83
      99
      92
      84
      98
      90
      85
      94
      93
      90
     101
      90
      96
      69
      97
      88
      88
      94
      92
      92
      91
      96
      83
      89
      86
      84
      99
      85
     101
      97
      94
      81
      94
      90
      99
      92
      96
      98
      88
      94
      77
      97
     109
      92
      79
      95
     100
      82
      75
     113
      90
      94
      84
      93
      92
      95
      99
      82
      88
      84
      84
      94
      85
      88
      77
      93
      93
      95
      88
      88
     102
      90
      97
      83
     102
     100
      94
      94
      78
      88
     100
      95
      70
      97
     101
     105
      94
     100
     100
      85
      85
     102
      95
      82
      88
      95
      94
     101
      95
      91
     101
      78
      96
      88
      91
     101
     103
      86
      83
      87
      96
      84
      96
     104
      97
      83
      93
     113
      82
      76
      93
      85
      91
      95
      91
      92
      92
      83
      96
      93
      77
      85
      84
     106
      84
      79
      88
      87
      81
     108
      79
      92
      88
      90
      78
      96
      87
     105
      92
      91
      91
      86
      91
     100
      89
     113
     110
     100
     111
      99
     100
      94
     100
      94
      79
      77
     105
      99
      84
      86
      95
      91
     118
     106
      81
     110
      97
      87
      86
     115
     105
      81
     101
     103
      89
      88
      79
      89
      96
     104
      90
     105
      89
      84
     110
      97
      94
      89
     105
      90
     101
      90
      93
     107
      84
      93
     107
      91
      96
      92
      96
     106
      91
     119
      87
      85
      98
      86
     110
      88
      97
      92
      90
     107
      93
      93
      83
      96
      91
      85
     100
     110
      88
     103
      80
     101
     101
      91
      86
      97
      92
      86
      92
     103
      87
     106
     104
      93
      89
     107
     103
     116
     110
     114
      84
     105
      98
      87
      90
     109
      96
     120
      75
     112
     104
     108
      92
     105
      96
     102
     114
      79
     101
     101
      98
      92
     118
      78
     104
     105
     100
      90
     114
     107
      92
      96
     105
     105
      71
     100
      85
      76
      96
      97
     115
     106
      94
      89
      88
     102
     107
      94
      88
      85
     110
      89
     102
     106
      92
     118
      84
     116
     106
      72
      99
     114
      95
      99
      98
     108
      89
     100
      97
      84
     111
     107
      98
      95
     108
     104
     110
     119
     101
     101
     100
     104
      84
     105
     118
     100
     102
     103
      96
     103
     104
      95
     109
      84
     107
      90
      98
     103
      94
     101
      99
     105
      99
     109
      87
     110
     114
      94
      89
     105
      83
     101
     108
      87
     107
     110
     111
     103
     114
     108
     121
     100
      87
      97
     101
     122
     110
     107
     105
      86
     108
      94
     111
      92
      99
      94
      97
     105
     123
     101
     113
     113
     103
      88
     107
      96
      97
     121
      79
     110
     102
      99
     117
     104
      96
     106
     104
     100
      92
      88
     109
     100
     102
     108
      97
      98
      89
     111
     119
     130
     102
     123
     111
      88
      97
     104
     110
     109
     105
     109
     106
     103
     113
      97
     115
      89
     112
      73
      96
      97
     109
     107
     113
     113
     120
     110
     105
      97
     115
     110
     112
     107
      95
     127
      99
     108
     106
     123
     110
      94
      95
     120
     112
      99
      92
      98
     119
     112
     103
      97
     120
      99
     111
     112
     109
     101
     135
     109
     121
     114
     118
     110
     116
      95
     120
     114
     118
     109
     112
     116
     119
     108
     111
     114
     110
     117
     108
      93
     101
     111
     124
     117
     116
     131
     134
     107
     124
     137
     128
     104
     137
     127
     113
     117
     133
     110
     121
     107
      97
      98
     125
     134
     110
     125
     114
     118
     117
     112
     117
     111
     102
     126
      95
     110
     100
     109
     118
      99
     107
     121
     110
     126
     120
     124
     117
     110
      90
      98
     116
     111
      98
     109
     104
     126
      91
     104
     131
      97
     104
     127
     106
     117
     107
      83
     113
      91
     125
     117
     114
     119
     125
     105
     118
     145
     112
     109
      89
     122
     133
     129
     116
     105
     102
     122
     138
     121
     115
     102
     114
     116
     111
      95
     113
     127
     112
     124
     111
      98
     123
      97
     133
     125
     115
     120
     122
     111
      98
     104
     119
     106
     118
     108
     116
     108
     115
     103
     111
     131
     124
     119
     120
     130
      96
     110
     109
     112
     115
     126
     113
     123
     115
     118
     122
     110
     129
     132
     129
     117
     120
      93
     113
     120
     138
     126
     120
     132
     114
     136
     121
     145
     131
     117
     108
     121
      97
     132
     122
     116
     125
     139
     125
     127
     123
     137
     118
     119
     126
     129
     134
     132
     125
     144
     144
     143
     114
     133
     129
     131
     111
     146
     139
     136
     121
     137
     144
     136
     133
     120
     108
     133
     129
     109
     122
     134
     125
     125
     120
     125
     122
     132
     129
     141
     133
     139
     108
     126
     132
     120
     144
     126
     147
     140
     140
     137
     133
     149
     124
     119
     137
     145
     146
     128
     141
     135
     144
     125
     127
     130
     142
     131
     136
     140
     148
     149
     115
     142
     144
     123
     146
     148
     146
     128
     171
     142
     133
     128
     136
     132
     158
     156
     122
     133
     136
     151
     154
     131
     130
     134
     140
     141
     128
     139
     139
     150
     157
     127
     140
     132
     151
     145
     132
     136
     137
     157
     120
     158
     133
     146
     159
     122
     152
     164
     161
     146
     142
     148
     144
     135
     151
     162
     169
     156
     131
     148
     136
     163
     150
     152
     144
     147
     134
     154
     153
     153
     163
     132
     162
     143
     137
     166
     140
     143
     132
     142
     135
     151
     152
     139
     154
     156
     136
     173
     124
     164
     164
     162
     134
     158
     124
     142
     143
     142
     155
     144
     157
     131
     160
     138
     159
     160
     134
     134
     121
     124
     154
     158
     161
     173
     160
     158
     164
     151
     154
     165
     149
     122
     142
     151
     159
     140
     172
     156
     162
     153
     144
     174
     157
     137
     148
     152
     147
     144
     181
     153
     153
     161
     138
     164
     140
     159
     148
     121
     157
     168
     162
     156
     158
     157
     150
     157
     157
     139
     156
     153
     188
     168
     188
     145
     152
     169
     174
     175
     190
     139
     180
     163
     167
     160
     155
     131
     164
     177
     156
     163
     169
     171
     167
     164
     160
     172
     151
     159
     167
     149
     175
     171
     186
     148
     151
     166
     172
     160
     183
     140
     159
     157
     174
     171
     154
     145
     163
     165
     168
     169
     164
     154
     163
     136
     139
     156
     193
     169
     171
     175
     184
     155
     154
     187
     162
     177
     164
     163
     180
     173
     162
     173
     163
     179
     188
     164
     169
     156
     181
     179
     153
     158
     164
     161
     180
     172
     171
     170
     193
     176
     185
     164
     138
     161
     149
     182
     185
     182
     160
     187
     141
     152
     164
     167
     164
     154
     165
     183
     142
     156
     158
     182
     186
     185
     168
     174
     144
     139
     143
     138
     156
     130
     133
     134
     161
     147
     139
     140
     147
     145
     137
     133
     148
     138
     110
     130
     129
     135
     122
     119
     136
     137
     124
     136
     122
     134
     132
     132
     124
     121
     145
     100
     122
     143
     133
     129
     126
     148
     120
     134
     133
     120
     132
     127
     122
     155
     129
     137
     115
     130
     136
     106
     123
     132
     142
     123
     128
     136
      92
     106
     134
     138
     136
     143
     111
      99
     156
     114
     121
     127
     109
     123
     134
     109
     122
     136
     128
     142
     126
     118
     129
     123
     112
     113
     115
     130
     126
     123
     120
     116
     119
     124
     109
     104
     110
      98
     108
     117
      93
     140
     122
     114
     121
     108
     116
     126
     119
     138
     107
     114
     107
     106
     111
     121
     108
     134
     125
     136
     104
     119
     104
     127
     139
     127
     123
     115
     139
     114
     119
     117
      99
     131
     112
      99
     101
     113
     130
     125
     118
     132
     113
     134
     116
     116
     120
     104
     111
     119
     112
     118
     120
     127
     135
     116
     106
     118
     115
     131
     110
     124
     123
      84
     116
     117
     127
     121
     125
     115
     136
     108
     110
     105
      94
     130
      96
     127
     114
     113
     116
     120
     128
     122
     117
     122
     127
      91
     122
     109
     100
     113
      94
     104
     113
     112
     116
      97
     104
     114
     109
     119
     128
     109
     114
     107
     109
      94
     106
     113
     112
      95
     120
     110
      98
     124
     107
     117
     114
     115
     102
     118
     123
     104
     102
      91
     127
      97
     111
     124
     131
     108
     120
     108
     129
     104
     106
     127
     108
     103
     119
     114
     119
     113
     128
     101
      92
     106
      92
     115
     121
     107
     113
      94
     105
     107
     118
     102
     112
     111
     102
     100
     117
      94
     120
      99
     100
     112
      94
     103
     116
     129
      91
     102
     121
     126
     120
      98
      99
     114
      99
     103
      96
     115
     109
      99
     108
     111
     102
     123
     101
     119
     122
     107
     104
     112
      93
      99
     112
     113
     123
     127
      98
     104
     109
     110
     107
     120
     118
     104
     102
     115
     117
     114
     107
     110
     118
      99
      92
     101
     108
      88
      98
     101
      86
     107
     114
     110
      99
     110
     102
      89
     103
     119
     110
      99
     100
      96
      97
     106
     109
     100
     102
     116
     104
     105
     117
     109
     117
      95
     118
     108
     112
     112
     112
     102
     110
      71
      99
      97
     121
     119
      90
     112
      96
     101
      96
     108
     120
      98
     108
     104
     101
      93
      84
     105
      91
      96
     113
      76
     110
     110
      91
     115
     130
     116
     120
     102
      93
     115
     111
     114
     114
      81
     100
     109
      93
     110
      93
     104
     101
     102
     110
      98
     111
     108
     122
      96
      99
     119
     102
      98
     110
      93
     111
     121
     107
     101
     115
     101
     116
      93
     113
      90
     111
     129
     104
     121
     101
     101
     101
     103
     105
     109
     108
     111
     111
     123
      99
     111
     116
     111
     122
     105
     103
     115
      95
     101
     109
     112
     114
     116
     111
      90
     108
     104
     107
     118
      98
     101
     115
      98
     116
     100
     113
     108
      98
     110
     120
     112
     125
     116
     111
     108
      93
     101
      97
      93
     126
     107
      95
      99
     105
     121
     105
     106
     102
     115
      91
     105
     110
     123
     127
     106
     106
     103
     122
     109
     117
     134
     101
     115
     124
     133
      95
     100
     136
     110
     123
     102
     113
      96
     108
     121
     124
     115
      95
     114
     112
     136
     122
     121
      95
     127
     123
     135
     120
     118
      87
      89
     109
     105
      94
      94
      93
     104
     105
     101
     117
     115
     102
      97
     117
     113
     104
     123
     100
     102
      71
      91
     118
      97
     113
     103
      94
      91
      83
     102
      83
      90
     104
      88
      91
      88
      73
      87
     103
      79
     103
      67
      81
      70
      79
      70
      73
      77
      86
      96
      74
      78
      69
      78
      75
      58
      71
      69
      86
      72
      77
      74
      73
      76
      70
      69
      58
      66
      53
      79
      53
      70
      70
      79
      64
      56
      74
      74
      65
      58
      78
      63
      65
      72
      74
      68
      48
      78
      63
      61
      81
      89
      64
      59
      63
      60
      75
      50
      61
      57
      70
      69
      67
      58
      63
      64
      80
      67
      67
      68
      57
      64
      60
      66
      74
      52
      66
      56
      65
      66
      60
      53
      71
      66
      62
      58
      62
      45
      56
      63
      49
      66
      56
      51
      53
      46
      50
      47
      66
      77
      57
      52
      58
      64
      62
      51
      54
      59
      55
      49
      52
      65
      65
      46
      62
      63
      50
      49
      47
      71
      46
      56
      42
      57
      55
      56
      52
      57
      63
      45
      49
      62
      52
      51
      47
      53
      56
      58
      62
      53
      55
      64
      43
      62
      53
      64
      68
      50
      63
      67
      56
      57
      62
      53
      65
      60
      45
      56
      52
      55
      54
      45
      67
      51
      47
      55
      70
      59
      55
      39
      69
      61
      72
      82
      81
     120
     150
     214
     311
     517
     813
    1313
    2012
    2854
    3867
    4901
    5850
    6156
    6094
    5581
    4988
    3948
    2875
    1884
    1251
     666
     367
     207
      90
      58
      42
      38
      45
      45
      44
      31
      43
      45
      39
      35
      24
      35
      33
      32
      38
      29
      39
      39
      34
      38
      40
      48
      33
      30
      32
      27
      30
      39
      32
      31
      28
      43
      38
      40
      36
      35
      45
      39
      34
      28
      31
      38
      37
      35
      26
      33
      31
      47
      44
      32
      47
      34
      39
      33
      41
      30
      31
      24
      28
      23
      33
      30
      25
      34
      34
      43
      30
      32
      34
      23
      33
      28
      33
      19
      28
      25
      25
      33
      21
      19
      24
      34
      25
      27
      24
      18
      36
      26
      13
      31
      31
      22
      35
      27
      20
      32
      30
      10
      25
      24
      24
      30
      19
      20
      29
      22
      36
      20
      25
      18
      38
      28
      19
      26
      29
      29
      24
      18
      20
      33
      15
      19
      25
      16
      30
      21
      17
      24
      20
      24
      14
      24
      18
      20
      21
      16
      18
      19
      21
      15
      20
      14
      21
      25
      20
      16
      15
      17
      23
       9
      15
      19
      14
      23
      23
      14
      10
      17
      13
      19
      16
      14
      16
      15
      13
      17
       8
      17
      15
      12
      17
      15
      17
      17
      14
      11
      11
      12
      21
      12
      14
       9
      10
      16
       9
      10
       9
      14
      12
      13
       9
      11
      14
      17
      13
      10
      17
      17
      10
      17
      19
      10
      14
      11
      10
      12
      14
      15
       8
      12
      17
      14
      10
      20
      14
      11
      10
      12
       7
      14
      13
      13
      12
       8
       9
      15
      11
      10
       9
      16
      15
      12
      10
      15
      12
       7
      14
      13
      11
      16
      17
       6
      11
      15
      10
      16
       9
      14
      13
      13
       5
      14
       5
      12
      12
       8
       6
      10
       9
      11
      15
       9
       1
       6
       9
       7
      16
       7
       7
       8
      12
       7
       7
      10
      13
      12
       7
      10
      10
      11
       8
       6
      11
       8
      10
       7
       5
       5
       9
      10
       9
      11
      14
       8
       8
       6
      13
      10
      13
       6
      14
       9
      12
      12
       7
       7
      10
       8
       9
      11
       6
      14
       7
       7
       7
      12
       4
       7
      13
      10
       9
      11
       4
       6
      13
       3
       9
       9
       7
      14
       7
       5
      14
       7
      12
       6
       9
       9
       9
       4
       9
       7
       6
       7
       5
       8
      12
      13
       6
       8
       9
       8
      10
      10
      16
       6
       7
       6
       5
       5
       4
       7
      11
       9
      16
       9
       7
       3
       8
       5
       5
      12
      12
       8
       7
       7
       3
       6
       4
      13
       5
       7
       8
       7
      10
       7
       7
       8
       5
       8
       7
      15
      12
       9
       6
       6
       6
      10
       6
       8
       7
       2
      10
       8
       4
       8
       9
       5
       5
       9
       6
       8
       6
      15
       5
       8
       9
       9
       7
       8
       8
       6
       3
       7
       4
       4
       6
       3
       5
       1
       8
       8
       9
       7
      10
       9
       7
       8
       4
       6
       5
      10
      10
       2
       3
       5
      12
       6
       9
       3
       6
      11
       4
      11
       7
      11
       5
       3
       6
       7
       7
      14
      12
       4
       6
       6
       4
       8
       5
       6
       8
       7
       7
       4
       5
       3
       6
       4
       5
       3
       9
       7
       2
       9
       9
       7
       7
       7
       9
       4
       6
       5
      10
       7
       5
       7
       6
       5
       7
       8
      10
       4
       3
      10
       7
       8
       6
       8
       6
       6
       9
      11
      11
       6
      12
       7
       4
       5
       8
       4
       7
       7
       6
       9
      10
      13
       7
      13
       7
      10
       4
       6
       7
       5
      10
       9
       7
      12
      13
      13
      23
      16
      35
      42
      67
      88
     130
     169
     264
     387
     641
    1062
    1524
    2209
    2921
    3598
    4244
    4871
    5032
    4964
    4499
    4008
    3102
    2498
    1704
    1116
     631
     375
     177
      77
      40
      22
       3
       3
       2
       0
       2
       1
       1
       1
       1
       1
       0
       2
       2
       1
       0
       1
       1
       1
       0
       1
       3
       0
       0
       0
       0
       2
       0
       0
       1
       0
       2
       2
       1
       0
       3
       1
       0
       0
       0
       0
       1
       1
       2
       1
       1
       1
       2
       2
       0
       1
       2
       2
       1
       0
       2
       1
       2
       0
       0
       0
       0
       1
       0
       2
       1
       0
       0
       1
       2
       2
       0
       3
       1
       0
       0
       1
       1
       3
       1
       2
       1
       1
       0
       3
       0
       1
       0
       0
       1
       0
       0
       0
       1
       0
       2
       0
       0
       2
       4
       2
       0
       2
       1
       0
       1
       0
       0
       1
       0
       0
       1
       1
       1
       1
       0
       1
       2
       3
       0
       0
       1
       0
       3
       0
       0
       0
       1
       1
       0
       0
       1
       0
       2
       0
       1
       0
       1
       1
       0
       1
       1
       1
       1
       1
       4
       1
       1
       1
       0
       0
       0
       0
       0
       1
       0
       2
       1
       0
       0
       0
       0
       1
       1
       0
       1
       1
       0
       1
       2
       1
       0
       0
       3
       0
       1
       1
       1
       2
       0
       1
       0
       1
       1
       1
       0
       0
       2
       3
       0
       0
       1
       0
       1
       0
       2
       1
       0
       1
       1
       0
       1
       0
       1
       0
       0
       3
       1
       1
       3
       0
       0
       0
       2
       1
       1
       0
       0
       0
       0
       1
       0
       0
       2
       2
       1
       0
       1
       0
       2
       1
       2
       0
       0
       0
       0
       1
       2
       0
       1
       2
       0
       0
       0
       1
       3
       0
       0
       1
       0
       0
       0
       0
       2
       0
       1
       2
       0
       0
       2
       1
       2
       1
       1
       1
       2
       2
       0
       1
       0
       2
       1
       2
       3
       0
       0
       0
       0
       1
       3
       0
       1
       1
       1
       1
       1
       1
       0
       2
       2
       1
       1
       1
       0
       1
       0
       1
       0
       0
       0
       0
       0
       2
       2
       1
       1
       0
       1
       0
       0
       0
       0
       0
       1
       0
       0
       2
       0
       0
       0
       1
       0
       0
       1
       1
       1
       1
       0
       0
       0
       0
       0
       0
       1
       0
       2
       2
       1
       1
       0
       1
       0
       0
       1
       0
       1
       1
       0
       0
       0
       1
       0
       0
       1
       1
       0
       0
       1
       2
       1
       0
       0
       0
       0
       0
       0
       0
       1
       1
       1
       1
       0
       1
       1
       0
       0
       0
       1
       2
       1
       1
       0
       1
       1
       0
       0
       1
       1
       0
       2
       0
       1
       0
       1
       1
       1
       0
       0
       0
       0
       0
       1
       0
       0
       0
       3
       2
       0
       2
       0
       0
       0
       0
       2
       1
       0
       1
       1
       0
       0
       0
       1
       1
       3
       1
       0
       0
       1
       0
       1
       0
       1
       2
       1
       1
       2
       2
       0
       1
       2
       0
       2
       1
       0
       3
       1
       3
       6
       0
       1
       1
       0
       1
       1
       0
       1
       0
       0
       1
       0
       0
       0
       0
       1
       1
       1
       2
       2
       0
       3
       1
       0
       3
       0
       1
       0
       1
       1
       1
       1
       0
       1
       0
       0
       0
       1
       0
       0
       1
       2
       1
       2
       0
       1
       0
       0
       0
       0
       2
       1
       1
       1
       1
       0
       1
       0
       0
       0
       0
       0
       0
       1
       1
       0
       2
       1
       0
       0
       0
       1
       1
       1
       2
       0
       0
       0
       2
       2
       0
       0
       0
       0
       0
       0
       1
       0
       0
       0
       0
       0
       1
       0
       1
       0
       0
       1
       0
       0
       0
       0
       0
       0
       0
       0
       0
       1
       1
       0
       1
       0
       1
       0
       1
       0
       0
       0
       1
       2
       0
       0
       1
       1
       0
       0
       0
       1
       0
       1
       1
       1
       0
       0
       0
       0
       0
       1
       0
       0
       2
       0
       0
       0
       1
       0
       0
       2
       0
       1
       0
       2
       0
       1
       0
       0
       1
       1
       0
       1
       0
       0
       0
       0
       0
       0
       0
       1
       1
       1
       2
       0
       0
       1
       0
       1
       2
       1
       1
       0
       3
       0
       0
       2
       2
       1
       2
       0
       1
       0
       2
       1
       0
       0
       1
       0
       0
       2
       1
       0
       2
       0
       0
       1
       0
       0
       1
       0
       0
       0
       1
       0
       0
       0
       1
       0
       0
       1
       0
       1
       0
       1
       1
       2
       0
       0
       0
       0
       0
       0
       0
       0
       0
       0
       0
       1
       0
       1
       1
       1
       1
       0
       1
       0
       0
       0
       0
       1
       1
       0
       0
       0
       1
       3
       1
       0
       1
       1
       0
       2
       0
       1
       0
       0
       0
       1
       1
       0
       0
       0
       1
       1
       0
       1
       1
       1
       1
       0
       0
       0
       1
       2
       1
       0
       2
       0
       0
       0
       1
       1
       0
       0
       0
       0
       1
       0
       0
       1
       0
       1
       1
       1
       0
       1
       0
       1
       0
       0
       1
       3
       1
       1
       0
       0
       1
       0
       1
       0
       1
       0
       0
       1
       0
       0
       1
       2
       1
       1
       0
       0
       0
       2
       0
       1
       1
       2
       1
       0
       0
       0
       1
       0
       1
       0
       1
       0
       0
       2
       0
       1
       1
       0
       1
       0
       0
       0
       0
       0
       1
       0
       0
       1
       2
       1
       1
       0
       0
       0
       3
       0
       0
       0
       2
       0
       0
       0
       1
       0
       0
       0
       0
       1
       0
       2
       1
       1
       0
       0
       2
       0
       1
       1
       0
       0
       0
       0
       0
       1
       0
       0
       0
       0
       0
       0
       1
       0
       1
       0
       1
       1
       0
       2
       0
       0
       1
       0
       0
       1
       0
       0
       0
       2
       1
       0
       1
       0
       0
       2
       0
       2
       0
       0
       1
       0
       0
       0
       0
       0
       0
       1
       2
       1
       0
       1
       1
       0
       0
       0
       0
       0
       0
       0
       1
       0
       0
       0
       0
       1
       0
       1
       1
       1
       1
       0
       0
       0
       1
       1
       0
       1
       1
       1
       0
       1
       0
       0
       0
       0
       2
       0
       0
       1
       0
       1
       0
       0
       0
       0
       0
       0
       1
       0
       0
       0
       0
       0
       0
       0
       0
       0
       0
       1
       0
       0
       1
       1
       0
       1
       0
       0
       1
       1
       1
       0
       0
       0
       0
       1
       0
       0
       1
       1
       1
       0
       1
       0
       1
       0
       0
       1
       2
       0
       0
       0
       0
       0
       0
       0
       0
       0
       0
       0
       0
       1
       0
       0
       0
       0
       2
       1
       1
       0
       0
       0
       0
       1
       0
       0
       0
       0
       1
       1
       1
       1
       0
       0
       1
       1
       1
       0
       0
       0
       0
       0
       0
       0
       0
       1
       0
       1
       0
       0
       0
       0
       0
       1
       0
       0
       0
       0
       1
       0
       0
       0
       0
       0
       0
       0
       0
       1
       1
       1
       1
       0
       0
       1
       0
       0
       0
       0
       1
       0
       0
       0
       0
       0
       0
       0
       0
       1
       2
       0
       1
       0
       1
       0
       0
       0
       1
       1
       1
       1
       0
       0
       0
       0
       0
       0
       0
       2
       0
       1
       0
       0
       0
       2
       0
       0
       0
       0
       0
       0
       0
       1
       0
       1
       0
       1
       1
       0
       0
       1
       0
       0
       0
       0
       1
       1
       0
       0
       0
       1
       0
       1
       1
       0
       0
       0
       1
       0
       0
       2
       1
       0
       0
       0
       0
       0
       1
       0
       0
       0
       2
       2
       0
       1
       0
       0
       0
       0
       0
       0
       1
       0
       0
       0
       0
       1
       1
       0
       0
       0
       0
       2
       0
       0
       2
       0
       1
       2
       0
       2
       1
       0
       2
       0
       0
       0
       1
       0
       1
       0
       0
       0
       0
       1
       0
       1
       1
       0
       1
       0
       0
       1
       1
       0
       0
       1
       0
       0
       0
       4
       0
       0
       1
       1
       1
       0
       0
       1
       0
       2
       0
       0
       1
       0
       0
       1
       0
       0
       0
       1
       0
       0
       1
       0
       0
       0
       0
       1
       0
       0
       0
       0
       1
       0
       0
       0
       0
       1
       0
       0
       0
       1
       0
       1
       0
       0
       1
       0
       0
       0
       0
       0
       0
       0
       1
       0
       1
       0
       0
       0
       1
       2
       0
       2
       3
       0
       0
       1
       0
       0
       1
       0
       0
       1
       0
       0
       0
       1
       0
       0
       0
       0
       1
       0
       0
       0
       1
       0
       0
       0
       0
       0
       0
       1
       0
       0
       0
       1
       0
       1
       0
       2
       1
       0
       0
       0
       0
       0
       0
       0
       2
       2
       3
       0
       0
       0
       0
       1
       0
       0
       1
       0
       1
       1
       0
       0
       0
       0
       0
       0
       1
       1
       0
       2
       0
       1
       1
       0
       1
       0
       0
       0
       0
       1
       0
       1
       0
       1
       0
       0
       0
       0
       0
       0
       0
       0
       1
       0
       1
       2
       1
       1
       1
       1
       0
       1
       0
       1
       0
       0
       0
       0
       0
       1
       1
       1
       2
       2
       0
       0
       0
       0
       0
       1
       0
       0
       0
       0
       0
       0
       0
       2
       0
       0
       1
       0
       0
       0
       0
       0
       0
       0
       1
       1
       1
       1
       0
       1
       0
       0
       0
       0
       0
       2
       0
       1
       2
       0
       0
       0
       0
       1
       0
       0
       1
       1
       0
       1
       0
       0
       0
       0
       0
       0
       0
       1
       0
       0
       0
       0
       0
       0
       1
       0
       0
       0
       0
       1
       0
       0
       0
       0
       0
       1
       1
       0
       0
       0
       0
       0
       0
       1
       2
       0
       0
       1
       0
       1
       0
       0
       0
       0
       0
       0
       0
       1
       0
       1
       0
       0
       1
       0
       1
       0
       0
       2
       0
       1
       0
       0
       0
       0
       0
       0
       0
       1
       0
       1
       2
       0
       0
       2
       0
       0
       1
       0
       0
       0
       0
       0
       0
       1
       0
       1
       0
       0
       0
       1
       0
       2
       0
       0
       0
       1
       1
       1
       0
       0
       2
       0
       1
       2
       0
       0
       0
       1
       2
       1
       2
       1
       2
       0
       0
       0
       0
       0
       0
       0
       0
       0
       0
       1
       0
       1
       0
       1
       0
       0
       0
       1
       0
       0
       0
       0
       0
       1
       2
       0
       0
       0
       0
       0
       1
       0
       0
       1
       0
       0
       0
       0
       0
       0
       0
       0
       2
       0
       0
       1
       0
       0
       0
       1
       0
       0
       0
       1
       0
       0
       0
       0
       0
       0
       0
       1
       1
       0
       1
       1
       0
       0
       0
       0
       1
       0
       0
       0
       0
       0
       0
       1
       0
       0
       0
       0
       1
       1
       1
       0
       1
       0
       1
       0
       0
       0
       1
       0
       0
       0
       0
       0
       0
       3
       0
       0
       0
       1
       0
       1
       0
       0
       0
       0
       1
       0
       0
       1
       0
       0
       0
       0
       0
       1
       0
       0
       1
       1
       1
       0
       0
       0
       0
       0
       1
       2
       0
       0
       0
       0
       2
       0
       0
       2
       0
       0
       0
       0
       0
       1
       0
       0
       0
       0
       0
       0
       1
       0
       1
       0
       1
       0
       0
       0
       1
       0
       2
       0
       0
       0
       0
       0
       0
       0
       0
       0
       0
       0
       0
       0
       1
       0
       0
       0
       1
       0
       0
       1
       2
       0
       0
       1
       0
       0
       0
       1
       0
       0
       0
       1
       0
       1
       1
       0
       0
       0
       0
       0
       0
       1
       2
       0
       1
       0
       0
       0
       1
       0
       0
       0
       0
       1
       1
       0
       0
       1
       0
       0
       1
       0
       0
       0
       0
       0
       0
       2
       0
       0
       1
       1
       0
       0
       0
       0
       0
       0
       0
       0
       0
       0
       1
       1
       0
       0
       0
       1
       0
       0
       1
       2
       0
       1
       0
       0
       0
       0
       0
       0
       2
       0
       0
       0
       0
       0
       0
       0
       0
       0
       0
       0
       0
       1
       0
       0
       1
       0
       0
       0
       1
       0
       0
       0
       0
       1
       1
       0
       0
       0
       0
       0
       0
       0
       0
       1
       1
       0
       1
       1
       2
       2
       0
       1
       0
       0
       0
       0
       0
       0
       0
       1
       1
       0
       0
       1
       0
       1
       0
       0
       0
       0
       1
       2
       0
       1
       1
       2
       0
       0
       0
       1
       0
       0
       0
       1
       0
       0
       0
       0
       0
       0
       0
       1
       0
       0
       0
       0
       0
       1
       0
       2
       1
       2
       0
       0
       0
       0
       0
       1
       1
       0
       2
       1
       0
       0
       0
       0
       0
       0
       0
       0
       0
       0
       0
       0
       0
       0
       0
       0
       1
       0
       1
       0
       0
       0
       0
       1
       0
       1
       0
       0
       0
       0
       1
       1
       0
       0
       0
       0
       0
       0
       0
       0
       0
       1
       0
       0
       1
       0
       0
       0
       0
       0
       0
       0
       1
       0
       0
       0
       0
       0
       0
       0
       1
       0
       0
       0
       0
       1
       1
       1
       0
       1
       1
       0
       0
       0
       0
       0
       0
       0
       1
       0
       0
       1
       2
       0
       0
       0
       0
       0
       0
       0
       0
       0
       0
       0
       0
       1
       1
       0
       0
       0
       0
       0
       0
       0
       0
       0
       0
       0
       0
       0
       0
       0
       0
       0
       0
       0
       0
       0
       2
       0
       0
       1
       1
       1
       1
       1
       0
       0
       0
       2
       1
       0
       0
       1
       0
       0
       0
       0
       0
       2
       0
       0
       0
       0
       0
       0
       0
       0
       1
       0
       0
       1
       0
       0
       0
       0
       0
       0
       0
       0
       1
       0
       0
       0
       0
       0
       1
       0
       0
       0
       0
       0
       1
       0
       1
       1
       0
       1
       0
       0
       0
       0
       1
       0
       0
       1
       0
       0
       1
       1
       0
       0
       0
       1
       0
       0
       0
       1
       0
       0
       1
       0
       0
       0
       0
       0
       0
       0
       0
       1
       1
       0
       0
       1
       0
       0
       1
       0
       0
       1
       0
       0
       0
       0
       1
       0
       0
       0
       0
       0
       0
       0
       1
       0
       0
       0
       0
       0
       0
       0
       0
       0
       0
       1
       0
       0
       0
       0
       0
       0
       0
       0
       0
       0
       0
       0
       0
       0
       1
       0
       0
       0
       0
       0
       0
       0
       1
       0
       0
       0
       1
       0
       0
       0
       0
       0
       0
       0
       0
       0
       0
       0
       0
       0
       0
       0
       0
       0
       0
       0
       0
       1
       0
       1
       0
       1
       0
       0
       0
       1
       1
       0
       0
       1
       0
       0
       1
       0
       0
       0
       0
       1
       0
       1
       0
       0
       0
       0
       0
       1
       0
       0
       0
       1
       0
       0
       1
       0
       0
       0
       1
       0
       0
       0
       1
       0
       0
       0
       1
       0
       3
       0
       0
       0
       0
       0
       0
       0
       0
       1
       1
       1
       0
       0
       1
       0
       0
       0
       0
       0
       0
       0
       0
       1
       0
       0
       0
       1
       0
       1
       0
       0
       0
       0
       0
       1
       1
       0
       0
       0
       0
       1
       0
       0
       0
       0
       0
       0
       0
       0
       0
       0
       0
       0
       0
       0
       0
       0
       0
       0
       0
       0
       0
       1
       0
       0
       0
       1
       0
       2
       0
       0
       0
       0
       0
       0
       0
       0
       1
       0
       0
       0
       0
       1
       0
       0
       1
       0
       1
       0
       1
       0
       0
       1
       0
       0
       0
       0
       1
       1
       0
       0
       0
       0
       1
       1
       0
       0
       0
       1
       0
       0
       0
       0
       0
       0
       1
       0
       0
       0
       0
       0
       1
       0
       1
       0
       1
       0
       0
       1
       1
       0
       0
       0
       0
       0
       0
       1
       0
       0
       0
       0
       0
       0
       0
       1
       0
       0
       0
       0
       0
       0
       0
       0
       1
       0
       0
       0
       1
       1
       0
       1
       1
       0
       0
       0
       0
       0
       0
       3
       0
       1
       1
       0
       0
       0
       0
       1
       0
       0
       0
       0
       1
       0
       0
       0
       0
       1
       0
       1
       0
       0
       0
       0
       0
       0
       0
       0
       0
       0
       0
       0
       0
       2
       0
       0
       0
       1
       0
       0
       0
       0
       0
       0
       0
       0
       1
       0
       0
       2
       0
       1
       0
       2
       1
       1
       0
       1
       0
       0
       0
       0
       0
       1
       1
       0
       0
       0
       0
       0
       1
       0
       0
       0
       0
       1
       1
       0
       0
       0
       0
       1
       0
       0
       0
       0
       1
       0
       0
       0
       0
       0
       0
       0
       0
       0
       0
       0
       0
       0
       0
       1
       0
       0
       2
       1
       0
       1
       1
       0
       1
       0
       0
       0
       2
       0
       0
       0
       1
       1
       1
       0
       2
       0
       0
       0
       0
       0
       0
       0
       0
       0
       0
       1
       0
       0
       0
       1
       2
       0
       0
       0
       0
       0
       0
       1
       1
       0
       1
       0
       0
       0
       0
       1
       0
       0
       0
       0
       2
       0
       0
       0
       0
       0
       0
       0
       0
       0
       0
       1
       0
       0
       1
       1
       0
       0
       0
       1
       0
       0
       0
       0
       0
       1
       0
       0
       1
       0
       0
       0
       0
       0
       0
       0
       0
       0
       0
       0
       1
       0
       0
       1
       0
       0
       0
       0
       0
       0
       0
       0
       0
       1
       0
       0
       0
       0
       0
       0
       0
       0
       1
       1
       0
       0
       0
       0
       0
       0
       0
       0
       1
       0
       0
       0
       0
       0
       0
       0
       0
       0
       0
       0
       1
       0
       0
       0
       0
       0
       0
       0
       0
       0
       0
       0
       1
       1
       0
       0
       0
       0
       1
       0
       1
       0
       0
       0
       0
       0
       0
       0
       0
       0
       1
       0
       1
       1
       0
       0
       0
       0
       0
       0
       0
       0
       0
       0
       1
       0
       0
       0
       0
       0
       0
       0
       1
       0
       0
       0
       0
       0
       0
       0
       0
       0
       0
       0
       0
       0
       0
       0
       0
       1
       0
       0
       0
       0
       1
       0
       0
       0
       0
       0
       0
       0
       0
       0
       0
       2
       0
       0
       0
       0
       0
       0
       0
       1
       0
       1
       1
       0
       0
       0
       0
       1
       1
       0
       0
       0
       0
       0
       0
       0
       1
       0
       1
       0
       0
       0
       0
       0
       0
       0
       0
       0
       1
       0
       0
       0
       0
       1
       0
       0
       0
       0
       1
       0
       0
       1
       0
       0
       0
       0
       0
       1
       0
       0
       1
       0
       1
       0
       0
       1
       0
       0
       1
       0
       0
       0
       0
       1
       0
       0
       0
       1
       0
       0
       0
       0
       0
       0
       0
       2
       0
       0
       0
       0
       0
       0
       0
       0
       0
       0
       0
       0
       0
       0
       0
       0
       0
       0
       0
       0
       1
       0
       0
       1
       0
       0
       0
       0
       0
       0
       0
       0
       0
       0
       0
       0
       0
       0
       0
       1
       0
       0
       0
       0
       0
       0
       0
       0
       0
       0
       0
       1
       0
       1
       1
       0
       0
       0
       0
       0
       0
       0
       0
       0
       0
       1
       0
       0
       0
       0
       0
       0
       1
       0
       0
       0
       1
       3
       0
       0
       0
       0
       1
       0
       0
       0
       0
       0
       0
       2
       0
       0
       0
       1
       0
       0
       0
       2
       0
       0
       0
       0
       0
       0
       0
       0
       0
       0
       1
       0
       0
       0
       1
       0
       0
       0
       0
       0
       0
       0
       0
       0
       1
       0
       0
       0
       0
       0
       0
       0
       0
       0
       0
       0
       0
       0
       0
       0
       0
       0
       0
       0
       0
       0
       0
       0
       0
       0
       1
       1
       0
       1
       0
       0
       0
       0
       0
       0
       0
       0
       0
       0
       1
       0
       0
       0
       0
       0
       0
       0
       0
       0
       0
       0
       0
       3
       0
       0
       0
       0
       0
       0
       0
       0
       0
       1
       1
       0
       1
       1
       0
       0
       0
       0
       0
       0
       0
       0
       0
       0
       1
       1
       0
       0
       0
       0
       0
       0
       1
       0
       0
       0
       0
       0
       1
       1
       0
       0
       0
       0
       0
       0
       1
       1
       0
       1
       0
       0
       0
       0
       0
       0
       0
       1
       0
       0
       0
       0
       0
       0
       0
       1
       0
       1
       0
       0
       0
       0
       1
       1
       0
       0
       0
       0
       1
       0
       0
       0
       0
       1
       0
       0
       1
       0
       0
       0
       0
       0
       0
       0
       0
       0
       0
       0
       0
       2
       1
       0
       0
       1
       0
       0
       1
       0
       0
       0
       0
       0
       0
       0
       1
       1
       1
       1
       0
       1
       0
       0
       0
       0
       0
       0
       0
       1
       0
       0
       0
       0
       0
       1
       0
       0
       0
       0
       0
       0
       0
       1
       0
       0
       0
       1
       0
       0
       0
       0
       0
       0
       0
       0
       0
       0
       0
       0
       0
       0
       1
       0
       0
       0
       1
       0
       1
       0
       0
       0
       1
       0
       0
       0
       1
       1
       0
       1
       1
       0
       0
       0
       1
       0
       0
       0
       0
       0
       0
       1
       0
       0
       1
       0
       1
       1
       0
       1
       0
       0
       1
       0
       1
       0
       0
       0
       1
       0
       0
       0
       0
       0
       0
       0
       1
       1
       0
       0
       0
       1
       0
       0
       0
       1
       0
       2
       0
       0
       0
       0
       0
       0
       0
       0
       1
       0
       1
       0
       1
       0
       0
       0
       0
       0
       0
       0
       0
       1
       0
       0
       0
       0
       0
       1
       0
       0
       0
       0
       0
       0
       0
       0
       0
       0
       0
       0
       0
       0
       0
       0
       0
       0
       0
       0
       0
       0
       0
       0
       0
       0
       0
       0
       0
       0
       0
       0
       0
       0
       0
       0
       0
       0
       0
       0
       0
       0
       0
       0
       0
       0
       0
       0
       0
       0
       0
       0
       0
       0
       0
       0
       0
       0
       0
       0
       0
       0
       0
       0
       0
       0
       0
       0
       0
       0
       0
       0
       0
       0
       0
       0
       0
       0
       0
       0
       0
       0
       0
       0
       0
       0
       0
       0
       0
       0
       0
       0
       0
       0
       0
       0
       0
       0
       0
       0
       0
       0
       0
       0
       0
       0
       0
       0
       0
       0
       0
       0
       0
       0
       0
       0
       0
       0
       0
       0
       0
       0
       0
       0
       0
       0
       0
       0
       0
       0
       0
       0
       0
       0
       0
$ROI:
0
$PRESETS:
None
0
0
$ENER_FIT:
-2.173939 0.279251
$MCA_CAL:
3
-2.173939E+000 2.792507E-001 0.000000E+000 keV
$SHAPE_CAL:
3
1.571259E+001 -1.155430E-003 0.000000E+000
