$SPEC_ID:
226Ra
$SPEC_REM:
DET# 1
DETDESC# MCB 132 Input 1
AP# Maestro Version 6.06
$DATE_MEA:
02/10/2022 16:33:41
$MEAS_TIM:
60303 60616
$DATA:
0 8191
       0
       0
       0
       0
       0
       0
       0
       0
       0
       0
       0
       0
       0
       0
       0
       0
       0
       0
       0
       0
       0
       0
       0
       0
       0
      14
    9459
   61496
   15665
    8485
    8148
    8274
    8445
    9193
    9569
    9864
   10234
   10106
   10441
   10169
   10176
   10034
    9811
    9635
    9613
    9429
    9420
    9174
    9231
    9269
    8892
    9003
    8789
    8926
    8744
    8711
    8694
    8583
    8656
    8500
    8423
    8324
    8229
    8250
    8237
    8297
    8237
    8337
    8187
    8033
    8045
    8010
    7926
    8013
    7909
    8014
    7839
    7838
    7636
    7754
    7762
    7750
    7736
    7621
    7646
    7479
    7583
    7588
    7329
    7602
    7576
    7339
    7437
    7332
    7312
    7224
    7293
    7315
    7505
    7218
    7407
    7242
    7194
    7057
    7150
    7189
    7120
    7059
    6988
    7156
    6936
    6902
    6933
    6936
    7082
    6941
    7064
    6849
    6921
    6928
    6998
    6959
    6755
    7018
    6853
    6811
    7039
    6875
    6858
    6835
    6826
    6904
    6725
    6786
    6776
    6795
    6760
    6839
    6831
    6730
    6845
    6775
    6804
    6636
    6747
    6782
    6733
    6736
    6724
    6717
    6713
    6678
    6563
    6656
    6648
    6502
    6735
    6554
    6791
    6579
    6687
    6640
    6655
    6676
    6557
    6694
    6560
    6618
    6502
    6668
    6416
    6657
    6553
    6563
    6591
    6431
    6543
    6572
    6534
    6550
    6550
    6447
    6564
    6480
    6553
    6484
    6357
    6263
    6439
    6418
    6456
    6519
    6539
    6401
    6310
    6614
    6308
    6248
    6319
    6483
    6393
    6489
    6516
    6316
    6488
    6479
    6441
    6474
    6250
    6315
    6480
    6346
    6398
    6473
    6311
    6487
    6438
    6330
    6401
    6397
    6418
    6355
    6380
    6454
    6510
    6422
    6287
    6444
    6388
    6339
    6373
    6370
    6461
    6489
    6318
    6396
    6339
    6280
    6321
    6431
    6371
    6377
    6463
    6582
    6471
    6469
    6419
    6578
    6431
    6453
    6486
    6445
    6509
    6511
    6468
    6567
    6455
    6518
    6498
    6502
    6510
    6664
    6722
    6830
    7575
    8033
    8285
    7714
    7163
    6821
    6896
    7603
    8729
    9883
    9769
    8426
    7294
    6816
    6475
    6577
    6505
    6505
    6454
    6556
    6495
    6611
    6660
    6564
    6606
    6628
    6546
    6690
    6719
    6650
    6775
    6569
    6815
    6770
    6809
    6760
    6809
    6841
    6943
    6945
    6918
    7325
    7736
    8671
    9066
    8918
    8567
    7724
    7159
    6983
    7013
    7280
    7362
    7564
    7806
    7550
    7139
    7149
    6991
    6916
    7022
    6977
    7044
    7046
    7099
    7036
    7024
    7157
    6950
    7242
    7205
    7189
    7449
    7409
    7257
    7328
    7305
    7303
    7374
    7375
    7219
    7288
    7143
    7465
    7389
    7475
    7360
    7313
    7484
    7428
    7413
    7401
    7493
    7523
    7555
    7582
    7648
    7536
    7561
    7491
    7567
    7763
    7693
    7678
    7590
    7609
    7601
    7643
    7726
    7655
    7663
    7791
    7833
    7752
    7686
    7800
    7815
    7746
    7945
    7874
    7763
    7909
    7778
    7806
    7882
    7937
    7784
    7794
    7973
    7847
    7836
    7738
    8010
    7864
    7824
    7957
    7919
    7945
    7934
    7967
    7787
    8116
    8066
    8004
    8023
    8089
    7974
    8221
    8141
    8095
    8257
    8260
    8103
    8126
    8058
    8069
    8189
    8191
    8280
    8253
    8400
    8100
    8328
    8275
    8264
    8205
    8454
    8139
    8297
    8378
    8505
    8404
    8252
    8327
    8426
    8506
    8400
    8455
    8248
    8470
    8516
    8438
    8622
    8431
    8662
    8520
    8616
    8622
    8742
    8644
    8885
    8589
    8618
    8745
    8653
    8788
    8748
    8845
    8804
    8832
    8876
    8761
    8974
    8860
    8890
    8770
    8813
    8876
    9075
    9019
    8896
    9059
    8974
    9095
    9096
    9223
    9076
    9067
    9192
    9156
    9213
    9178
    9208
    9122
    9283
    9412
    9189
    9083
    9370
    9405
    9252
    9210
    9129
    9309
    9274
    9318
    9120
    9355
    9340
    9467
    9171
    9422
    9452
    9394
    9338
    9376
    9264
    9490
    9393
    9267
    9473
    9389
    9648
    9606
    9257
    9331
    9453
    9566
    9424
    9343
    9508
    9389
    9446
    9384
    9473
    9411
    9237
    9444
    9501
    9480
    9381
    9398
    9361
    9358
    9384
    9374
    9177
    9378
    9539
    9531
    9432
    9476
    9445
    9454
    9408
    9198
    9295
    9215
    9193
    9285
    9024
    9346
    9046
    9137
    9197
    9300
    9208
    9098
    9258
    9181
    9160
    8985
    9197
    9277
    8968
    9211
    8940
    9050
    9079
    9065
    9172
    8939
    8933
    9085
    8980
    8874
    9047
    8867
    9037
    8782
    8857
    8740
    8873
    8872
    8915
    8756
    8701
    8639
    8781
    8855
    8750
    8710
    8692
    8613
    8746
    8535
    8603
    8549
    8772
    8705
    8448
    8426
    8703
    8483
    8418
    8583
    8533
    8445
    8338
    8412
    8348
    8305
    8535
    8427
    8372
    8439
    8206
    8276
    8281
    8506
    8423
    8282
    8321
    8306
    8274
    8340
    8237
    8188
    8286
    8184
    7984
    8059
    8036
    8181
    8109
    8093
    8142
    8050
    8047
    8173
    8089
    8122
    7900
    7939
    8232
    7858
    7744
    7890
    7951
    7801
    7989
    7926
    7940
    7782
    7864
    7701
    7726
    7697
    7807
    7864
    7816
    7750
    7853
    7864
    7824
    7952
    7801
    7629
    7572
    7692
    7745
    7638
    7667
    7550
    7699
    7547
    7792
    7698
    7595
    7499
    7486
    7522
    7526
    7549
    7449
    7598
    7497
    7734
    7425
    7528
    7656
    7360
    7590
    7442
    7549
    7500
    7428
    7466
    7303
    7555
    7528
    7389
    7492
    7450
    7373
    7582
    7300
    7293
    7343
    7178
    7290
    7379
    7316
    7472
    7350
    7459
    7393
    7438
    7368
    7226
    7256
    7296
    7387
    7368
    7367
    7405
    7283
    7415
    7543
    7338
    7237
    7499
    7429
    7422
    7531
    7281
    7502
    7508
    7541
    7566
    7400
    7485
    7642
    7731
    7757
    7715
    7697
    7977
    7914
    7937
    8055
    8057
    8131
    8153
    8472
    8375
    8357
    8672
    8589
    8671
    8674
    8903
    8917
    8871
    8994
    8869
    9205
    9072
    9144
    9316
    9439
    9618
    9572
    9467
    9511
    9379
    9495
    9553
    9598
    9645
    9945
    9488
    9720
    9684
    9792
    9603
    9657
    9694
    9682
    9576
    9813
    9809
    9502
    9714
    9478
    9553
    9555
    9648
    9704
    9642
    9669
    9561
    9497
    9436
    9750
    9476
    9637
    9440
    9590
    9245
    9564
    9385
    9346
    9299
    9324
    9507
    9477
    9294
    9443
    9339
    9274
    9369
    9368
    9482
    9384
    9136
    9194
    9257
    9300
    9139
    9327
    9297
    9407
    9406
    9345
    9122
    9308
    9228
    9375
    9188
    9165
    9259
    9261
    9184
    9176
    8998
    9099
    9303
    9077
    9279
    9266
    9235
    9129
    9030
    9146
    9112
    9023
    9025
    8956
    9115
    9110
    8975
    8957
    9011
    8932
    8965
    9026
    8901
    8853
    9073
    8786
    9046
    8996
    8875
    8807
    8816
    9016
    8936
    8817
    8855
    8914
    8890
    8825
    8708
    8841
    8905
    8781
    8804
    8955
    8799
    8831
    8820
    8766
    8917
    8871
    8719
    8837
    8954
    8572
    8779
    8868
    8799
    8614
    8577
    8817
    8591
    8947
    8730
    8713
    8755
    8790
    8878
    8735
    8579
    8711
    8867
    8657
    8838
    8600
    8729
    8832
    8552
    8749
    8720
    8635
    8681
    8489
    8572
    8684
    8685
    8655
    8747
    8659
    8531
    8515
    8688
    8516
    8516
    8459
    8391
    8686
    8569
    8546
    8533
    8455
    8660
    8482
    8565
    8565
    8522
    8504
    8536
    8409
    8490
    8511
    8362
    8488
    8401
    8387
    8443
    8534
    8556
    8461
    8385
    8441
    8346
    8221
    8434
    8337
    8409
    8330
    8325
    8433
    8459
    8269
    8142
    8267
    8224
    8426
    8301
    8298
    8126
    8338
    8380
    8160
    8248
    8268
    8350
    8191
    8103
    8111
    8116
    8047
    8062
    8066
    8133
    8106
    8180
    8088
    7934
    8013
    8069
    8056
    7923
    7951
    8106
    7929
    7964
    8079
    7934
    7837
    7986
    7829
    7932
    7813
    7703
    7642
    8003
    7773
    7707
    7585
    7873
    7771
    7755
    7740
    7812
    7604
    7721
    7693
    7730
    7508
    7595
    7676
    7638
    7569
    7459
    7380
    7345
    7538
    7404
    7559
    7488
    7487
    7363
    7416
    7371
    7421
    7300
    7212
    7228
    7280
    7366
    7302
    7228
    7440
    7249
    7279
    7155
    7209
    7256
    7277
    6990
    7240
    7157
    7276
    6992
    7161
    7092
    7090
    7011
    7017
    7017
    6874
    6905
    6833
    6991
    6744
    6795
    6824
    6975
    6747
    6791
    6798
    6881
    6634
    6653
    6746
    6663
    6590
    6688
    6725
    6739
    6623
    6660
    6574
    6531
    6621
    6528
    6611
    6554
    6494
    6494
    6476
    6422
    6580
    6538
    6634
    6843
    7149
    6963
    6970
    6804
    6387
    6222
    6208
    6363
    6417
    6043
    6193
    6165
    6123
    6086
    6194
    6069
    6097
    6128
    6010
    6023
    6118
    6006
    6043
    6032
    5957
    5861
    5981
    5874
    5890
    5820
    5812
    5886
    5794
    5816
    5698
    5814
    5786
    5647
    5758
    5725
    5759
    5803
    5696
    5727
    5776
    5423
    5657
    5718
    5611
    5613
    5557
    5642
    5554
    5397
    5500
    5393
    5452
    5466
    5425
    5493
    5444
    5451
    5465
    5429
    5223
    5340
    5248
    5370
    5268
    5191
    5234
    5196
    5292
    5165
    5204
    5196
    5145
    5080
    5043
    5094
    5036
    5046
    5203
    5043
    5113
    5098
    5010
    5104
    4939
    5104
    5122
    4975
    5032
    4949
    4841
    4951
    4976
    4821
    4916
    4757
    4878
    4882
    4770
    4866
    4879
    4907
    4790
    4717
    4754
    4766
    4720
    4775
    4768
    4643
    4731
    4544
    4713
    4636
    4672
    4594
    4648
    4719
    4558
    4531
    4558
    4594
    4517
    4517
    4530
    4556
    4682
    4575
    4522
    4509
    4511
    4471
    4493
    4463
    4490
    4296
    4306
    4421
    4341
    4301
    4300
    4379
    4368
    4444
    4314
    4261
    4316
    4190
    4364
    4149
    4217
    4158
    4294
    4218
    4061
    4168
    4224
    4116
    4166
    4177
    4341
    4156
    4074
    4172
    4019
    4050
    4105
    4045
    4128
    4117
    3974
    3998
    3963
    4107
    4107
    3974
    3945
    3898
    3904
    3988
    3902
    3912
    3812
    3915
    3988
    3849
    3802
    3808
    3886
    3781
    3779
    3791
    3847
    3888
    3797
    3874
    3787
    3810
    3752
    3842
    3803
    3788
    3815
    3735
    3704
    3688
    3723
    3725
    3584
    3610
    3797
    3592
    3685
    3655
    3716
    3543
    3597
    3665
    3556
    3601
    3604
    3557
    3484
    3620
    3603
    3656
    3499
    3622
    3552
    3555
    3564
    3501
    3611
    3505
    3541
    3420
    3415
    3415
    3451
    3533
    3448
    3468
    3411
    3436
    3464
    3465
    3390
    3394
    3419
    3391
    3419
    3400
    3400
    3408
    3315
    3445
    3417
    3396
    3380
    3309
    3362
    3378
    3419
    3293
    3307
    3311
    3315
    3364
    3310
    3316
    3271
    3388
    3300
    3372
    3295
    3187
    3322
    3188
    3224
    3246
    3311
    3187
    3301
    3113
    3282
    3181
    3244
    3172
    3207
    3201
    3092
    3131
    3221
    3195
    3166
    3110
    3329
    3213
    3205
    3246
    3069
    3204
    3159
    3080
    3099
    3162
    3020
    3228
    3237
    3058
    3071
    3075
    3161
    3166
    3140
    3043
    2970
    3095
    3016
    2997
    3035
    3077
    3136
    3099
    3086
    3016
    2991
    3029
    2974
    2991
    3043
    2948
    2978
    3048
    3058
    2985
    3000
    3045
    3016
    3047
    3083
    2910
    2962
    2981
    3027
    2976
    2933
    2980
    3040
    2968
    3057
    2991
    2949
    2964
    2939
    3001
    3038
    2917
    2939
    2919
    2929
    2919
    2948
    2887
    2986
    2864
    2880
    2850
    2888
    2814
    2887
    2775
    2824
    2874
    2884
    2857
    2972
    2864
    2865
    2801
    2884
    2894
    2848
    2819
    2852
    2829
    2956
    2842
    2842
    2869
    2936
    2967
    2827
    2836
    2778
    2744
    2779
    2811
    2904
    2853
    2953
    2733
    2784
    2855
    2749
    2828
    2928
    2828
    2826
    2734
    2778
    2887
    2699
    2799
    2805
    2826
    2812
    2759
    2746
    2827
    2758
    2807
    2801
    2761
    2793
    2789
    2679
    2734
    2799
    2882
    2782
    2763
    2773
    2718
    2766
    2828
    2875
    2838
    2869
    2778
    2744
    2718
    2741
    2726
    2720
    2750
    2774
    2718
    2656
    2833
    2688
    2693
    2727
    2747
    2734
    2739
    2741
    2589
    2639
    2654
    2653
    2706
    2670
    2723
    2745
    2651
    2677
    2630
    2677
    2643
    2690
    2712
    2728
    2656
    2678
    2589
    2650
    2719
    2684
    2641
    2696
    2643
    2593
    2685
    2579
    2657
    2718
    2774
    2680
    2594
    2595
    2630
    2586
    2650
    2700
    2621
    2685
    2662
    2579
    2623
    2577
    2662
    2693
    2533
    2697
    2570
    2716
    2615
    2606
    2638
    2546
    2721
    2595
    2640
    2649
    2574
    2556
    2595
    2529
    2587
    2606
    2580
    2628
    2699
    2466
    2434
    2570
    2615
    2603
    2627
    2597
    2543
    2639
    2532
    2643
    2682
    2483
    2609
    2605
    2631
    2620
    2645
    2608
    2422
    2515
    2679
    2547
    2590
    2590
    2574
    2543
    2566
    2621
    2517
    2624
    2614
    2560
    2623
    2626
    2587
    2627
    2583
    2540
    2554
    2632
    2471
    2525
    2509
    2605
    2526
    2590
    2539
    2520
    2624
    2457
    2545
    2586
    2548
    2546
    2462
    2598
    2551
    2511
    2510
    2520
    2464
    2622
    2573
    2555
    2514
    2547
    2614
    2577
    2514
    2546
    2524
    2498
    2585
    2501
    2518
    2529
    2526
    2537
    2576
    2411
    2452
    2532
    2490
    2558
    2626
    2541
    2519
    2617
    2532
    2531
    2587
    2636
    2576
    2580
    2538
    2546
    2570
    2472
    2541
    2549
    2594
    2568
    2644
    2520
    2475
    2497
    2550
    2515
    2489
    2586
    2552
    2515
    2537
    2446
    2607
    2583
    2694
    2495
    2552
    2455
    2557
    2606
    2530
    2527
    2561
    2533
    2538
    2554
    2442
    2415
    2486
    2457
    2631
    2466
    2540
    2492
    2467
    2554
    2505
    2488
    2470
    2512
    2541
    2509
    2527
    2556
    2433
    2418
    2454
    2537
    2448
    2497
    2479
    2424
    2520
    2501
    2428
    2551
    2540
    2534
    2460
    2526
    2467
    2430
    2539
    2543
    2444
    2590
    2485
    2503
    2501
    2604
    2531
    2511
    2551
    2528
    2654
    2623
    2767
    2887
    3028
    3331
    3415
    3703
    3800
    4026
    3978
    3797
    3795
    3466
    3305
    3154
    2997
    2870
    2749
    2552
    2651
    2581
    2491
    2557
    2552
    2390
    2428
    2493
    2477
    2414
    2526
    2435
    2505
    2482
    2490
    2510
    2531
    2484
    2455
    2434
    2431
    2543
    2488
    2457
    2489
    2512
    2457
    2462
    2442
    2478
    2474
    2453
    2396
    2542
    2486
    2463
    2471
    2445
    2447
    2495
    2440
    2411
    2488
    2463
    2511
    2463
    2504
    2442
    2490
    2428
    2511
    2434
    2505
    2459
    2478
    2497
    2541
    2419
    2490
    2435
    2438
    2537
    2585
    2461
    2500
    2512
    2548
    2505
    2460
    2427
    2415
    2519
    2508
    2451
    2487
    2437
    2445
    2415
    2393
    2502
    2482
    2445
    2477
    2450
    2399
    2432
    2509
    2488
    2427
    2466
    2400
    2495
    2404
    2442
    2440
    2429
    2449
    2437
    2433
    2456
    2435
    2510
    2447
    2516
    2460
    2402
    2492
    2489
    2369
    2453
    2458
    2418
    2508
    2480
    2507
    2431
    2372
    2380
    2501
    2492
    2444
    2510
    2494
    2512
    2448
    2499
    2460
    2467
    2423
    2506
    2494
    2398
    2538
    2528
    2447
    2431
    2384
    2508
    2531
    2444
    2480
    2408
    2504
    2530
    2499
    2551
    2579
    2575
    2487
    2427
    2450
    2470
    2433
    2564
    2456
    2432
    2376
    2535
    2452
    2563
    2398
    2434
    2498
    2480
    2542
    2500
    2416
    2456
    2514
    2390
    2448
    2425
    2418
    2471
    2473
    2474
    2478
    2473
    2537
    2434
    2382
    2497
    2438
    2497
    2509
    2409
    2491
    2498
    2451
    2481
    2488
    2599
    2540
    2402
    2470
    2514
    2487
    2514
    2529
    2498
    2486
    2579
    2449
    2484
    2468
    2446
    2427
    2479
    2492
    2549
    2510
    2471
    2506
    2539
    2399
    2460
    2505
    2484
    2502
    2508
    2523
    2418
    2549
    2493
    2510
    2482
    2546
    2526
    2499
    2478
    2474
    2493
    2532
    2529
    2443
    2479
    2501
    2512
    2486
    2472
    2399
    2433
    2466
    2545
    2540
    2552
    2484
    2567
    2464
    2541
    2495
    2511
    2495
    2513
    2518
    2476
    2478
    2468
    2477
    2493
    2580
    2479
    2444
    2492
    2475
    2512
    2434
    2530
    2609
    2488
    2442
    2520
    2563
    2467
    2432
    2501
    2446
    2471
    2611
    2526
    2514
    2555
    2507
    2485
    2455
    2364
    2515
    2465
    2408
    2425
    2533
    2420
    2540
    2586
    2509
    2587
    2437
    2533
    2546
    2555
    2450
    2507
    2450
    2471
    2530
    2558
    2491
    2591
    2488
    2591
    2400
    2458
    2502
    2549
    2425
    2578
    2535
    2591
    2590
    2588
    2595
    2484
    2458
    2426
    2570
    2505
    2520
    2586
    2481
    2540
    2522
    2518
    2518
    2515
    2473
    2493
    2568
    2462
    2519
    2496
    2546
    2538
    2456
    2444
    2489
    2510
    2478
    2462
    2595
    2471
    2528
    2442
    2568
    2477
    2619
    2582
    2685
    2595
    2601
    2595
    2513
    2633
    2523
    2558
    2556
    2538
    2599
    2626
    2573
    2587
    2521
    2488
    2518
    2523
    2641
    2486
    2506
    2567
    2479
    2573
    2509
    2486
    2503
    2544
    2575
    2557
    2489
    2533
    2517
    2661
    2521
    2520
    2481
    2431
    2606
    2548
    2506
    2576
    2578
    2480
    2458
    2596
    2446
    2529
    2516
    2578
    2615
    2430
    2629
    2545
    2491
    2518
    2555
    2438
    2603
    2599
    2568
    2535
    2549
    2690
    2630
    2535
    2509
    2660
    2617
    2597
    2561
    2516
    2480
    2549
    2573
    2578
    2558
    2558
    2469
    2512
    2571
    2599
    2552
    2570
    2524
    2526
    2602
    2556
    2545
    2604
    2580
    2620
    2559
    2570
    2555
    2626
    2623
    2544
    2620
    2609
    2582
    2663
    2520
    2621
    2669
    2545
    2500
    2618
    2577
    2652
    2589
    2631
    2577
    2627
    2604
    2568
    2590
    2583
    2585
    2618
    2601
    2559
    2482
    2586
    2550
    2572
    2570
    2526
    2538
    2499
    2555
    2556
    2600
    2572
    2632
    2577
    2593
    2561
    2610
    2649
    2634
    2609
    2521
    2596
    2662
    2627
    2566
    2629
    2523
    2585
    2558
    2542
    2560
    2636
    2623
    2580
    2514
    2610
    2604
    2567
    2619
    2600
    2565
    2599
    2608
    2574
    2628
    2601
    2746
    2742
    2751
    2804
    2860
    2712
    2729
    2721
    2716
    2607
    2589
    2622
    2618
    2643
    2646
    2704
    2715
    2504
    2650
    2625
    2546
    2603
    2610
    2582
    2543
    2699
    2622
    2636
    2701
    2505
    2601
    2527
    2675
    2627
    2684
    2685
    2604
    2644
    2600
    2666
    2617
    2667
    2687
    2526
    2595
    2630
    2632
    2630
    2650
    2492
    2618
    2666
    2661
    2655
    2765
    2553
    2702
    2678
    2621
    2631
    2568
    2621
    2673
    2646
    2645
    2579
    2566
    2698
    2697
    2732
    2686
    2665
    2624
    2721
    2653
    2575
    2755
    2625
    2693
    2691
    2644
    2579
    2662
    2653
    2600
    2709
    2662
    2519
    2611
    2750
    2551
    2752
    2720
    2732
    2702
    2645
    2638
    2598
    2708
    2712
    2677
    2696
    2667
    2708
    2773
    2722
    2555
    2585
    2709
    2660
    2603
    2735
    2719
    2609
    2669
    2716
    2712
    2737
    2603
    2588
    2648
    2679
    2674
    2697
    2712
    2731
    2660
    2565
    2587
    2684
    2639
    2759
    2680
    2702
    2679
    2706
    2750
    2705
    2681
    2644
    2773
    2728
    2671
    2758
    2735
    2670
    2692
    2719
    2835
    2749
    2755
    2681
    2654
    2765
    2643
    2786
    2737
    2612
    2793
    2717
    2738
    2847
    2754
    2682
    2651
    2807
    2679
    2839
    2680
    2681
    2775
    2744
    2718
    2714
    2739
    2740
    2705
    2753
    2676
    2740
    2726
    2749
    2701
    2798
    2743
    2732
    2841
    2675
    2738
    2862
    2746
    2764
    2701
    2776
    2652
    2633
    2611
    2708
    2727
    2729
    2665
    2731
    2709
    2698
    2754
    2816
    2788
    2725
    2612
    2824
    2714
    2641
    2854
    2760
    2666
    2758
    2772
    2763
    2660
    2864
    2826
    2899
    2793
    2844
    2709
    2658
    2840
    2749
    2738
    2718
    2667
    2831
    2774
    2834
    2735
    2831
    2815
    2829
    2875
    2836
    2772
    2878
    2846
    2804
    2795
    2767
    2863
    2686
    2807
    2796
    2849
    2799
    2919
    2811
    2848
    2778
    2826
    2771
    2796
    2774
    2836
    2839
    2864
    2729
    2760
    2818
    2780
    2834
    2768
    2764
    2866
    2887
    2822
    2857
    2792
    2896
    2891
    2853
    2881
    2814
    2780
    2869
    2775
    2811
    2970
    2808
    2828
    2743
    2801
    2829
    2773
    2842
    2910
    2807
    2898
    2821
    2757
    2881
    2858
    2776
    2908
    2922
    2847
    2844
    2815
    2898
    2836
    2892
    2867
    2885
    2949
    2783
    2824
    2857
    2854
    2874
    2777
    2888
    2943
    2927
    2871
    2839
    2805
    2859
    2815
    2852
    2970
    2933
    2919
    2926
    2965
    2841
    2959
    2948
    2888
    2939
    2930
    2914
    2876
    2834
    2971
    2906
    2840
    2934
    2847
    2938
    2867
    2912
    2968
    2967
    2907
    2884
    2988
    2854
    2957
    2908
    2932
    2905
    2936
    2941
    2918
    2927
    2998
    2890
    3067
    2996
    2811
    2859
    2925
    2964
    2983
    2973
    2961
    3031
    2974
    3057
    2956
    2971
    2932
    3000
    2977
    3024
    2966
    3019
    2947
    2923
    2922
    2954
    2989
    2996
    2976
    2954
    3089
    2964
    3053
    2985
    2894
    2880
    2995
    3038
    2943
    2986
    2904
    2915
    2927
    2846
    2999
    2989
    3031
    3042
    2896
    2985
    3031
    2953
    3051
    2995
    3035
    3031
    3045
    2955
    3018
    3032
    2922
    2994
    3012
    2914
    3073
    3056
    2990
    2991
    2996
    3016
    3010
    2941
    3062
    3124
    3055
    3011
    2982
    3064
    2921
    3024
    3088
    3060
    3047
    3072
    3048
    3072
    3013
    3099
    3075
    2954
    3108
    3062
    3095
    3040
    3118
    3047
    3050
    3047
    3169
    3042
    2975
    3081
    3046
    3165
    3028
    3054
    3121
    3134
    3064
    3215
    3134
    3075
    3057
    3123
    3185
    3145
    3148
    3117
    3106
    3103
    3142
    3199
    3003
    3078
    3090
    3139
    3067
    3148
    2964
    3128
    3128
    3127
    3122
    3111
    3129
    3131
    3062
    3131
    3186
    3132
    3163
    3061
    3099
    3113
    3168
    3114
    3077
    3121
    3110
    3117
    3183
    3182
    3257
    3115
    3227
    3235
    3240
    3112
    3135
    3201
    3200
    3252
    3171
    3121
    3201
    3254
    3110
    3181
    3233
    3183
    3208
    3268
    3368
    3114
    3182
    3142
    3196
    3268
    3282
    3244
    3143
    3190
    3151
    3261
    3185
    3215
    3135
    3300
    3259
    3134
    3194
    3272
    3263
    3213
    3287
    3270
    3226
    3293
    3271
    3387
    3324
    3343
    3416
    3516
    3604
    3632
    3636
    3659
    3737
    3647
    3779
    3834
    3643
    3585
    3522
    3478
    3383
    3350
    3401
    3283
    3253
    3251
    3308
    3334
    3333
    3431
    3295
    3389
    3286
    3275
    3382
    3284
    3297
    3343
    3225
    3412
    3392
    3249
    3329
    3326
    3291
    3402
    3362
    3417
    3386
    3379
    3416
    3293
    3325
    3420
    3432
    3327
    3367
    3358
    3327
    3424
    3326
    3413
    3362
    3364
    3380
    3354
    3408
    3399
    3383
    3443
    3329
    3401
    3370
    3348
    3446
    3461
    3440
    3294
    3349
    3367
    3517
    3469
    3461
    3356
    3496
    3420
    3451
    3468
    3486
    3501
    3414
    3464
    3504
    3489
    3452
    3462
    3479
    3454
    3374
    3492
    3605
    3404
    3421
    3514
    3545
    3512
    3500
    3542
    3417
    3487
    3484
    3482
    3630
    3603
    3560
    3466
    3545
    3530
    3543
    3524
    3571
    3587
    3540
    3538
    3498
    3527
    3500
    3568
    3583
    3543
    3561
    3570
    3555
    3618
    3707
    3692
    3659
    3644
    3564
    3589
    3571
    3687
    3703
    3564
    3557
    3607
    3588
    3682
    3619
    3732
    3598
    3621
    3637
    3602
    3732
    3653
    3638
    3681
    3644
    3617
    3706
    3669
    3733
    3682
    3732
    3746
    3600
    3730
    3696
    3646
    3765
    3774
    3767
    3682
    3743
    3719
    3705
    3835
    3636
    3814
    3760
    3736
    3706
    3716
    3875
    3782
    3807
    3728
    3771
    3775
    3708
    3745
    3703
    3673
    3744
    3856
    3744
    3788
    3792
    3814
    3794
    3751
    3842
    3895
    3791
    3857
    3888
    3782
    3942
    3890
    3895
    3805
    3920
    3905
    3780
    3820
    3849
    3928
    3922
    3837
    3928
    3840
    3874
    4002
    3890
    3923
    3930
    3999
    3967
    4031
    3870
    3968
    3959
    4004
    3929
    3942
    3909
    4053
    3888
    3920
    4024
    4067
    4121
    4079
    3941
    3893
    4058
    4035
    4025
    3906
    3968
    3978
    4144
    4047
    4019
    4072
    3983
    4132
    4083
    4117
    4127
    4046
    4118
    4096
    4169
    4140
    4025
    4017
    4087
    4173
    3993
    4108
    4129
    4071
    4222
    4147
    4133
    4225
    4105
    4139
    4085
    4086
    4205
    4220
    4180
    4237
    4300
    4303
    4189
    4251
    4210
    4125
    4234
    4257
    4298
    4243
    4313
    4333
    4267
    4191
    4297
    4172
    4340
    4261
    4278
    4350
    4447
    4301
    4229
    4389
    4229
    4300
    4344
    4407
    4311
    4371
    4374
    4405
    4336
    4387
    4262
    4383
    4280
    4407
    4292
    4387
    4424
    4418
    4303
    4427
    4447
    4431
    4389
    4342
    4393
    4493
    4461
    4478
    4487
    4520
    4415
    4498
    4519
    4506
    4532
    4441
    4397
    4507
    4596
    4549
    4601
    4560
    4596
    4377
    4537
    4685
    4453
    4584
    4586
    4552
    4585
    4616
    4601
    4507
    4574
    4485
    4697
    4570
    4601
    4521
    4679
    4697
    4636
    4706
    4608
    4724
    4619
    4624
    4574
    4756
    4718
    4827
    4730
    4704
    4699
    4726
    4644
    4674
    4726
    4733
    4719
    4691
    4754
    4746
    4659
    4703
    4713
    4625
    4852
    4890
    4803
    4818
    4931
    4833
    4784
    4760
    4815
    4797
    4829
    4862
    4952
    4969
    4721
    5002
    5057
    4914
    4901
    4933
    4819
    5068
    5041
    4909
    4957
    4971
    4906
    4915
    4856
    5024
    5039
    4896
    4709
    5014
    4880
    5049
    4819
    4943
    5111
    4842
    4922
    5118
    5030
    5079
    4945
    4949
    4996
    5036
    5095
    5054
    5021
    5154
    5070
    5021
    5029
    5054
    5149
    5074
    5073
    5019
    5091
    5032
    5180
    5000
    5100
    5184
    5070
    5101
    5177
    4978
    5157
    5121
    5118
    5203
    5259
    5055
    5233
    5132
    5099
    5044
    5018
    5050
    5071
    5177
    5103
    5175
    5127
    5213
    5224
    5083
    5252
    5311
    5266
    5142
    5062
    5146
    5071
    5181
    5073
    5207
    5086
    5217
    5052
    5158
    5106
    4891
    4910
    5073
    4961
    4900
    5032
    5018
    4913
    4903
    4709
    4808
    4696
    4669
    4551
    4807
    4625
    4633
    4539
    4497
    4510
    4360
    4361
    4323
    4271
    4334
    4247
    4222
    4134
    4069
    4111
    4052
    4089
    4063
    4093
    4094
    4063
    3968
    4005
    4008
    3986
    3919
    3949
    3931
    3906
    3899
    3935
    3801
    3769
    3825
    3886
    3908
    3914
    3851
    3863
    3816
    3767
    3860
    3691
    3865
    3848
    3781
    3656
    3750
    3664
    3665
    3754
    3717
    3780
    3715
    3684
    3689
    3688
    3670
    3759
    3754
    3664
    3823
    3759
    3742
    3721
    3622
    3606
    3718
    3712
    3609
    3752
    3634
    3555
    3679
    3579
    3710
    3616
    3806
    3787
    3683
    3646
    3648
    3647
    3639
    3658
    3619
    3636
    3670
    3687
    3601
    3639
    3673
    3586
    3565
    3557
    3606
    3631
    3565
    3669
    3601
    3588
    3598
    3660
    3520
    3578
    3628
    3682
    3604
    3560
    3668
    3580
    3610
    3512
    3546
    3622
    3669
    3523
    3644
    3512
    3635
    3420
    3497
    3422
    3496
    3477
    3516
    3595
    3547
    3482
    3512
    3551
    3537
    3627
    3495
    3627
    3496
    3487
    3409
    3524
    3509
    3583
    3504
    3403
    3442
    3465
    3407
    3627
    3551
    3494
    3515
    3483
    3495
    3491
    3482
    3508
    3476
    3501
    3405
    3504
    3430
    3468
    3494
    3440
    3536
    3382
    3469
    3491
    3461
    3344
    3448
    3465
    3421
    3368
    3553
    3473
    3423
    3409
    3430
    3337
    3305
    3347
    3449
    3413
    3525
    3466
    3413
    3375
    3402
    3384
    3364
    3406
    3428
    3305
    3423
    3502
    3339
    3379
    3401
    3406
    3399
    3335
    3283
    3383
    3315
    3397
    3311
    3372
    3259
    3436
    3316
    3252
    3472
    3329
    3312
    3380
    3293
    3242
    3327
    3385
    3304
    3328
    3376
    3274
    3296
    3375
    3349
    3352
    3261
    3238
    3309
    3135
    3357
    3380
    3366
    3208
    3270
    3240
    3317
    3248
    3148
    3225
    3327
    3394
    3285
    3275
    3266
    3310
    3333
    3221
    3251
    3369
    3275
    3202
    3268
    3219
    3263
    3150
    3198
    3253
    3144
    3251
    3290
    3291
    3380
    3232
    3195
    3230
    3351
    3232
    3343
    3325
    3174
    3292
    3253
    3312
    3201
    3274
    3223
    3160
    3240
    3287
    3170
    3225
    3172
    3320
    3229
    3244
    3270
    3158
    3148
    3153
    3252
    3174
    3269
    3210
    3108
    3260
    3253
    3281
    3184
    3274
    3146
    3160
    3179
    3157
    3179
    3044
    3186
    3258
    3227
    3041
    3193
    3235
    3140
    3254
    3222
    3120
    3184
    3127
    3224
    3131
    3227
    3214
    3206
    3135
    3134
    3171
    3159
    3156
    3064
    3173
    3134
    3100
    3229
    3195
    3131
    3172
    3132
    3148
    3218
    3093
    3176
    3168
    3112
    3182
    3137
    3152
    3230
    3192
    3232
    3065
    3150
    3166
    3178
    3111
    3178
    3123
    3175
    3127
    3309
    3227
    3118
    3043
    3163
    3164
    3187
    3164
    3191
    3161
    3113
    3197
    3144
    3152
    3114
    3109
    3060
    3285
    3209
    3089
    3244
    3119
    3149
    3034
    3191
    3160
    3138
    3097
    3100
    3213
    3246
    3129
    3133
    3101
    3142
    3206
    3055
    3212
    3196
    3228
    3127
    3149
    3193
    3193
    3213
    3255
    3196
    3196
    3184
    3186
    3282
    3257
    3246
    3211
    3154
    3176
    3267
    3170
    3193
    3242
    3119
    3228
    3236
    3289
    3204
    3241
    3289
    3171
    3240
    3315
    3197
    3208
    3220
    3245
    3285
    3317
    3249
    3264
    3337
    3214
    3238
    3175
    3249
    3314
    3339
    3325
    3215
    3224
    3389
    3260
    3192
    3282
    3284
    3268
    3279
    3229
    3299
    3290
    3377
    3326
    3338
    3428
    3352
    3259
    3297
    3364
    3409
    3338
    3312
    3299
    3298
    3431
    3415
    3357
    3289
    3431
    3305
    3387
    3363
    3241
    3319
    3408
    3250
    3426
    3368
    3389
    3412
    3358
    3368
    3370
    3386
    3404
    3337
    3400
    3419
    3353
    3267
    3350
    3333
    3329
    3438
    3412
    3379
    3416
    3374
    3368
    3516
    3403
    3337
    3440
    3427
    3310
    3354
    3365
    3379
    3441
    3326
    3402
    3321
    3431
    3444
    3352
    3379
    3263
    3404
    3368
    3349
    3313
    3350
    3311
    3266
    3323
    3293
    3254
    3339
    3235
    3245
    3146
    3274
    3156
    3237
    3287
    3144
    3177
    3133
    3063
    3199
    3026
    2990
    2933
    2859
    2819
    2894
    2740
    2820
    2807
    2681
    2590
    2634
    2572
    2571
    2611
    2469
    2452
    2335
    2423
    2314
    2500
    2283
    2361
    2299
    2290
    2230
    2336
    2215
    2189
    2298
    2155
    2215
    2286
    2265
    2159
    2181
    2090
    2197
    2105
    2139
    2204
    2134
    2169
    2071
    2151
    2087
    2079
    2124
    2115
    2048
    2082
    2053
    2032
    1989
    2063
    2006
    1996
    1969
    2039
    1994
    1985
    1969
    2040
    1996
    1946
    2032
    1905
    1964
    1973
    1967
    1989
    1919
    1995
    1990
    1944
    1835
    1931
    1975
    1845
    1810
    1903
    1927
    1895
    1832
    1840
    1882
    1822
    1906
    1994
    1870
    1895
    1868
    1850
    1903
    1794
    1906
    1825
    1842
    1835
    1800
    1771
    1809
    1801
    1830
    1861
    1855
    1800
    1869
    1783
    1839
    1743
    1768
    1768
    1808
    1746
    1805
    1751
    1774
    1715
    1758
    1747
    1829
    1747
    1742
    1730
    1722
    1678
    1680
    1677
    1733
    1674
    1692
    1728
    1780
    1669
    1694
    1781
    1700
    1719
    1669
    1734
    1673
    1675
    1652
    1715
    1675
    1562
    1656
    1609
    1589
    1702
    1640
    1672
    1636
    1639
    1706
    1702
    1631
    1646
    1634
    1606
    1555
    1601
    1593
    1599
    1613
    1624
    1598
    1547
    1590
    1658
    1632
    1557
    1594
    1618
    1563
    1543
    1593
    1677
    1677
    1648
    1703
    1704
    1751
    1754
    1907
    2049
    2226
    2683
    3430
    4455
    6245
    9376
   14562
   22069
   35073
   54217
   79604
  107825
  138162
  163026
  179396
  182687
  171541
  150779
  122858
   92709
   64658
   41692
   24472
   13496
    6997
    3691
    2225
    1558
    1388
    1289
    1250
    1223
    1267
    1209
    1159
    1249
    1229
    1148
    1164
    1177
    1138
    1212
    1101
    1132
    1178
    1128
    1108
    1093
    1073
    1056
    1136
    1171
    1111
    1080
    1101
    1062
    1011
    1140
    1089
    1173
    1124
    1039
    1086
    1040
    1010
    1005
    1073
    1007
    1065
     977
    1030
     985
     977
    1033
     988
     956
    1033
     977
     985
    1025
     928
     997
     977
     929
     964
     967
     924
     999
     952
     936
     926
     925
     927
     910
     903
     979
     887
     931
     960
     948
     888
     899
     894
     879
     913
     898
     823
     810
     857
     822
     850
     874
     850
     863
     811
     832
     797
     803
     835
     778
     781
     778
     815
     821
     823
     784
     739
     753
     730
     757
     739
     734
     751
     746
     765
     730
     727
     679
     781
     693
     716
     738
     657
     650
     651
     661
     659
     628
     700
     627
     655
     656
     646
     651
     686
     664
     588
     568
     621
     653
     609
     623
     621
     620
     615
     560
     610
     595
     545
     587
     576
     595
     538
     540
     574
     545
     505
     544
     536
     537
     541
     528
     550
     522
     506
     499
     479
     516
     549
     512
     491
     515
     489
     487
     484
     510
     518
     528
     539
     475
     462
     475
     493
     472
     470
     465
     452
     475
     469
     421
     431
     454
     454
     458
     464
     454
     460
     410
     387
     401
     407
     407
     390
     416
     420
     390
     390
     371
     415
     424
     413
     414
     409
     398
     358
     403
     352
     425
     371
     358
     377
     363
     365
     390
     370
     356
     366
     337
     335
     363
     335
     363
     359
     330
     360
     366
     369
     344
     322
     330
     358
     347
     325
     313
     339
     285
     349
     336
     333
     285
     334
     326
     317
     288
     302
     285
     340
     293
     289
     293
     272
     306
     292
     262
     293
     312
     290
     298
     283
     275
     279
     268
     280
     252
     307
     267
     267
     262
     287
     278
     279
     280
     300
     286
     269
     260
     277
     267
     276
     254
     294
     290
     276
     248
     267
     258
     281
     280
     290
     237
     274
     265
     288
     285
     266
     293
     278
     277
     279
     265
     254
     238
     231
     270
     271
     253
     238
     260
     275
     257
     262
     257
     246
     274
     282
     279
     270
     236
     245
     248
     258
     291
     254
     272
     275
     241
     235
     241
     246
     254
     270
     262
     244
     257
     244
     260
     243
     212
     244
     243
     269
     243
     254
     248
     277
     226
     222
     227
     264
     239
     253
     248
     265
     243
     269
     229
     280
     263
     244
     245
     279
     247
     232
     228
     228
     243
     224
     235
     257
     249
     232
     280
     227
     238
     232
     257
     254
     239
     231
     242
     223
     242
     238
     218
     237
     234
     250
     247
     233
     216
     250
     245
     223
     273
     212
     261
     222
     239
     240
     229
     215
     244
     201
     236
     258
     246
     211
     223
     224
     215
     240
     209
     246
     257
     247
     240
     206
     220
     216
     243
     241
     214
     210
     217
     198
     209
     223
     247
     226
     211
     216
     204
     240
     212
     217
     222
     202
     230
     200
     228
     249
     194
     207
     213
     227
     234
     216
     208
     237
     209
     237
     209
     208
     219
     224
     230
     193
     203
     205
     239
     187
     211
     205
     231
     188
     239
     212
     225
     211
     221
     210
     216
     203
     204
     235
     194
     229
     213
     222
     197
     220
     214
     212
     212
     216
     240
     190
     206
     235
     209
     215
     277
     204
     206
     232
     226
     247
     230
     229
     218
     187
     254
     224
     217
     219
     226
     222
     244
     227
     197
     230
     230
     232
     220
     250
     234
     256
     238
     244
     253
     260
     263
     262
     271
     262
     291
     324
     271
     283
     334
     341
     371
     448
     510
     649
     792
    1077
    1432
    2023
    2916
    4374
    6439
    9917
   15637
   24122
   36291
   52870
   73663
   96697
  118438
  136926
  147859
  149409
  142094
  127373
  107190
   84974
   62774
   43011
   27184
   15875
    8455
    4131
    1861
     790
     304
     163
      85
      76
      51
      49
      51
      40
      60
      53
      44
      45
      47
      54
      54
      48
      42
      39
      54
      49
      42
      46
      46
      51
      49
      37
      37
      54
      41
      59
      43
      44
      35
      42
      36
      41
      46
      46
      38
      47
      53
      36
      43
      53
      33
      45
      39
      43
      37
      45
      36
      40
      43
      34
      37
      43
      47
      36
      52
      60
      36
      40
      45
      35
      33
      48
      38
      40
      42
      41
      33
      35
      41
      35
      38
      46
      50
      34
      47
      38
      43
      46
      37
      30
      39
      32
      33
      49
      28
      46
      31
      42
      32
      35
      40
      44
      38
      28
      37
      37
      43
      45
      40
      46
      51
      40
      37
      42
      56
      33
      44
      42
      39
      39
      29
      24
      36
      31
      33
      39
      35
      42
      35
      32
      31
      39
      46
      39
      45
      35
      40
      38
      31
      25
      38
      34
      31
      36
      26
      36
      33
      27
      28
      33
      33
      42
      32
      31
      42
      41
      34
      32
      39
      36
      37
      41
      32
      49
      33
      39
      35
      35
      38
      38
      34
      33
      43
      38
      33
      36
      30
      30
      44
      32
      31
      28
      32
      40
      39
      26
      35
      33
      34
      37
      36
      28
      41
      27
      23
      49
      36
      38
      32
      37
      40
      27
      32
      39
      22
      41
      31
      36
      38
      47
      37
      22
      49
      39
      39
      39
      24
      32
      44
      35
      42
      25
      37
      35
      36
      30
      45
      29
      20
      30
      34
      31
      43
      30
      30
      36
      24
      31
      26
      31
      25
      34
      37
      38
      34
      33
      34
      34
      38
      46
      39
      34
      34
      37
      36
      34
      30
      38
      33
      37
      37
      36
      26
      29
      37
      46
      40
      37
      33
      32
      33
      32
      35
      30
      31
      36
      51
      26
      42
      21
      35
      28
      30
      31
      29
      27
      40
      32
      45
      29
      31
      30
      26
      35
      30
      36
      30
      36
      28
      31
      43
      31
      33
      24
      51
      27
      34
      29
      33
      39
      35
      25
      26
      29
      37
      33
      29
      29
      38
      23
      38
      31
      30
      30
      33
      32
      31
      35
      41
      23
      34
      24
      29
      30
      40
      33
      27
      19
      29
      40
      20
      36
      31
      27
      31
      37
      28
      34
      34
      31
      33
      31
      37
      29
      34
      35
      36
      28
      28
      30
      35
      35
      34
      19
      34
      38
      26
      29
      45
      29
      26
      45
      29
      35
      33
      40
      35
      26
      27
      35
      33
      33
      33
      22
      37
      50
      36
      29
      27
      30
      31
      32
      33
      40
      34
      32
      27
      32
      32
      31
      40
      21
      38
      40
      32
      34
      29
      30
      23
      34
      31
      20
      29
      28
      26
      38
      31
      23
      24
      32
      21
      27
      24
      29
      19
      40
      33
      26
      32
      37
      36
      36
      30
      26
      31
      35
      23
      23
      34
      23
      28
      35
      37
      30
      44
      25
      33
      45
      47
      43
      44
      42
      44
      40
      38
      44
      43
      29
      24
      41
      27
      33
      24
      26
      29
      31
      27
      37
      28
      39
      36
      26
      29
      28
      32
      22
      43
      28
      43
      29
      35
      26
      27
      24
      33
      34
      25
      31
      31
      29
      27
      30
      26
      29
      28
      27
      35
      34
      30
      23
      32
      30
      25
      27
      38
      28
      26
      27
      37
      26
      32
      26
      36
      39
      22
      34
      32
      34
      24
      26
      37
      28
      23
      31
      34
      37
      28
      17
      30
      33
      29
      31
      34
      39
      43
      21
      24
      24
      26
      26
      29
      33
      23
      25
      24
      37
      25
      25
      25
      34
      31
      26
      34
      33
      34
      32
      30
      26
      30
      28
      26
      32
      29
      26
      23
      24
      28
      18
      27
      27
      22
      23
      31
      23
      29
      21
      28
      27
      38
      27
      25
      31
      29
      24
      28
      21
      22
      33
      26
      22
      33
      24
      25
      29
      25
      26
      25
      21
      25
      26
      16
      19
      25
      31
      30
      37
      23
      34
      19
      26
      23
      25
      24
      17
      30
      21
      30
      27
      24
      18
      26
      22
      28
      27
      38
      27
      17
      23
      21
      16
      25
      22
      22
      27
      21
      27
      21
      22
      33
      40
      22
      25
      31
      30
      26
      30
      19
      29
      33
      27
      31
      22
      25
      20
      24
       9
      25
      27
      27
      23
      22
      22
      24
      19
      24
      21
      32
      22
      20
      18
      29
      25
      19
      28
      19
      15
      24
      24
      25
      26
      21
      23
      21
      22
      20
      39
      19
      30
      26
      18
      19
      21
      19
      24
      29
      27
      19
      23
      24
      17
      20
      19
      23
      20
      16
      19
      24
      22
      35
      23
      23
      24
      28
      23
      33
      19
      19
      23
      27
      25
      19
      16
      19
      23
      33
      15
      19
      23
      26
      18
      28
      27
      17
      29
      32
      19
      26
      25
      30
      27
      21
      19
      25
      30
      18
      31
      37
      18
      33
      20
      20
      28
      23
      33
      22
      18
      28
      20
      14
      19
      22
      28
      26
      34
      21
      19
      22
      21
      38
      22
      23
      39
      30
      22
      21
      29
      23
      39
      22
      31
      25
      26
      18
      24
      26
      22
      27
      15
      21
      20
      27
      24
      26
      24
      25
      36
      15
      21
      26
      17
      22
      17
      27
      26
      26
      21
      20
      23
      27
      23
      12
      19
      28
      25
      27
      20
      29
      21
      28
      29
      19
      21
      23
      22
      16
      27
      15
      22
      32
      24
      13
      23
      29
      25
      26
      25
      26
      18
      24
      25
      19
      20
      22
      18
      14
      26
      37
      29
      18
      25
      33
      29
      13
      29
      23
      20
      25
      23
      24
      15
      15
      20
      36
      29
      32
      27
      19
      31
      27
      23
      29
      19
      25
      25
      20
      24
      15
      18
      21
      22
      22
      26
      24
      23
      33
      25
      19
      23
      23
      27
      25
      14
      38
      20
      24
      21
      18
      28
      20
      15
      25
      30
      30
      23
      26
      18
      26
      28
      12
      26
      27
      19
      22
      12
      21
      24
      22
      18
      20
      25
      14
      25
      28
      21
      22
      21
      22
      22
      21
      20
      27
      17
      25
      21
      25
      18
      20
      30
      14
      24
      24
      23
      22
      24
      15
      19
      21
      17
      22
      21
      21
      32
      17
      26
      13
      24
      20
      14
      17
      21
      20
      18
      19
      22
      23
      30
      20
      19
      24
      21
      17
      17
      13
      29
      22
      20
      25
      28
      15
      23
      22
      17
      23
      18
      20
      25
      27
      17
      19
      24
      17
      20
      25
      21
      23
      14
      28
      23
      19
      24
      23
      20
      21
      21
      23
      30
      27
      24
      16
      16
      20
      18
      23
      21
      25
      20
      14
      19
      16
      16
      21
      26
      19
      27
      19
      22
      24
      13
      18
      27
      20
      21
      12
      21
      26
      21
      17
      13
      22
      12
      18
      13
      19
      19
      23
      20
      15
      20
      22
      20
      13
      19
      27
      18
      15
      17
      21
      22
      24
      17
      16
      13
      25
      24
      24
      17
      19
      14
      24
      18
      14
      23
      26
      17
      22
      18
      24
      27
      18
      18
      11
      15
      19
      22
      19
      16
      21
      18
      19
      18
      11
      21
      23
      18
      23
      18
      18
      16
      16
      20
      17
      12
      20
      24
      12
      26
      17
      14
      22
      15
      17
      15
      19
      22
      13
      13
      23
      14
      13
      17
      14
      20
      26
      23
      25
      17
      18
      16
      22
      22
      16
      12
      18
      18
      16
      24
      13
      15
      22
      17
      16
      18
       9
      23
      22
      18
       9
      14
      23
      20
      24
      20
      19
      21
      19
      18
      13
      17
      10
      16
      28
      15
      12
      18
      17
      19
      13
      15
      10
      12
      16
      14
      24
      16
      23
      17
      19
      23
      18
      20
      20
      14
      22
      17
      20
      17
      22
      20
      16
      23
      15
      13
      12
      26
      19
      18
      13
      19
      21
      17
      16
      19
      20
      18
      14
      12
      14
      16
      21
      18
      21
       9
      20
      16
      17
      19
      18
      20
      17
      15
      15
      11
      11
      27
      13
      13
      18
      15
      17
       8
      16
      19
      19
      20
      10
      25
      18
      10
      17
      17
      17
      14
      18
      17
      18
      26
      24
      15
      14
      19
      10
      14
      22
      15
      14
      13
      12
      19
      17
      17
      20
      23
      14
      16
      12
      22
      16
      12
      17
      22
      13
      14
      17
      17
      12
      21
      13
      16
      20
      14
      19
      15
      21
      16
      15
       9
      10
      13
      13
      19
      10
      17
      18
      18
      19
      20
      16
      10
      10
      18
      21
      17
      19
      13
      20
      21
      15
      11
      15
      17
      24
      18
       9
      13
      18
      13
      15
      16
      12
      23
      23
      16
      15
      19
      15
      15
      17
      11
      10
       8
      11
      16
      20
      18
      23
       8
      20
      17
      14
      10
      14
      21
       9
      21
      17
      17
      16
      20
      12
      14
      19
      12
      11
      16
       9
      13
       9
      14
       8
       9
      15
      18
      10
      20
      14
      15
      10
      12
      12
      12
      17
      12
      14
      17
      20
      17
      17
      14
      18
      10
      13
      19
      22
      12
      12
      14
      17
      15
      18
      19
      16
      10
      17
      16
      20
      11
      20
      16
      11
      11
      16
      14
      12
      13
      22
      13
      22
      17
      11
      14
      16
      12
      17
      19
      19
      21
       8
      14
      13
      15
      11
      14
      18
      11
      10
      13
      17
      14
      11
       7
      10
      18
      15
      14
      11
      14
      17
      14
      20
      16
      12
      17
       9
      15
      19
      11
      15
      10
      15
      10
      19
      17
      19
      13
      10
      14
      21
       9
      12
      15
      14
      12
      18
      13
      12
      16
      15
      15
      21
      13
      12
      17
      20
      13
      17
      15
      11
      15
      15
      17
      16
      21
       5
      11
      14
      17
      16
      16
      10
      14
      12
      12
      18
      13
       5
      14
      16
      16
      13
      14
      12
      12
      14
      16
      13
      11
      16
       9
      11
      16
      13
      19
      17
      10
      19
      13
       7
      20
      10
      10
      16
      13
      11
      15
      18
      10
      12
      23
      17
      20
       9
      20
      13
      16
      22
      17
      19
      26
      17
      11
      18
      15
      17
      20
      12
      16
      20
      19
       8
      13
       7
       8
      21
      15
      15
      10
      17
       8
      16
      19
      13
      18
      13
      20
       9
      14
      12
      16
      15
      13
      15
      11
      18
      15
      14
      14
      15
      12
      19
      18
      17
      16
      11
      14
      10
      15
      17
      14
       8
      10
      19
      14
      13
      21
      18
      22
      14
      12
      15
      15
      12
      14
      13
      15
      17
      13
      12
       4
      14
      16
      14
      12
      19
      17
       7
       8
      15
      13
      18
      22
       3
      13
       9
       9
      14
      11
      21
      12
      10
      14
      15
      12
       9
      15
       8
       8
      15
      17
      14
      16
      18
      15
      20
      17
      18
      14
      20
      14
      16
      10
      10
      16
      15
      17
       7
      16
      17
      16
      13
       9
      14
       9
      11
      14
      10
      16
      16
      14
      17
      12
       9
       9
      12
      14
      14
      15
      12
      15
      14
      10
      12
      18
      14
       9
      12
      15
      11
      17
      17
      14
      19
      13
      19
      13
       9
      15
      18
       7
      13
      12
      11
      16
      11
      12
      18
       7
      14
      16
      14
      14
      10
      11
      13
      19
      14
      13
      12
      22
      10
      12
      14
      13
      17
      14
      17
      13
      15
      12
      13
      14
      11
      16
      20
      14
      14
      11
      17
      16
      18
      20
      11
      12
      16
      15
      10
      16
      16
      10
      15
      11
      12
      15
      14
      13
      15
      15
      18
      14
      13
       8
      21
      13
      11
      11
      13
      12
      12
      11
      19
      14
      17
      11
      12
      11
      17
      13
      13
      11
      15
      15
      13
      12
      17
      14
      20
      13
      14
      12
      12
      12
      14
      13
       9
      12
       5
      18
      15
      23
      13
      18
      21
      14
      13
      16
      15
      11
      20
       6
      13
      11
      11
      13
      11
      19
      17
       7
      12
      19
       9
      15
      12
      18
      14
      17
      15
      14
      14
       9
      21
      20
      19
      12
      15
      14
      12
       8
      12
      12
      14
       9
      19
      10
      14
      17
      14
      20
      20
      15
      12
      11
      14
      19
      18
      15
       9
      16
      14
      18
      13
      14
       9
      22
      14
      11
      10
       9
      12
      14
      15
      22
      10
      13
      15
      15
      18
      18
       7
      16
      18
      13
      15
      14
      11
      13
      20
      15
       8
      10
       8
       9
      11
       8
      17
       8
      13
      12
      16
      11
      15
      10
       9
      13
      12
      14
      10
      19
      12
      17
      14
      17
      13
      13
      15
      10
      11
      18
      12
      13
      14
      21
      17
      15
      12
      11
      13
      17
      14
      18
      15
      11
      21
      15
      18
      16
      11
      13
       8
      14
      13
      11
      16
      19
      14
      14
      13
      17
      18
      16
      18
      12
      13
      10
      16
       9
      14
      13
       9
      15
       9
      22
      15
      12
      11
      11
      12
      12
      10
      10
      12
       9
      13
      17
      11
      13
      10
      15
      14
      14
       7
      15
      13
      19
      14
      15
      12
      15
      10
      12
      10
      11
      12
      14
      12
       7
      14
      15
      11
      11
      12
      16
      11
      18
      15
      18
      16
      20
      11
      15
      15
      16
      14
      14
      16
      12
      14
      17
      16
      19
      14
      16
      13
      12
      13
      15
      17
       4
      19
      21
      15
      19
      11
      19
      21
       8
      14
      13
      13
       6
      16
      12
      14
      14
      16
      18
      13
      14
      13
      14
      11
      14
      12
      10
       9
       6
      11
      16
      12
      13
       9
      11
      12
      22
      10
       7
      19
      10
      17
      13
      16
      14
      14
      12
      15
       7
      18
      10
      12
      14
      17
      19
      13
      14
      16
      11
       9
      11
       9
      17
      12
      13
      10
      14
      19
      14
      13
      13
      10
      16
      10
      13
      13
      15
      14
      13
       9
      16
      16
      14
      11
      13
      11
      11
       8
      12
      18
       7
       8
      15
      17
      14
      14
      13
      11
      10
      14
      11
      15
      21
      14
      13
      17
      16
      19
      10
      13
      11
      11
      12
      15
      11
      12
      11
      16
      16
      14
      19
      20
      14
       8
      18
      11
      12
      17
      15
       6
      14
      16
      13
       8
       9
      16
      15
      16
      16
      14
       8
      19
      12
      13
      14
      12
      17
      18
      13
      10
      14
      13
      21
      13
      16
      16
      13
      14
      14
      12
      14
      17
      11
      12
      25
      11
      14
       9
      18
      11
      12
       9
      15
      16
      10
      13
      16
      15
      17
      12
       9
      12
      10
      12
      10
       8
      10
      10
      13
      17
      20
      18
      11
      13
      18
      10
      13
      14
      10
      15
       9
       9
      18
      13
      15
      17
      15
      13
      15
      16
      14
      12
      10
       9
       6
      17
      12
      16
      14
      15
      12
       8
      15
       8
      11
      11
      16
      17
       7
       9
      17
      11
      12
      16
      14
      10
      12
      17
      12
      13
      11
      14
      14
      11
      17
      12
      15
       9
      15
      13
      17
      12
       6
      17
      12
      13
      14
      14
      10
      20
      12
      15
      12
      16
      16
      15
       9
      12
      14
      17
      15
      16
      13
      16
      17
       9
      12
      13
      12
      11
      16
      14
      18
      11
       6
      15
      12
      11
       7
      15
      15
       9
      12
      13
      13
      16
      18
      10
      16
      15
      16
      16
      14
      20
       9
      18
      11
      10
      17
      12
      11
      21
      15
      17
      13
      13
      13
      14
      18
      20
       7
      23
      17
      12
      13
      10
       9
      17
      14
      15
      20
      14
      13
      15
      10
      16
      12
      16
      10
      13
      16
      14
      12
      17
       7
      12
       8
      24
      10
       9
      13
       7
      13
      17
      14
       9
      10
      16
      11
      16
       8
      12
       9
      22
      14
      14
      10
      15
       6
      16
       7
      15
      13
      19
      16
      16
      10
      10
      13
       8
      13
       9
      13
      19
       7
      17
      14
      11
      17
      14
       8
      11
       9
      14
      16
      15
      10
      10
       6
       6
      16
      15
      10
      12
       7
      12
      10
      11
      13
      13
      13
      13
       8
      12
      19
      10
      12
       9
      15
      16
       8
      16
      13
      12
      15
       9
      13
       7
       7
      12
      10
      16
       9
      11
      18
      14
       7
      13
      13
       8
      15
      11
      11
      22
       9
      11
      17
      16
      16
      13
      18
      13
      13
      11
       6
      14
      10
      16
      20
      13
      13
      13
      13
      17
      18
       9
      15
       6
      17
      11
      20
      14
      14
      12
      10
      10
      13
      12
       7
      14
      20
      11
      12
      10
      15
      10
      11
       9
      13
      18
      16
      12
      13
      21
       9
       9
      15
      13
      22
      13
       8
      11
       9
       7
      16
       7
       9
      18
      13
       7
      10
      13
      15
      19
       9
      14
      15
      13
      17
       9
      12
       8
      17
       6
      17
      15
       7
      15
      11
      11
      14
       9
       8
      15
      10
      15
      12
      11
       8
      15
      15
      12
       9
       8
      13
       4
      18
      12
      19
      14
       7
      14
      12
      16
      13
       7
      12
      13
      15
       9
      13
       7
       8
      12
       8
      20
      10
       9
       9
      18
       9
       7
      12
       8
       8
       9
      14
       7
      10
       8
       8
      16
       8
       7
      13
      11
      11
      13
      13
       6
      11
      13
      17
      14
       7
      10
       6
       7
      13
      20
      12
      16
      12
      14
      13
      13
      17
      12
       7
      19
      11
       7
      19
       6
      17
      14
      11
      12
      13
      12
      21
       9
       2
      13
      10
       8
       8
      11
       8
      13
      12
       6
      11
      14
       7
      17
      18
      10
       9
      14
       7
       9
      10
      12
       6
      15
       7
      11
      15
      12
       6
       8
      15
      15
       6
      12
      12
      12
       6
       8
       7
      12
       7
      11
      13
      11
      10
      10
       3
      18
       7
       9
       5
      15
      12
      11
       8
      17
      10
      11
       9
       7
      13
       8
      10
       7
      14
       5
       8
       6
      14
       9
       9
      12
      17
      15
       6
      11
      16
      12
      19
      15
       8
       8
      13
      17
      13
      12
       6
      13
       5
      16
      15
      11
      10
      14
       8
      18
      14
      10
      10
      14
      12
      19
      21
      13
       7
       8
       9
      10
      11
      10
      11
      17
      22
       7
      16
      11
      13
       8
      13
      10
       5
      12
       8
       8
      15
      10
      10
      10
      18
       4
      13
      14
       9
      15
      12
       7
      12
      13
      15
      10
       8
      16
      16
      12
      14
      13
       7
      16
      13
      12
       8
      24
      11
      11
      16
       8
      13
      14
      13
      12
      11
      12
      16
      10
      16
       9
      16
      11
       6
       9
      11
       7
       7
      13
       9
       6
      16
      14
       9
      10
       5
      12
      12
      10
       6
      21
      14
       9
      16
      12
       9
      10
       8
       7
      13
       7
       9
      10
       7
      10
      12
      12
       6
      10
      10
      12
       7
      12
      10
       9
      11
      17
       4
      17
      12
       8
      15
       6
      11
       7
       7
       8
      13
      11
      11
       8
      14
      10
      20
       6
      11
       6
       7
      15
      10
      11
      13
      12
      10
       9
      12
       9
      11
      13
      13
       6
       8
      15
      11
      15
       7
       9
       8
      12
       3
       6
       8
      11
      12
      15
       7
      13
       7
      11
      12
      10
      11
      11
      14
      13
       8
       9
       9
       6
       7
      16
      11
      10
      10
      17
      12
      11
      15
       9
       7
      13
      12
       8
       6
       9
      14
      12
      15
       8
       7
      23
      12
       7
       5
      13
      13
       8
       5
      11
       7
      11
       9
      11
      11
      13
      11
       6
      13
      10
       8
      10
      13
      14
      15
       6
       7
      16
      10
      16
      12
      10
       9
      10
      20
      15
      13
       6
       6
       7
       6
       8
      15
      13
      10
      15
      10
      10
       9
       9
      10
      10
      14
      11
       7
      11
      18
       4
       9
      12
      14
      13
      10
       6
       8
      10
      13
      18
      15
       7
      11
       8
      11
      16
       9
      14
      16
      11
       9
       9
      18
      11
       9
      11
      11
      11
      11
      11
       8
      11
       9
      13
      14
      12
       9
      10
      18
       9
      10
      14
      14
      11
      12
       6
       9
       7
       9
      11
       8
      11
      16
       7
      10
      14
      16
      10
      17
      16
      13
       4
      13
      14
      11
      12
      13
       9
       7
      14
      11
       8
       8
      13
       7
      13
      12
       7
      12
      15
       6
      18
      12
      11
      13
       8
      10
      11
      10
      11
      14
      15
       5
       8
      13
      12
      10
      11
       6
      18
      13
      14
       7
      16
      14
       7
      18
      14
      14
       8
       7
      11
       9
       8
      16
       8
      16
       7
      14
      12
      18
      17
      16
      10
      10
      10
       9
      10
      13
       8
      10
      11
      12
       6
      13
      11
      13
      13
       6
      10
       9
      14
       9
       7
      20
      16
      14
       9
      14
       8
      15
      11
      12
      14
      10
      12
      13
      10
       8
      10
       5
       9
      13
      12
      12
      17
      14
       9
      12
      13
       8
      12
       7
      15
       7
      14
      14
      18
       6
      13
       6
       8
      10
       5
      13
      10
       6
      17
      11
      12
      18
      13
      12
      13
      17
      10
       9
      12
      16
      13
      12
      14
      14
      15
      16
      13
      11
       9
       9
      13
      15
      12
      13
       8
       6
       7
       9
      14
      16
      14
       6
      13
      14
      12
      10
       9
      11
       6
      13
       9
      18
      11
      11
      11
      16
      12
      11
      16
      16
      12
       8
      16
      12
      10
      14
      10
      22
       8
      15
       6
      16
      14
       7
       9
       9
      11
      17
      18
      13
      10
      13
      11
      13
      11
       7
      29
       9
      13
      13
      11
      10
      20
      10
       8
      11
      12
      10
      11
      10
      16
      17
       9
       9
      15
      13
      17
      13
       6
       7
      15
       9
      19
      15
      12
      12
      18
      14
      14
      12
      14
      15
      12
      10
       8
       9
      17
       0
       0
       0
       0
       0
       0
       0
       0
       0
       0
       0
       0
       0
       0
       0
       0
       0
       0
       0
       0
       0
       0
       0
       0
       0
       0
       0
       0
       0
       0
       0
       0
       0
       0
       0
       0
       0
       0
       0
       0
       0
       0
       0
       0
       0
       0
       0
       0
       0
       0
       0
       0
       0
       0
       0
       0
       0
       0
       0
       0
       0
       0
       0
       0
       0
       0
       0
       0
       0
       0
       0
       0
       0
       0
       0
       0
       0
       0
       0
       0
       0
       0
       0
       0
       0
       0
       0
       0
       0
       0
       0
       0
       0
       0
       0
       0
       0
       0
       0
       0
       0
       0
       0
       0
       0
       0
       0
       0
       0
       0
       0
       0
       0
       0
       0
       0
       0
       0
       0
       0
       0
       0
       0
       0
       0
       0
       0
       0
$ROI:
0
$PRESETS:
None
0
0
$ENER_FIT:
-2.173939 0.279251
$MCA_CAL:
3
-2.173939E+000 2.792507E-001 0.000000E+000 keV
$SHAPE_CAL:
3
1.571259E+001 -1.155430E-003 0.000000E+000
