$SPEC_ID:
226Ra
$SPEC_REM:
DET# 1
DETDESC# MCB 132 Input 1
AP# Maestro Version 6.06
$DATE_MEA:
11/29/2021 09:48:09
$MEAS_TIM:
5808 5811
$DATA:
0 8191
       0
       0
       0
       0
       0
       0
       0
       0
       0
       0
       0
       0
       0
       0
       0
       0
       0
       0
       0
       0
       0
       0
       0
       0
       0
       0
     150
    1300
     239
      88
      88
      96
     106
     123
     116
     125
     112
     146
     118
     128
     117
     133
     125
     110
     113
     116
     108
     123
     118
      93
     117
      95
     111
     113
      96
      87
     128
     114
      97
     105
      90
      95
      94
      91
      90
     115
     117
      92
      71
      93
      78
      89
      99
      90
      92
      87
      92
      90
      91
      83
      99
      78
      89
      81
      99
      94
      96
      78
      84
      84
      90
      97
      88
      68
      84
      79
      78
      73
      86
      79
      93
      85
      88
      76
      69
      71
      73
      80
      88
      78
      69
      81
      66
      84
      80
      70
      81
      90
      73
      65
      71
      83
      85
      70
      74
      76
      72
      75
      68
      80
      64
      64
      71
      68
      76
      78
      69
      74
      79
      75
      80
      72
      65
      81
      78
      75
      79
      72
      75
      68
      63
      79
      69
      74
      57
      68
      69
      71
      53
      68
      72
      59
      75
      60
      77
      61
      73
      66
      76
      73
      55
      71
      74
      81
      76
      68
      67
      82
      73
      71
      65
      72
      63
      74
      79
      71
      68
      59
      78
      83
      64
      74
      55
      73
      65
      58
      69
      79
      69
      63
      69
      62
      94
      75
      87
      66
      55
      65
      59
      67
      65
      67
      53
      79
      83
      63
      72
      74
      62
      78
      74
      66
      72
      71
      63
      75
      68
      74
      76
      71
      81
      69
      55
      78
      63
      86
      89
      55
      69
      72
      77
      76
      91
      85
      95
      84
      62
      79
      73
      82
      67
      80
      77
      74
      73
      81
      81
      83
      72
      71
      76
      69
      74
      67
      94
      85
     103
     100
      83
      77
      64
      85
     103
     103
     120
      96
      85
      85
      72
      90
      88
      71
      90
      68
      83
      80
      89
      81
      78
      60
      73
      82
      80
      74
      64
      70
      86
      79
      71
      91
      73
      75
      78
      72
      71
      78
      81
     100
     124
     123
     100
      88
      89
      76
      89
      74
      91
     107
      88
      85
      82
      83
      87
      83
      79
      84
      79
      88
      74
      77
      78
      71
      68
      86
      74
      90
      74
      91
      75
      85
      87
      77
      87
      76
      71
      74
      92
      76
      97
      71
      72
      87
      80
      81
      99
      89
      70
      64
      80
      67
      85
      92
      94
      71
      82
      75
      81
      78
      88
      84
      97
      88
      81
      91
      96
      81
      84
      87
      83
      72
     100
      91
      67
      79
      87
      95
      73
      73
      79
      85
      81
      70
     112
      87
      87
      90
      78
      82
      90
      67
      75
     103
      86
     104
      83
      75
      92
      91
      92
      93
      86
      76
     100
      85
      95
      89
     113
      86
      83
      98
      90
      93
      91
     102
     104
      79
      99
     117
      84
      99
      83
      89
      99
      88
      81
     119
      97
      94
      92
      83
      84
     105
     119
      95
     108
      99
      96
      89
     106
     111
      82
     105
      80
      99
     101
      85
     103
     101
     101
      99
      96
      92
      93
      97
     118
     101
     114
      99
     102
      92
     100
      94
     105
     102
      99
     106
     103
      99
     117
     121
      98
     104
      91
     115
      95
      90
      93
     102
     106
     104
      97
     106
     101
     108
      90
     108
     113
     128
     105
     109
      79
      90
      97
      96
     106
      95
      97
     116
     105
      91
     100
     115
      96
     101
     111
     128
      93
     112
     107
     104
     106
     110
      88
      98
      99
      85
      93
      98
      81
      99
     104
      89
     111
      87
     100
      93
     105
      94
      93
      97
      88
     106
      89
      87
     105
      97
     109
     107
      86
      99
      80
      97
      78
     101
      98
      96
      90
      89
     102
      81
     103
      98
      91
     109
     116
      86
      70
      86
     109
      86
      84
      90
     104
      87
      96
      88
      99
      92
      97
      83
     109
      90
     100
     106
     104
      96
      99
      90
      78
      80
      85
      90
      96
     108
      98
     103
      78
      88
     108
      84
      86
      95
      92
      79
      85
      86
      91
      89
      86
      96
      75
      73
      95
      95
      89
      91
      89
      76
      93
      86
      82
      84
      85
      91
     101
     100
      97
      89
      77
      98
      95
      77
      86
      88
      86
      91
      87
     101
      92
      91
      93
      84
     105
      89
      94
     104
      86
     108
      76
      95
      93
     108
     109
      91
      98
      96
      76
     104
     118
     100
      98
     114
     101
     116
      96
     104
     101
     113
     114
     126
     130
     129
     117
     117
     121
     104
     112
     136
     133
     111
     132
     125
     129
     139
     123
     145
     105
     131
     115
     111
     102
     121
     124
     139
     127
     128
     136
     120
     142
     121
     121
     113
     110
     133
     134
     118
     114
     120
     123
     128
     123
     124
     138
     111
     119
     106
     119
     124
     129
     144
     132
     124
     135
     118
     115
     128
     131
     124
     136
     138
     123
     125
     104
     107
      99
     117
     133
     111
     129
     138
     120
     132
     137
     120
     118
     123
     133
     130
     106
     130
     111
     124
     100
     124
     139
     110
     100
     108
     114
     112
     137
     125
     133
     119
     107
     127
     116
     109
     128
     123
     126
     134
     131
     116
     118
     136
     125
     113
     129
     111
     118
     125
     107
     114
     127
     131
     119
     123
     117
     102
     105
     121
     129
     122
     122
     107
     119
     101
     120
     107
     123
     107
     110
     117
     119
     121
     124
     112
     131
     109
     133
     128
     131
     129
     122
     142
     102
     125
     129
     127
     127
     119
     128
     116
     103
     107
     100
     114
     120
     126
     120
     104
     123
     131
     126
     120
     127
     111
     120
     136
     106
     129
     105
     112
     123
     120
     107
     102
      89
     104
     101
     114
     113
     114
     111
     124
     119
     123
     114
     110
     112
     115
     119
     116
     100
     113
     118
     109
      88
     116
     119
      94
     135
     115
     105
      93
      88
     108
     118
      86
     112
      95
      90
      97
      95
     116
     111
     110
     103
      90
     101
      99
     121
      97
     112
     110
     102
     112
      95
     106
     103
      94
      87
      91
      75
     102
     102
      99
     109
     112
     100
      96
      75
      94
      88
      98
     103
      93
     105
      94
      96
      91
     104
      95
      90
     108
      92
      81
      88
      88
      77
      90
      81
      86
      82
      98
      85
      68
      75
      83
      90
      86
      97
      88
      71
      74
      83
      86
      98
      90
      88
      77
      78
      83
      96
      77
      90
      71
      85
      87
      77
      82
      85
      72
      82
      73
      77
      88
      77
      87
      78
      59
      89
      62
      71
      69
      69
      63
      69
      80
      76
      77
      71
      69
      75
      73
      69
      72
      69
      76
      79
      77
      66
      75
      80
      58
      75
      64
      73
      72
      67
      67
      71
      80
      72
      63
      62
      69
      64
      80
      65
      70
      71
      73
      62
      61
      80
      73
      80
      72
      68
      67
      54
      63
      67
      58
      62
      57
      68
      56
      58
      73
      53
      62
      60
      74
      57
      68
      55
      56
      67
      69
      53
      65
      62
      45
      62
      69
      63
      65
      48
      54
      57
      57
      60
      59
      52
      63
      54
      69
      66
      62
      56
      55
      53
      63
      63
      53
      61
      51
      60
      55
      48
      46
      57
      59
      52
      52
      54
      55
      51
      53
      53
      50
      55
      51
      46
      45
      65
      50
      48
      53
      63
      53
      58
      43
      39
      47
      54
      60
      55
      52
      50
      49
      43
      47
      46
      58
      50
      59
      59
      52
      58
      57
      46
      44
      68
      56
      54
      46
      59
      49
      43
      41
      43
      51
      44
      50
      48
      54
      51
      45
      53
      53
      48
      46
      42
      60
      51
      67
      46
      48
      54
      51
      44
      45
      43
      64
      43
      54
      60
      48
      51
      56
      46
      45
      34
      51
      55
      46
      49
      48
      59
      50
      51
      64
      53
      37
      49
      41
      54
      57
      38
      50
      48
      48
      54
      44
      43
      51
      54
      46
      55
      48
      51
      62
      61
      43
      50
      47
      50
      63
      48
      31
      44
      53
      65
      52
      58
      51
      47
      38
      48
      47
      36
      37
      54
      42
      48
      50
      44
      49
      43
      38
      49
      43
      54
      42
      46
      39
      53
      40
      58
      41
      33
      49
      44
      54
      50
      44
      63
      46
      40
      72
      31
      31
      45
      48
      42
      55
      44
      55
      39
      37
      40
      43
      52
      53
      41
      46
      35
      52
      47
      30
      41
      49
      47
      44
      40
      34
      45
      51
      38
      28
      51
      52
      36
      43
      54
      47
      30
      44
      37
      45
      55
      51
      50
      42
      51
      55
      37
      36
      44
      36
      54
      48
      38
      45
      36
      49
      43
      34
      45
      46
      46
      45
      40
      48
      25
      39
      51
      48
      38
      41
      44
      43
      36
      40
      50
      51
      31
      42
      42
      37
      57
      48
      38
      42
      39
      42
      54
      56
      47
      48
      52
      35
      41
      46
      58
      55
      49
      37
      52
      45
      45
      43
      52
      59
      51
      43
      42
      43
      46
      51
      58
      63
      48
      43
      51
      46
      50
      38
      37
      42
      48
      56
      39
      47
      49
      48
      64
      51
      52
      48
      45
      47
      43
      47
      59
      51
      60
      51
      41
      50
      52
      47
      42
      39
      62
      56
      48
      39
      44
      41
      41
      47
      48
      39
      40
      46
      50
      46
      38
      57
      31
      60
      44
      52
      53
      45
      40
      38
      62
      50
      54
      56
      45
      40
      50
      55
      52
      47
      53
      39
      63
      54
      54
      46
      50
      42
      45
      55
      46
      50
      49
      52
      48
      42
      53
      60
      48
      49
      44
      48
      45
      52
      51
      47
      42
      46
      48
      36
      51
      55
      48
      50
      52
      39
      43
      63
      54
      54
      59
      38
      60
      48
      35
      43
      59
      47
      59
      59
      47
      63
      66
      57
      47
      50
      48
      46
      59
      52
      47
      56
      49
      48
      47
      52
      51
      61
      64
      48
      57
      40
      55
      59
      63
      54
      52
      65
      59
      54
      50
      56
      59
      38
      57
      54
      65
      42
      60
      51
      61
      66
      52
      57
      67
      34
      58
      60
      57
      55
      59
      77
      53
      59
      49
      57
      48
      59
      44
      61
      52
      54
      53
      68
      54
      63
      51
      65
      56
      65
      59
      66
      58
      53
      61
      48
      69
      70
      58
      63
      59
      69
      46
      58
      52
      60
      71
      54
      57
      55
      56
      65
      88
      74
      78
      58
      68
      50
      65
      67
      60
      67
      58
      69
      69
      64
      60
      61
      66
      65
      59
      55
      71
      72
      47
      66
      66
      67
      50
      50
      56
      58
      75
      59
      78
      72
      80
      65
      68
      78
      69
      80
      62
      70
      70
      74
      63
      63
      59
      65
      78
      55
      62
      77
      64
      62
      84
      75
      75
      60
      55
      77
      73
      77
      68
      75
      69
      61
      68
      80
      74
      51
      60
      67
      80
      71
      76
      65
      72
      72
      69
      65
      69
      69
      68
      72
      65
      73
      65
      76
      77
      82
      60
      63
      64
      75
      65
      79
      78
      78
      59
      78
      75
      61
      75
      71
      77
      74
      74
      61
      66
      75
      75
      72
      63
      87
      77
      69
      71
      68
      79
      76
      71
      76
      74
      75
      79
      63
      59
      66
      70
      55
      58
      78
      70
      72
      73
      58
      95
      76
      74
      83
      77
      63
      70
      73
      66
      47
      60
      51
      64
      69
      70
      58
      61
      60
      52
      44
      52
      68
      64
      58
      53
      50
      66
      46
      46
      51
      45
      53
      42
      44
      43
      40
      54
      33
      53
      48
      45
      35
      48
      47
      46
      30
      45
      51
      55
      37
      38
      37
      31
      42
      32
      39
      47
      42
      39
      26
      48
      32
      37
      27
      37
      41
      38
      33
      37
      31
      44
      41
      28
      30
      23
      47
      40
      38
      39
      35
      33
      31
      38
      41
      25
      39
      40
      42
      39
      35
      34
      31
      48
      36
      31
      26
      38
      39
      31
      34
      39
      30
      32
      36
      36
      35
      32
      26
      33
      28
      27
      31
      39
      49
      42
      32
      36
      36
      31
      27
      35
      29
      24
      29
      30
      34
      26
      36
      27
      27
      27
      46
      25
      29
      31
      32
      30
      36
      34
      42
      38
      42
      31
      21
      26
      25
      24
      38
      19
      22
      30
      24
      22
      32
      24
      31
      22
      22
      27
      27
      31
      27
      27
      28
      18
      28
      30
      13
      30
      27
      27
      27
      27
      20
      23
      21
      26
      30
      28
      24
      20
      30
      22
      24
      27
      15
      20
      21
      23
      21
      20
      25
      23
      23
      20
      17
      31
      34
      25
      16
      13
      29
      21
      15
      19
      21
      22
      21
      18
      21
      12
      16
      18
      18
      23
      16
      16
      14
      15
      11
      28
      20
      17
      17
      11
      19
      24
      17
      23
      17
      17
      13
      22
      20
      18
      15
      14
      10
      21
      22
      21
      17
      18
      14
      10
      15
      14
      22
      13
      15
      18
      21
      19
      13
       9
      15
      23
      13
      13
      15
      24
      12
      23
      11
       9
       8
       7
      13
      13
      10
      15
      17
      29
      13
      16
      14
      12
      12
       9
      10
      14
      13
      20
       8
      11
      14
       9
      17
      15
       7
      14
       6
      12
       7
      11
      10
       8
      14
      14
       9
       8
      10
      10
      14
      12
       7
       8
      10
       7
      10
      13
      18
       8
      14
       9
      13
       7
      17
      11
      12
      11
      11
      11
      14
       7
      15
       4
       9
       8
       6
      15
       7
      10
       3
      12
      14
      11
       8
      11
       9
       6
       9
      13
      11
       7
       9
      11
       5
       9
      10
       9
      11
      11
      11
      14
       6
      11
      10
      13
       5
       5
      11
       8
       9
      12
       8
       7
       8
       6
       3
       7
      10
      13
       8
       8
       4
       7
       6
       6
       7
       9
      14
       5
       8
       7
       3
       8
       6
      10
       7
      14
      10
       9
       8
       6
      11
       9
       9
       7
       8
       6
       5
       5
       4
       9
       9
      10
       7
       6
       7
       5
       4
       7
       6
       5
       9
       8
       4
       9
       9
       6
       3
       6
      12
       8
       4
       6
      10
       9
       9
       5
       9
       7
       5
       9
       6
       7
       7
       6
       3
       9
      12
      10
       6
       9
       5
       5
       8
      14
      10
       6
       9
       6
       8
       9
       4
      12
       6
      14
       8
      11
      10
       7
       8
       8
       6
       6
       7
       9
      12
       9
      11
      11
      11
       5
       5
       6
       5
       8
       4
      10
       4
       6
       5
       6
       8
       8
       5
       6
       8
       9
       9
       4
       5
       9
       6
       2
       8
       5
       9
       4
       9
       8
       8
      14
      13
      12
      10
       9
      18
      14
       9
       9
      10
      12
       5
       5
       9
      11
      10
       7
      12
      14
       6
       4
       7
      10
       7
       7
      12
      13
       3
       8
       6
       1
       0
       5
       4
       9
       4
       3
       7
      11
       8
       7
      10
       6
       6
       6
       8
       7
      10
       6
      10
      11
      10
       6
       7
       8
       4
      15
       6
       7
       5
      11
       8
       6
      11
       7
       9
       8
       6
       6
      12
      11
       7
       8
      11
      10
       7
       5
       5
       3
       7
       5
       3
       4
      14
       4
       8
       8
       7
       4
       5
       8
       9
       8
       6
       9
      12
       8
       4
       9
       3
      11
       4
       7
       4
       9
       4
       4
       5
       7
       2
       6
       5
       3
       4
       6
      11
       7
       7
       6
       4
       4
       4
       8
       6
       6
       5
       5
       4
       5
       7
       7
       7
       9
       6
       4
      10
       6
      10
       8
       4
       5
       7
       6
       5
       8
      14
       6
       6
       9
      14
      10
       6
       5
      10
       6
       8
       7
       4
       8
       9
      11
      10
      21
      29
      46
     111
     250
     579
    1110
    2096
    3091
    4428
    5294
    5313
    4556
    3347
    2060
    1158
     539
     183
      59
      13
       5
       4
       1
       0
       0
       1
       0
       2
       2
       0
       0
       1
       1
       3
       1
       2
       0
       0
       1
       1
       3
       0
       2
       0
       0
       1
       0
       0
       0
       0
       0
       1
       0
       1
       0
       0
       3
       1
       0
       1
       0
       2
       1
       0
       0
       0
       1
       1
       0
       0
       2
       2
       1
       1
       3
       2
       0
       1
       0
       1
       0
       0
       1
       0
       1
       1
       0
       1
       0
       1
       2
       2
       1
       1
       1
       1
       1
       1
       2
       0
       2
       2
       2
       1
       0
       2
       0
       0
       1
       2
       0
       2
       0
       0
       0
       0
       1
       0
       2
       1
       1
       1
       1
       2
       0
       1
       1
       0
       0
       4
       1
       0
       0
       3
       1
       0
       0
       2
       0
       1
       0
       1
       1
       1
       0
       1
       0
       0
       1
       1
       1
       2
       1
       1
       1
       0
       0
       0
       2
       1
       1
       0
       2
       2
       2
       1
       0
       0
       0
       2
       0
       0
       0
       3
       0
       2
       1
       0
       1
       2
       0
       1
       0
       0
       0
       1
       0
       1
       1
       2
       2
       1
       0
       1
       1
       1
       0
       1
       1
       0
       0
       0
       1
       0
       2
       1
       2
       1
       0
       1
       0
       0
       0
       1
       0
       2
       0
       0
       1
       0
       1
       1
       1
       2
       4
       4
       5
       4
       8
       5
      10
       5
       3
       1
       4
       2
       0
       0
       0
       5
       0
       0
       1
       3
       0
       1
       1
       1
       1
       0
       1
       1
       0
       0
       0
       1
       1
       1
       2
       3
       0
       4
       0
       0
       0
       0
       1
       1
       0
       1
       0
       1
       0
       0
       2
       0
       2
       0
       0
       0
       1
       0
       0
       0
       1
       0
       1
       0
       0
       0
       2
       1
       0
       1
       1
       1
       0
       2
       1
       0
       2
       0
       1
       0
       2
       1
       3
       0
       0
       0
       1
       1
       1
       3
       0
       0
       2
       1
       1
       0
       4
       0
       2
       0
       0
       1
       4
       1
       1
       4
       0
       0
       0
       0
       0
       1
       0
       1
       1
       1
       0
       1
       0
       3
       1
       1
       0
       0
       0
       0
       2
       1
       0
       2
       1
       2
       0
       1
       0
       0
       0
       0
       0
       0
       0
       0
       2
       2
       0
       1
       0
       2
       1
       2
       1
       1
       0
       1
       0
       0
       0
       1
       0
       0
       0
       0
       1
       0
       1
       1
       0
       0
       1
       0
       3
       0
       0
       1
       0
       0
       1
       1
       2
       2
       1
       0
       0
       0
       0
       2
       0
       1
       2
       2
       1
       1
       0
       1
       0
       1
       2
       0
       2
       1
       1
       1
       0
       0
       0
       0
       0
       0
       0
       4
       0
       2
       0
       0
       1
       0
       0
       0
       0
       1
       0
       1
       1
       0
       1
       0
       0
       0
       1
       1
       2
       0
       1
       0
       0
       0
       0
       1
       1
       2
       2
       0
       1
       1
       1
       0
       0
       1
       0
       1
       2
       0
       1
       0
       2
       0
       0
       2
       1
       0
       3
       0
       3
       1
       1
       0
       0
       2
       0
       1
       2
       1
       1
       0
       1
       0
       1
       0
       1
       0
       1
       0
       1
       0
       2
       1
       2
       0
       0
       1
       1
       0
       0
       1
       1
       0
       0
       1
       0
       2
       5
       4
       0
       0
       1
       1
       0
       0
       0
       0
       0
       1
       0
       0
       0
       2
       2
       0
       2
       0
       1
       0
       1
       0
       1
       0
       0
       1
       0
       0
       1
       1
       2
       0
       1
       0
       0
       0
       1
       1
       2
       1
       0
       1
       0
       0
       0
       0
       1
       1
       1
       0
       1
       0
       0
       0
       1
       0
       1
       1
       0
       1
       0
       1
       2
       2
       1
       2
       3
       0
       0
       2
       0
       2
       0
       1
       1
       0
       1
       0
       2
       1
       3
       1
       1
       1
       0
       1
       0
       0
       1
       0
       1
       1
       2
       1
       1
       0
       1
       1
       2
       2
       0
       0
       0
       2
       0
       1
       0
       1
       3
       0
       2
       2
       1
       1
       1
       1
       1
       0
       1
       0
       1
       0
       2
       0
       2
       0
       0
       1
       0
       0
       0
       0
       0
       1
       0
       1
       1
       0
       0
       0
       0
       0
       1
       0
       0
       1
       1
       1
       1
       0
       0
       1
       0
       0
       1
       0
       0
       0
       1
       2
       0
       1
       0
       0
       0
       0
       2
       2
       1
       2
       0
       0
       0
       1
       0
       0
       2
       0
       0
       0
       0
       1
       0
       1
       0
       0
       0
       2
       1
       0
       0
       0
       1
       1
       0
       0
       1
       0
       0
       0
       2
       1
       0
       0
       0
       1
       1
       1
       0
       2
       2
       1
       0
       1
       1
       0
       0
       1
       0
       3
       0
       2
       1
       2
       0
       0
       0
       3
       0
       0
       2
       1
       0
       0
       3
       2
       0
       0
       0
       0
       0
       0
       0
       1
       0
       1
       1
       1
       0
       1
       1
       0
       0
       0
       0
       1
       1
       0
       0
       0
       2
       0
       1
       1
       1
       0
       0
       1
       0
       1
       0
       0
       0
       2
       0
       0
       1
       0
       0
       0
       0
       0
       0
       0
       1
       0
       0
       0
       1
       1
       1
       1
       1
       1
       1
       0
       3
       1
       1
       0
       2
       0
       0
       0
       1
       0
       0
       1
       0
       0
       0
       0
       0
       0
       0
       0
       0
       0
       2
       2
       1
       0
       1
       0
       1
       0
       0
       0
       0
       0
       0
       0
       0
       0
       0
       0
       1
       0
       0
       2
       0
       0
       1
       0
       1
       1
       0
       0
       1
       0
       2
       0
       0
       0
       2
       0
       0
       0
       0
       1
       0
       0
       0
       0
       0
       0
       0
       1
       1
       0
       0
       0
       0
       1
       4
       1
       1
       0
       0
       1
       0
       0
       1
       0
       1
       0
       0
       1
       2
       0
       0
       0
       0
       0
       2
       0
       1
       1
       2
       1
       0
       1
       0
       1
       0
       0
       0
       0
       0
       2
       0
       1
       1
       0
       0
       0
       2
       0
       0
       0
       0
       1
       0
       0
       1
       0
       0
       0
       0
       1
       0
       1
       0
       0
       0
       0
       0
       0
       1
       0
       2
       0
       1
       2
       1
       0
       1
       0
       0
       0
       1
       1
       1
       0
       0
       0
       0
       1
       0
       0
       0
       1
       2
       0
       1
       0
       0
       0
       0
       1
       0
       0
       1
       0
       2
       2
       0
       2
       1
       0
       0
       0
       0
       1
       0
       1
       0
       2
       0
       0
       1
       0
       0
       0
       0
       2
       0
       1
       0
       0
       0
       2
       0
       0
       0
       3
       0
       1
       0
       0
       0
       0
       0
       0
       1
       0
       0
       0
       0
       0
       1
       0
       1
       0
       1
       0
       0
       1
       1
       0
       1
       0
       0
       0
       1
       0
       1
       0
       0
       0
       0
       0
       2
       2
       1
       2
       0
       0
       0
       3
       0
       0
       1
       0
       0
       0
       0
       1
       0
       0
       1
       0
       2
       0
       0
       0
       0
       0
       1
       2
       0
       2
       0
       0
       0
       0
       0
       0
       3
       0
       0
       0
       2
       1
       1
       1
       2
       2
       1
       1
       0
       0
       1
       0
       1
       1
       0
       0
       0
       0
       0
       0
       1
       0
       0
       0
       0
       0
       1
       0
       0
       0
       0
       0
       0
       1
       0
       2
       0
       0
       0
       1
       2
       1
       0
       0
       1
       0
       1
       0
       1
       0
       0
       1
       0
       1
       0
       0
       2
       1
       0
       1
       1
       1
       1
       0
       0
       0
       0
       1
       0
       1
       0
       0
       2
       0
       1
       0
       0
       0
       1
       0
       0
       0
       0
       0
       0
       0
       1
       2
       0
       1
       0
       0
       0
       0
       1
       0
       0
       0
       1
       0
       0
       0
       0
       0
       0
       2
       2
       0
       2
       1
       2
       1
       1
       0
       0
       1
       1
       0
       1
       0
       1
       0
       0
       0
       1
       0
       0
       0
       0
       0
       0
       0
       1
       0
       1
       0
       1
       0
       0
       0
       1
       0
       0
       0
       0
       0
       2
       0
       1
       1
       0
       1
       0
       2
       0
       0
       0
       1
       1
       1
       0
       1
       1
       1
       1
       0
       0
       0
       1
       1
       0
       0
       2
       1
       1
       2
       0
       0
       1
       1
       0
       0
       0
       0
       0
       1
       0
       0
       0
       0
       1
       0
       0
       0
       0
       1
       0
       0
       0
       0
       0
       1
       0
       0
       0
       0
       1
       0
       0
       1
       0
       0
       0
       1
       0
       0
       1
       1
       1
       0
       0
       1
       0
       0
       0
       1
       0
       0
       1
       1
       2
       1
       1
       0
       1
       0
       0
       1
       0
       0
       0
       0
       0
       0
       0
       0
       1
       1
       0
       1
       1
       0
       0
       1
       0
       0
       2
       2
       0
       0
       0
       0
       1
       0
       1
       0
       0
       0
       0
       0
       1
       0
       0
       1
       0
       0
       1
       0
       0
       0
       0
       0
       0
       1
       0
       1
       0
       0
       0
       0
       0
       0
       1
       0
       1
       0
       1
       0
       0
       0
       1
       1
       0
       0
       1
       1
       2
       0
       1
       0
       0
       0
       0
       1
       0
       0
       0
       0
       0
       0
       0
       0
       1
       0
       1
       0
       0
       0
       0
       0
       1
       0
       1
       1
       1
       0
       1
       1
       1
       1
       1
       0
       0
       0
       0
       0
       0
       0
       0
       0
       0
       0
       0
       0
       1
       2
       0
       0
       1
       0
       0
       0
       0
       0
       0
       0
       1
       0
       0
       0
       2
       0
       0
       0
       0
       2
       1
       0
       1
       0
       1
       0
       0
       1
       0
       0
       0
       1
       0
       2
       0
       0
       2
       1
       0
       2
       0
       0
       0
       0
       1
       0
       1
       0
       0
       2
       0
       1
       0
       0
       0
       0
       0
       1
       1
       0
       1
       1
       1
       1
       0
       0
       0
       0
       0
       1
       1
       1
       0
       0
       1
       1
       0
       1
       0
       0
       0
       0
       1
       0
       0
       0
       0
       1
       2
       0
       0
       0
       0
       0
       0
       0
       2
       0
       0
       1
       0
       0
       3
       0
       0
       0
       1
       0
       1
       1
       0
       1
       0
       0
       0
       0
       2
       1
       0
       0
       1
       0
       0
       0
       0
       0
       2
       0
       1
       1
       0
       0
       1
       1
       0
       0
       0
       0
       0
       0
       0
       1
       1
       0
       0
       2
       0
       2
       0
       1
       2
       1
       1
       0
       0
       0
       0
       0
       0
       0
       1
       1
       0
       1
       0
       0
       0
       0
       1
       0
       0
       0
       2
       0
       0
       0
       0
       0
       0
       0
       0
       0
       2
       0
       1
       3
       0
       0
       1
       0
       0
       0
       0
       0
       0
       0
       2
       0
       0
       2
       0
       0
       0
       1
       1
       1
       0
       0
       0
       0
       1
       0
       0
       1
       1
       0
       0
       0
       1
       0
       2
       1
       1
       0
       1
       0
       0
       0
       2
       1
       1
       0
       0
       0
       0
       0
       0
       0
       2
       0
       1
       2
       1
       0
       0
       0
       0
       0
       0
       0
       0
       0
       0
       0
       0
       1
       0
       0
       0
       0
       0
       0
       0
       0
       0
       0
       0
       0
       0
       2
       0
       1
       1
       0
       1
       1
       0
       0
       1
       0
       0
       2
       0
       0
       0
       0
       0
       1
       0
       0
       1
       0
       0
       1
       1
       0
       0
       0
       0
       0
       0
       0
       0
       1
       0
       0
       1
       0
       0
       0
       1
       0
       1
       1
       0
       1
       1
       0
       1
       0
       0
       0
       0
       0
       1
       2
       0
       0
       0
       2
       0
       0
       0
       0
       0
       0
       1
       1
       0
       0
       0
       0
       0
       1
       0
       0
       0
       0
       0
       0
       0
       0
       0
       1
       1
       0
       1
       0
       0
       0
       0
       0
       0
       0
       1
       0
       0
       0
       1
       1
       1
       0
       1
       0
       0
       0
       0
       0
       1
       0
       0
       0
       0
       1
       0
       0
       0
       0
       1
       1
       1
       1
       2
       2
       1
       0
       1
       0
       1
       1
       0
       0
       1
       0
       0
       0
       0
       0
       0
       0
       1
       0
       0
       0
       0
       0
       0
       0
       1
       1
       1
       0
       0
       0
       0
       0
       0
       1
       0
       1
       2
       1
       0
       1
       0
       1
       1
       1
       0
       0
       0
       1
       0
       0
       0
       0
       0
       0
       0
       0
       0
       1
       0
       0
       1
       1
       0
       1
       0
       0
       1
       0
       0
       0
       1
       0
       1
       1
       1
       0
       0
       0
       3
       0
       0
       1
       0
       0
       1
       1
       0
       0
       0
       0
       1
       0
       0
       1
       0
       0
       0
       0
       1
       1
       0
       1
       0
       0
       0
       0
       0
       0
       0
       0
       1
       0
       1
       0
       1
       1
       0
       0
       1
       0
       1
       0
       0
       0
       0
       1
       1
       1
       1
       0
       1
       1
       0
       0
       0
       1
       0
       1
       1
       0
       0
       0
       1
       1
       1
       0
       0
       0
       0
       0
       0
       1
       1
       0
       0
       1
       0
       0
       0
       0
       0
       0
       1
       2
       0
       0
       0
       0
       0
       2
       0
       0
       0
       0
       0
       1
       1
       0
       0
       1
       0
       0
       0
       0
       0
       0
       0
       0
       0
       0
       0
       0
       2
       0
       0
       1
       0
       0
       0
       0
       1
       0
       0
       0
       0
       2
       0
       1
       3
       2
       0
       0
       0
       0
       1
       0
       0
       1
       0
       0
       0
       0
       0
       0
       0
       0
       0
       0
       1
       1
       0
       0
       0
       1
       0
       0
       1
       0
       0
       0
       0
       0
       1
       0
       0
       0
       0
       0
       0
       0
       0
       0
       0
       0
       1
       0
       0
       0
       0
       1
       1
       0
       1
       0
       1
       1
       1
       0
       1
       0
       0
       0
       0
       1
       1
       0
       0
       1
       1
       0
       0
       0
       1
       0
       0
       1
       0
       0
       0
       0
       0
       1
       0
       0
       0
       0
       0
       0
       0
       0
       0
       1
       2
       0
       1
       0
       0
       0
       0
       1
       0
       0
       0
       1
       1
       1
       0
       0
       0
       0
       1
       0
       0
       0
       1
       0
       0
       0
       0
       0
       2
       0
       0
       0
       0
       1
       0
       1
       1
       0
       0
       0
       0
       1
       0
       0
       0
       0
       0
       0
       1
       0
       0
       0
       0
       2
       0
       0
       1
       1
       1
       0
       0
       1
       0
       0
       0
       0
       0
       0
       0
       0
       1
       3
       1
       0
       0
       0
       0
       1
       0
       0
       0
       0
       0
       0
       0
       0
       0
       0
       0
       0
       0
       0
       2
       0
       0
       1
       1
       0
       2
       0
       0
       1
       0
       0
       1
       0
       0
       0
       0
       0
       0
       0
       0
       1
       0
       0
       0
       0
       0
       0
       1
       0
       1
       0
       0
       0
       0
       0
       0
       0
       0
       0
       0
       0
       0
       1
       1
       0
       1
       0
       0
       1
       0
       1
       0
       0
       0
       0
       1
       0
       1
       0
       0
       0
       0
       1
       1
       1
       1
       0
       0
       0
       0
       0
       2
       0
       0
       0
       0
       0
       0
       1
       2
       0
       0
       0
       1
       1
       1
       1
       0
       0
       0
       0
       2
       0
       0
       0
       0
       0
       0
       0
       0
       1
       1
       1
       0
       0
       0
       2
       0
       0
       0
       0
       0
       1
       0
       0
       0
       0
       2
       2
       0
       0
       2
       0
       0
       0
       0
       1
       1
       1
       1
       0
       1
       0
       0
       0
       0
       0
       1
       0
       0
       0
       0
       1
       0
       0
       0
       0
       0
       0
       0
       0
       1
       0
       1
       0
       0
       0
       0
       1
       0
       2
       0
       0
       0
       0
       0
       0
       0
       0
       0
       0
       0
       1
       0
       0
       0
       1
       0
       0
       0
       0
       0
       1
       0
       0
       0
       0
       0
       1
       0
       0
       0
       0
       0
       0
       1
       0
       0
       0
       0
       1
       0
       0
       0
       0
       1
       0
       0
       0
       1
       0
       1
       0
       1
       1
       0
       1
       0
       0
       0
       0
       0
       0
       0
       0
       0
       0
       0
       0
       0
       0
       0
       0
       0
       0
       0
       0
       0
       0
       1
       1
       0
       0
       0
       0
       0
       1
       0
       1
       0
       0
       0
       0
       0
       0
       0
       1
       0
       0
       2
       0
       0
       1
       0
       1
       1
       0
       1
       0
       0
       0
       0
       0
       0
       0
       0
       1
       0
       1
       1
       1
       0
       1
       0
       0
       0
       0
       0
       1
       1
       0
       0
       1
       0
       0
       1
       0
       0
       0
       0
       0
       1
       1
       1
       0
       0
       0
       0
       0
       0
       0
       0
       0
       0
       0
       0
       0
       1
       0
       0
       0
       0
       0
       0
       0
       0
       1
       0
       0
       1
       1
       0
       0
       1
       2
       0
       1
       0
       1
       0
       0
       1
       0
       0
       0
       0
       0
       0
       0
       1
       0
       0
       0
       0
       1
       0
       0
       1
       0
       0
       0
       0
       0
       2
       0
       0
       0
       0
       0
       0
       0
       0
       0
       1
       0
       1
       0
       0
       0
       0
       0
       1
       0
       0
       0
       0
       0
       0
       0
       0
       1
       0
       2
       0
       0
       0
       0
       1
       1
       0
       0
       0
       0
       1
       0
       0
       1
       0
       1
       0
       0
       0
       0
       0
       0
       0
       0
       0
       0
       1
       0
       0
       0
       0
       0
       0
       0
       0
       0
       0
       0
       0
       0
       0
       1
       0
       0
       0
       0
       0
       0
       1
       0
       0
       0
       0
       0
       0
       1
       0
       0
       1
       0
       1
       1
       0
       2
       0
       0
       0
       0
       0
       1
       0
       0
       0
       0
       0
       0
       0
       0
       1
       0
       0
       0
       0
       2
       0
       0
       0
       0
       0
       0
       0
       0
       0
       0
       1
       0
       0
       1
       0
       0
       0
       0
       1
       0
       0
       0
       0
       0
       0
       0
       0
       1
       0
       0
       1
       0
       0
       1
       2
       1
       0
       0
       0
       0
       0
       0
       1
       0
       0
       0
       0
       0
       0
       0
       0
       0
       2
       0
       0
       0
       1
       1
       0
       0
       0
       0
       0
       0
       0
       1
       0
       1
       0
       0
       0
       1
       0
       3
       0
       0
       0
       0
       0
       0
       0
       1
       0
       0
       0
       0
       0
       0
       0
       0
       0
       0
       0
       0
       1
       0
       0
       0
       0
       0
       1
       0
       1
       0
       0
       0
       0
       0
       1
       0
       1
       0
       0
       0
       1
       0
       0
       1
       0
       0
       0
       1
       1
       1
       0
       0
       0
       2
       4
       3
       2
       0
       1
       0
       1
       3
       1
       1
       0
       0
       0
       0
       0
       0
       2
       0
       0
       0
       0
       0
       0
       0
       0
       0
       0
       0
       0
       0
       1
       2
       0
       0
       0
       0
       0
       1
       0
       0
       0
       1
       1
       0
       1
       0
       0
       0
       0
       0
       0
       0
       0
       0
       0
       0
       0
       0
       0
       0
       0
       0
       1
       1
       0
       0
       1
       0
       1
       0
       0
       0
       0
       0
       0
       0
       0
       1
       0
       0
       0
       1
       0
       0
       0
       0
       1
       0
       1
       0
       0
       1
       0
       0
       0
       0
       1
       0
       0
       0
       0
       0
       0
       0
       0
       0
       1
       0
       1
       0
       0
       0
       0
       0
       0
       0
       1
       0
       0
       0
       0
       0
       0
       0
       0
       0
       0
       0
       0
       0
       0
       0
       0
       0
       0
       0
       0
       0
       0
       0
       0
       1
       1
       2
       0
       1
       0
       0
       0
       0
       1
       0
       0
       0
       0
       1
       1
       0
       0
       0
       0
       0
       0
       0
       0
       0
       0
       0
       1
       0
       0
       0
       0
       0
       1
       1
       0
       0
       1
       0
       0
       0
       1
       0
       1
       0
       0
       0
       0
       1
       2
       0
       0
       1
       0
       0
       0
       0
       0
       0
       0
       1
       2
       0
       0
       0
       0
       0
       0
       0
       1
       1
       0
       0
       0
       0
       0
       0
       0
       0
       1
       0
       1
       0
       0
       0
       1
       0
       0
       0
       0
       0
       0
       0
       1
       0
       0
       0
       0
       0
       0
       0
       0
       0
       1
       0
       0
       0
       0
       0
       0
       0
       0
       0
       0
       1
       0
       0
       0
       0
       0
       0
       0
       1
       1
       0
       1
       0
       0
       0
       1
       0
       0
       0
       4
       1
       0
       0
       0
       0
       2
       0
       0
       2
       0
       0
       0
       0
       0
       0
       0
       0
       0
       1
       1
       0
       0
       2
       0
       0
       0
       0
       0
       0
       0
       1
       0
       0
       0
       0
       0
       0
       0
       0
       0
       0
       0
       0
       1
       0
       0
       0
       0
       0
       1
       0
       1
       0
       0
       1
       0
       0
       1
       0
       0
       1
       0
       0
       0
       0
       0
       0
       0
       0
       0
       0
       1
       0
       0
       1
       1
       0
       0
       0
       0
       1
       1
       0
       0
       1
       1
       0
       0
       1
       0
       0
       0
       1
       0
       0
       0
       0
       1
       0
       1
       0
       0
       0
       1
       0
       0
       0
       2
       0
       0
       1
       0
       1
       0
       0
       0
       0
       0
       1
       1
       0
       0
       0
       0
       0
       0
       1
       0
       0
       0
       0
       0
       1
       0
       0
       1
       0
       0
       0
       0
       0
       0
       0
       0
       0
       0
       1
       1
       0
       0
       0
       1
       0
       0
       0
       1
       0
       0
       0
       0
       1
       0
       0
       1
       0
       0
       0
       0
       0
       0
       0
       0
       0
       0
       0
       1
       0
       0
       0
       0
       0
       2
       0
       0
       0
       1
       0
       0
       0
       1
       0
       0
       0
       0
       0
       0
       1
       0
       0
       1
       1
       0
       0
       0
       1
       0
       0
       0
       0
       1
       0
       0
       1
       0
       0
       0
       0
       0
       0
       0
       0
       0
       0
       0
       0
       1
       0
       0
       0
       0
       0
       0
       0
       0
       0
       0
       0
       0
       0
       0
       0
       1
       0
       0
       0
       0
       0
       0
       1
       0
       0
       0
       0
       1
       0
       0
       0
       1
       0
       0
       0
       0
       0
       0
       0
       0
       0
       0
       0
       0
       0
       0
       0
       0
       0
       0
       0
       0
       0
       0
       0
       0
       0
       0
       0
       1
       0
       0
       0
       0
       0
       0
       1
       0
       0
       0
       2
       0
       1
       1
       1
       0
       0
       0
       0
       0
       0
       0
       0
       0
       0
       0
       0
       0
       1
       1
       0
       0
       0
       0
       0
       0
       0
       0
       0
       1
       0
       0
       0
       0
       0
       0
       0
       0
       0
       0
       0
       0
       1
       0
       0
       0
       0
       0
       0
       0
       1
       0
       0
       0
       0
       0
       0
       0
       0
       0
       0
       0
       1
       1
       1
       0
       0
       0
       0
       1
       0
       0
       0
       1
       1
       1
       0
       0
       0
       0
       0
       0
       0
       0
       0
       0
       0
       0
       1
       1
       0
       0
       0
       0
       0
       0
       0
       0
       0
       0
       0
       0
       0
       0
       0
       0
       0
       0
       0
       0
       0
       0
       2
       0
       1
       0
       0
       0
       0
       1
       0
       0
       0
       0
       0
       0
       0
       0
       0
       0
       0
       0
       0
       0
       0
       0
       0
       0
       0
       0
       0
       0
       1
       1
       0
       2
       1
       0
       0
       0
       2
       0
       1
       1
       0
       0
       0
       0
       0
       0
       0
       0
       0
       0
       1
       0
       2
       0
       0
       0
       0
       0
       0
       0
       0
       0
       0
       1
       0
       0
       0
       0
       0
       0
       0
       0
       0
       0
       0
       0
       0
       0
       0
       1
       0
       0
       0
       0
       0
       0
       1
       0
       0
       0
       0
       0
       0
       0
       0
       0
       0
       0
       0
       0
       0
       0
       0
       0
       0
       0
       0
       0
       0
       0
       0
       0
       0
       0
       0
       0
       0
       0
       0
       0
       0
       0
       0
       0
       0
       0
       0
       0
       0
       0
       0
       0
       1
       0
       0
       0
       0
       1
       0
       1
       0
       0
       0
       0
       0
       0
       0
       0
       1
       0
       0
       0
       0
       0
       1
       0
       0
       0
       1
       0
       0
       0
       0
       0
       0
       1
       0
       0
       1
       0
       0
       0
       0
       0
       0
       0
       0
       1
       0
       0
       0
       0
       0
       0
       0
       0
       0
       0
       0
       0
       0
       1
       0
       0
       0
       0
       0
       0
       0
       0
       1
       0
       0
       0
       0
       0
       0
       0
       0
       2
       1
       0
       0
       0
       0
       0
       0
       0
       0
       0
       0
       0
       0
       0
       0
       0
       0
       0
       0
       0
       0
       0
       0
       0
       0
       0
       0
       0
       0
       0
       1
       0
       0
       0
       0
       1
       0
       2
       0
       1
       1
       0
       0
       0
       0
       0
       0
       0
       0
       1
       0
       0
       0
       1
       0
       0
       0
       0
       1
       0
       0
       0
       0
       0
       0
       0
       0
       2
       0
       1
       0
       1
       0
       0
       1
       0
       0
       1
       1
       0
       1
       0
       0
       0
       1
       0
       0
       0
       0
       0
       0
       0
       0
       0
       0
       0
       0
       1
       0
       0
       0
       0
       0
       0
       0
       0
       0
       0
       0
       0
       0
       1
       0
       0
       1
       0
       0
       0
       0
       0
       0
       0
       0
       0
       1
       0
       0
       1
       0
       0
       0
       0
       1
       0
       0
       0
       1
       0
       0
       1
       0
       0
       0
       0
       0
       0
       0
       0
       0
       0
       0
       0
       0
       1
       0
       0
       0
       0
       0
       0
       0
       0
       0
       0
       1
       0
       0
       0
       1
       2
       0
       0
       1
       0
       1
       0
       0
       0
       0
       0
       0
       1
       0
       0
       1
       1
       0
       0
       0
       0
       0
       2
       0
       2
       1
       1
       0
       0
       0
       1
       2
       0
       0
       1
       1
       0
       0
       0
       0
       0
       0
       1
       0
       0
       0
       0
       0
       0
       0
       0
       0
       0
       0
       1
       0
       0
       1
       0
       0
       0
       0
       0
       0
       1
       1
       1
       0
       0
       0
       0
       0
       0
       0
       0
       0
       0
       0
       0
       0
       0
       0
       0
       0
       0
       0
       0
       1
       0
       0
       0
       0
       0
       0
       0
       0
       0
       0
       0
       0
       0
       0
       1
       0
       0
       0
       0
       0
       0
       0
       0
       0
       1
       0
       0
       1
       0
       1
       0
       0
       0
       0
       0
       0
       0
       0
       0
       0
       0
       0
       0
       0
       0
       1
       0
       1
       0
       0
       0
       0
       0
       0
       0
       0
       0
       0
       0
       0
       0
       0
       0
       0
       0
       0
       1
       0
       0
       0
       0
       0
       0
       0
       0
       0
       0
       0
       0
       0
       1
       0
       1
       1
       0
       0
       0
       0
       0
       0
       1
       0
       0
       1
       0
       0
       0
       0
       0
       0
       0
       0
       0
       0
       0
       0
       1
       0
       0
       1
       0
       0
       0
       0
       0
       0
       0
       0
       0
       1
       0
       1
       0
       0
       0
       0
       0
       0
       0
       0
       0
       0
       0
       0
       0
       0
       0
       0
       0
       1
       0
       0
       0
       0
       0
       0
       0
       0
       0
       1
       0
       0
       0
       0
       0
       1
       0
       1
       0
       0
       0
       0
       0
       1
       1
       1
       0
       0
       0
       0
       0
       1
       0
       0
       0
       0
       0
       0
       0
       0
       0
       1
       0
       0
       0
       0
       0
       0
       0
       0
       0
       0
       0
       1
       0
       0
       0
       0
       0
       1
       0
       0
       0
       0
       0
       0
       0
       0
       0
       1
       0
       1
       0
       0
       0
       0
       0
       0
       0
       1
       0
       0
       0
       0
       0
       0
       0
       0
       1
       0
       0
       0
       0
       1
       0
       0
       0
       0
       0
       0
       0
       0
       1
       0
       0
       0
       0
       0
       0
       0
       0
       0
       0
       0
       0
       0
       1
       0
       0
       1
       0
       0
       0
       0
       2
       0
       0
       0
       0
       1
       0
       0
       0
       0
       0
       0
       0
       0
       0
       1
       0
       0
       1
       0
       0
       0
       0
       0
       0
       0
       1
       0
       0
       1
       0
       0
       0
       0
       0
       0
       0
       0
       0
       0
       0
       0
       0
       0
       0
       0
       0
       0
       0
       0
       0
       0
       1
       0
       0
       2
       1
       1
       0
       0
       0
       0
       0
       0
       0
       0
       0
       0
       0
       0
       0
       0
       0
       0
       0
       0
       0
       1
       0
       0
       0
       0
       0
       0
       1
       1
       1
       0
       0
       0
       0
       0
       0
       0
       0
       0
       0
       0
       0
       0
       0
       0
       0
       0
       0
       0
       0
       0
       0
       0
       0
       1
       0
       0
       0
       0
       1
       0
       0
       1
       0
       1
       0
       0
       0
       0
       0
       0
       0
       1
       0
       0
       0
       0
       0
       0
       0
       0
       0
       0
       0
       0
       0
       0
       0
       0
       0
       0
       0
       0
       0
       0
       0
       0
       0
       1
       0
       0
       0
       0
       0
       0
       1
       0
       0
       0
       0
       0
       0
       0
       0
       0
       2
       0
       0
       0
       1
       0
       0
       0
       0
       0
       0
       0
       0
       0
       0
       0
       0
       0
       0
       0
       0
       0
       0
       0
       0
       0
       0
       0
       1
       0
       1
       0
       0
       0
       1
       0
       0
       1
       0
       0
       0
       1
       0
       0
       0
       1
       0
       0
       0
       0
       0
       0
       0
       0
       0
       0
       1
       0
       0
       0
       1
       0
       0
       0
       0
       1
       0
       0
       1
       0
       1
       0
       0
       0
       0
       0
       0
       0
       0
       0
       1
       0
       0
       0
       0
       0
       0
       0
       0
       0
       0
       0
       0
       0
       0
       0
       0
       0
       0
       0
       0
       0
       1
       0
       1
       0
       0
       0
       2
       0
       0
       0
       0
       0
       0
       0
       0
       0
       0
       0
       0
       0
       0
       0
       1
       1
       0
       0
       0
       0
       0
       0
       1
       0
       0
       0
       0
       2
       0
       0
       0
       0
       0
       0
       0
       0
       1
       0
       0
       0
       0
       0
       0
       0
       1
       0
       0
       0
       1
       1
       0
       0
       0
       0
       0
       0
       0
       0
       0
       0
       0
       0
       0
       0
       0
       0
       1
       0
       0
       0
       1
       1
       0
       0
       0
       2
       0
       0
       0
       1
       0
       0
       0
       0
       0
       0
       0
       0
       0
       0
       0
       0
       0
       1
       0
       0
       0
       0
       0
       0
       0
       0
       0
       0
       0
       0
       0
       0
       0
       1
       0
       0
       0
       1
       1
       0
       1
       0
       0
       0
       0
       0
       1
       0
       0
       0
       0
       0
       0
       0
       0
       0
       0
       0
       0
       0
       0
       0
       0
       0
       1
       1
       0
       0
       0
       0
       0
       0
       0
       0
       2
       1
       0
       0
       0
       0
       0
       0
       0
       0
       0
       0
       0
       0
       0
       0
       0
       0
       0
       0
       0
       0
       0
       0
       0
       0
       0
       0
       0
       1
       0
       0
       0
       0
       0
       0
       0
       1
       0
       0
       0
       0
       0
       0
       1
       0
       0
       0
       0
       0
       0
       0
       0
       0
       0
       0
       0
       0
       0
       0
       0
       0
       0
       0
       0
       0
       0
       0
       0
       0
       0
       0
       0
       0
       0
       0
       0
       1
       0
       0
       0
       0
       0
       0
       0
       0
       1
       0
       0
       0
       0
       1
       0
       0
       0
       0
       0
       0
       0
       0
       0
       0
       0
       0
       0
       0
       0
       0
       0
       0
       0
       0
       0
       0
       0
       0
       0
       0
       0
       0
       0
       0
       0
       0
       0
       0
       0
       0
       0
       0
       0
       1
       0
       1
       0
       0
       1
       0
       0
       0
       0
       0
       0
       0
       0
       0
       0
       0
       0
       0
       0
       1
       0
       0
       0
       1
       0
       0
       0
       0
       0
       0
       0
       0
       0
       0
       0
       0
       0
       1
       0
       0
       0
       0
       0
       0
       0
       0
       0
       0
       0
       0
       0
       0
       0
       0
       0
       0
       0
       0
       0
       0
       0
       1
       1
       0
       1
       0
       1
       0
       0
       1
       0
       1
       0
       0
       0
       0
       0
       0
       0
       0
       0
       0
       0
       0
       0
       0
       0
       0
       0
       0
       0
       0
       0
       1
       0
       0
       0
       0
       0
       0
       0
       0
       0
       0
       0
       0
       0
       0
       0
       0
       0
       0
       0
       0
       0
       0
       0
       0
       1
       0
       0
       0
       0
       0
       0
       0
       0
       0
       0
       0
       0
       0
       0
       0
       0
       0
       0
       0
       1
       0
       0
       0
       0
       0
       1
       0
       1
       1
       0
       0
       0
       1
       0
       0
       0
       0
       0
       0
       1
       0
       0
       0
       0
       0
       0
       1
       0
       0
       0
       0
       0
       1
       0
       0
       0
       0
       0
       0
       1
       0
       1
       1
       1
       0
       0
       0
       0
       0
       0
       0
       1
       0
       0
       0
       0
       1
       0
       0
       0
       0
       0
       0
       0
       1
       0
       0
       0
       0
       0
       0
       0
       1
       0
       1
       0
       0
       1
       0
       0
       0
       1
       0
       0
       0
       0
       0
       0
       0
       1
       1
       0
       0
       0
       0
       0
       0
       0
       0
       0
       0
       0
       0
       0
       0
       0
       0
       0
       0
       0
       0
       0
       1
       0
       0
       0
       0
       0
       0
       0
       0
       0
       0
       1
       0
       0
       0
       0
       0
       1
       0
       0
       0
       0
       0
       0
       0
       1
       0
       0
       0
       0
       0
       0
       0
       0
       0
       0
       1
       1
       0
       0
       0
       0
       0
       0
       0
       1
       0
       0
       0
       0
       0
       0
       0
       0
       0
       0
       0
       0
       0
       0
       0
       0
       0
       0
       0
       1
       0
       0
       0
       0
       0
       0
       0
       0
       0
       0
       0
       0
       0
       1
       0
       0
       2
       0
       0
       0
       0
       0
       0
       0
       0
       0
       0
       0
       0
       0
       0
       0
       0
       0
       0
       0
       0
       0
       0
       0
       0
       1
       0
       0
       1
       0
       0
       0
       1
       0
       1
       0
       0
       0
       0
       0
       0
       1
       0
       0
       0
       0
       0
       0
       0
       0
       0
       0
       0
       0
       0
       0
       0
       0
       0
       0
       0
       0
       0
       0
       0
       0
       0
       0
       0
       0
       0
       0
       0
       0
       0
       0
       0
       0
       0
       0
       0
       0
       0
       0
       0
       0
       0
       0
       1
       0
       0
       0
       1
       0
       0
       0
       0
       0
       0
       0
       0
       0
       0
       0
       0
       0
       0
       0
       0
       1
       0
       0
       0
       0
       0
       0
       0
       0
       0
       0
       0
       0
       1
       1
       0
       0
       0
       0
       1
       0
       0
       0
       0
       0
       0
       0
       0
       0
       0
       1
       0
       0
       0
       0
       0
       0
       0
       0
       0
       0
       0
       0
       0
       0
       0
       1
       1
       0
       0
       1
       0
       0
       0
       0
       0
       0
       1
       1
       0
       1
       0
       0
       0
       0
       0
       1
       0
       0
       0
       0
       0
       0
       0
       0
       0
       0
       0
       0
       0
       0
       0
       0
       0
       0
       0
       0
       0
       0
       0
       0
       0
       0
       1
       1
       0
       0
       1
       0
       0
       0
       0
       0
       0
       0
       0
       0
       2
       0
       0
       1
       0
       0
       0
       0
       0
       0
       0
       1
       0
       1
       0
       0
       0
       0
       0
       1
       0
       0
       1
       0
       0
       0
       0
       0
       0
       0
       1
       1
       0
       0
       0
       0
       0
       0
       0
       0
       0
       1
       0
       0
       0
       0
       0
       0
       0
       0
       0
       1
       0
       0
       0
       0
       0
       0
       0
       0
       0
       0
       1
       0
       0
       1
       0
       0
       1
       0
       0
       0
       0
       0
       0
       0
       0
       0
       0
       0
       0
       0
       0
       0
       0
       0
       0
       0
       0
       0
       2
       0
       0
       0
       0
       0
       0
       0
       0
       0
       0
       1
       0
       0
       0
       0
       0
       0
       0
       0
       1
       1
       0
       0
       0
       1
       0
       0
       0
       0
       0
       0
       0
       0
       0
       1
       0
       0
       0
       0
       0
       0
       0
       0
       0
       1
       0
       0
       0
       0
       0
       0
       0
       0
       0
       0
       0
       0
       0
       0
       0
       0
       0
       0
       1
       0
       0
       0
       0
       0
       0
       0
       0
       0
       0
       0
       0
       0
       0
       0
       0
       0
       0
       0
       0
       0
       0
       0
       1
       0
       0
       0
       0
       0
       0
       0
       0
       0
       0
       0
       0
       0
       0
       0
       0
       0
       0
       0
       0
       0
       0
       0
       0
       1
       0
       0
       0
       0
       0
       0
       0
       1
       0
       0
       0
       0
       0
       0
       0
       0
       0
       0
       0
       0
       0
       0
       0
       1
       0
       0
       0
       0
       0
       0
       0
       1
       0
       0
       0
       1
       0
       0
       0
       0
       0
       0
       0
       0
       0
       1
       0
       0
       0
       0
       0
       0
       0
       0
       0
       0
       0
       0
       0
       0
       0
       0
       1
       0
       0
       0
       0
       0
       0
       0
       0
       0
       0
       0
       0
       0
       0
       0
       0
       0
       0
       0
       0
       0
       0
       0
       0
       0
       0
       0
       0
       1
       0
       0
       0
       0
       0
       1
       0
       0
       0
       0
       0
       0
       0
       0
       0
       0
       0
       0
       0
       0
       0
       0
       0
       0
       0
       0
       0
       0
       0
       0
       0
       0
       0
       0
       0
       0
       0
       0
       0
       0
       0
       0
       0
       0
       0
       0
       0
       0
       0
       0
       0
       0
       0
       0
       0
       0
       0
       0
       0
       0
       0
       0
       0
       0
       0
       0
       0
       0
       0
       0
       0
       0
       0
       0
       0
       0
       0
       0
       0
       0
       0
       0
       0
       0
       0
       0
       0
       0
       0
       0
       0
       0
       0
       0
       0
       0
       0
       0
       0
       0
       0
       0
       0
       0
       0
       0
       0
       0
       0
       0
       0
       0
       0
       0
       0
       0
       0
       0
       0
       0
       0
       0
       0
       0
       0
       0
       0
       0
       0
       0
       0
       0
       0
       0
       0
       0
       0
       0
       0
       0
       0
       0
       0
       0
       0
       0
       0
       0
       0
       0
       0
       0
       0
$ROI:
0
$PRESETS:
None
0
0
$ENER_FIT:
-2.173939 0.279251
$MCA_CAL:
3
-2.173939E+000 2.792507E-001 0.000000E+000 keV
$SHAPE_CAL:
3
1.571259E+001 -1.155430E-003 0.000000E+000
