$SPEC_ID:
226Ra
$SPEC_REM:
DET# 1
DETDESC# MCB 132 Input 1
AP# Maestro Version 6.06
$DATE_MEA:
01/07/2022 14:56:47
$MEAS_TIM:
246759 246820
$DATA:
0 8191
       0
       0
       0
       0
       0
       0
       0
       0
       0
       0
       0
       0
       0
       0
       0
       0
       0
       0
       0
       0
       0
       0
       0
       0
       0
       1
    2541
   33346
    6730
    2251
    2090
    2069
    2162
    2258
    2468
    2455
    2639
    2504
    2512
    2502
    2529
    2487
    2576
    2535
    2364
    2278
    2229
    2266
    2225
    2229
    2129
    2205
    2129
    2117
    2133
    2060
    2049
    1992
    2011
    1976
    1999
    1955
    1956
    1961
    1902
    1863
    1808
    1830
    1810
    1862
    1836
    1752
    1856
    1749
    1720
    1737
    1748
    1773
    1767
    1752
    1771
    1647
    1624
    1719
    1830
    1727
    1657
    1717
    1662
    1640
    1647
    1673
    1686
    1667
    1624
    1546
    1586
    1615
    1610
    1516
    1584
    1636
    1578
    1573
    1653
    1570
    1521
    1587
    1536
    1552
    1590
    1544
    1527
    1554
    1571
    1487
    1578
    1589
    1579
    1613
    1498
    1659
    1609
    1533
    1497
    1473
    1454
    1482
    1530
    1481
    1495
    1477
    1396
    1438
    1581
    1596
    1647
    1635
    1512
    1486
    1515
    1403
    1511
    1561
    1456
    1402
    1377
    1443
    1475
    1418
    1390
    1413
    1478
    1408
    1459
    1486
    1466
    1466
    1397
    1417
    1474
    1353
    1449
    1376
    1410
    1409
    1438
    1381
    1393
    1459
    1481
    1486
    1628
    1566
    1495
    1418
    1438
    1417
    1425
    1372
    1400
    1360
    1378
    1348
    1409
    1361
    1410
    1456
    1429
    1409
    1435
    1400
    1450
    1399
    1423
    1433
    1453
    1485
    1343
    1478
    1407
    1357
    1385
    1402
    1335
    1396
    1408
    1473
    1441
    1362
    1361
    1395
    1416
    1343
    1384
    1435
    1368
    1374
    1435
    1469
    1406
    1447
    1517
    1424
    1379
    1373
    1389
    1375
    1440
    1420
    1546
    1694
    1649
    1629
    1460
    1423
    1406
    1402
    1379
    1399
    1395
    1386
    1451
    1482
    1398
    1394
    1442
    1433
    1465
    1429
    1382
    1338
    1407
    1450
    1449
    1424
    1375
    1414
    1473
    1512
    1450
    1476
    1458
    1558
    1656
    1724
    1886
    1869
    1706
    1550
    1520
    1663
    1961
    2218
    2354
    2085
    1745
    1587
    1513
    1606
    1550
    1572
    1599
    1550
    1542
    1486
    1469
    1457
    1469
    1558
    1528
    1457
    1491
    1470
    1512
    1492
    1573
    1483
    1611
    1532
    1522
    1535
    1517
    1544
    1561
    1682
    1693
    1960
    2092
    2219
    2012
    1817
    1687
    1621
    1580
    1625
    1670
    1814
    1734
    1776
    1640
    1532
    1603
    1580
    1581
    1522
    1579
    1651
    1652
    1585
    1595
    1647
    1583
    1664
    1773
    2014
    2172
    2371
    2125
    1907
    1772
    1659
    1603
    1657
    1599
    1642
    1608
    1618
    1591
    1633
    1666
    1649
    1592
    1646
    1684
    1616
    1657
    1626
    1634
    1682
    1749
    1672
    1675
    1634
    1655
    1638
    1643
    1617
    1685
    1694
    1664
    1667
    1724
    1646
    1671
    1717
    1793
    1717
    1753
    1725
    1725
    1745
    1678
    1733
    1746
    1698
    1738
    1798
    1644
    1684
    1681
    1735
    1768
    1836
    1785
    1800
    1805
    1732
    1798
    1868
    1854
    1810
    1841
    1736
    1816
    1791
    1840
    1818
    1891
    1984
    1886
    1852
    1816
    1803
    1874
    1933
    1724
    1829
    1943
    1858
    1789
    1925
    1847
    1874
    1879
    1893
    1875
    1816
    1913
    1958
    1864
    2021
    1877
    1883
    1916
    2023
    1956
    1947
    1915
    1962
    1838
    1931
    1977
    1983
    1992
    2001
    1938
    2064
    2027
    2009
    1960
    1982
    1973
    1969
    2043
    2065
    2004
    2009
    1975
    2043
    2054
    2020
    2036
    2049
    1985
    2116
    2057
    2032
    2071
    2109
    2010
    2142
    1979
    2009
    2102
    2049
    2064
    2072
    2104
    2110
    2107
    2071
    2165
    2009
    2150
    2148
    2153
    2083
    2050
    2179
    2141
    2158
    2085
    2173
    2077
    2062
    2056
    2062
    1985
    2068
    2156
    2119
    2094
    2061
    2246
    2099
    2151
    2190
    2132
    2225
    2172
    2063
    2084
    2003
    2072
    2083
    2112
    2196
    2207
    2317
    2253
    2108
    2101
    2114
    2129
    2019
    2090
    2048
    2100
    2112
    2120
    2083
    2148
    1990
    2125
    2133
    2183
    2042
    2062
    2050
    2067
    2017
    2034
    2058
    2060
    2028
    2094
    2056
    2150
    2057
    2001
    2058
    2044
    1960
    2010
    2035
    1954
    2049
    2071
    2029
    2015
    1958
    2009
    2019
    1999
    2038
    1986
    1950
    2003
    2065
    1952
    1931
    2058
    2075
    1970
    1926
    2041
    2030
    2006
    1943
    1939
    1997
    1917
    1924
    1936
    1983
    1961
    1984
    1931
    2055
    1989
    1998
    1960
    1911
    1930
    1977
    1912
    1946
    1933
    1889
    1930
    1955
    1952
    1937
    1883
    1937
    1875
    1978
    1896
    1941
    1900
    1975
    1900
    2010
    1943
    1951
    1866
    1894
    1850
    1957
    1890
    1972
    1911
    1901
    1886
    1903
    1945
    1880
    1884
    1842
    1742
    1829
    1877
    1896
    1896
    1878
    1905
    1874
    1877
    1921
    1906
    1792
    1946
    1893
    1897
    1937
    1936
    1798
    1836
    1955
    1932
    1933
    1915
    1975
    2032
    1886
    2020
    2013
    2014
    2004
    2010
    2078
    2008
    2115
    2106
    2180
    2248
    2358
    2698
    2777
    2750
    2469
    2329
    2387
    2291
    2332
    2395
    2295
    2303
    2345
    2357
    2325
    2333
    2335
    2381
    2406
    2394
    2276
    2335
    2336
    2288
    2364
    2303
    2311
    2407
    2360
    2360
    2375
    2382
    2429
    2284
    2364
    2373
    2208
    2383
    2249
    2260
    2322
    2358
    2327
    2286
    2293
    2310
    2351
    2369
    2223
    2292
    2261
    2352
    2184
    2184
    2220
    2242
    2204
    2252
    2257
    2269
    2250
    2209
    2146
    2269
    2212
    2211
    2205
    2172
    2186
    2238
    2223
    2201
    2199
    2287
    2237
    2139
    2231
    2191
    2231
    2153
    2236
    2125
    2134
    2092
    2158
    2076
    2164
    2130
    2169
    2198
    2133
    2077
    2052
    2117
    2095
    2101
    2105
    1988
    2123
    2071
    2095
    2084
    2128
    2095
    2044
    1983
    2137
    2087
    2062
    1993
    2121
    2138
    2083
    2056
    2037
    2100
    2087
    1994
    2044
    2035
    2014
    2013
    1991
    2027
    2075
    1997
    2001
    2041
    2054
    2034
    1975
    2074
    2038
    2003
    1922
    1980
    2009
    2011
    2024
    1992
    2059
    2016
    1992
    2009
    1983
    2026
    1986
    2009
    2108
    1921
    1932
    1986
    2004
    2016
    1980
    2010
    1964
    1938
    1969
    1974
    1948
    1981
    1948
    1909
    1943
    1996
    1937
    1895
    1886
    1934
    2004
    1927
    1915
    1877
    1920
    1927
    1949
    1915
    1920
    1851
    1866
    1881
    1911
    1940
    1895
    1876
    1931
    1951
    1946
    2008
    2029
    2155
    2091
    1978
    1935
    1838
    1917
    1929
    1884
    1866
    1912
    1888
    1899
    1901
    1869
    1978
    1870
    1799
    1780
    1861
    1775
    1773
    1830
    1826
    1793
    1769
    1777
    1737
    1754
    1703
    1745
    1716
    1787
    1771
    1758
    1729
    1733
    1698
    1753
    1791
    1776
    1655
    1751
    1725
    1727
    1696
    1625
    1713
    1702
    1645
    1729
    1666
    1709
    1652
    1677
    1673
    1642
    1732
    1669
    1655
    1620
    1614
    1719
    1640
    1627
    1646
    1577
    1652
    1607
    1631
    1569
    1574
    1602
    1583
    1654
    1560
    1611
    1608
    1620
    1587
    1522
    1624
    1622
    1564
    1566
    1593
    1557
    1566
    1525
    1537
    1507
    1562
    1538
    1560
    1487
    1509
    1497
    1412
    1507
    1460
    1439
    1478
    1520
    1468
    1505
    1550
    1464
    1477
    1568
    1476
    1485
    1520
    1505
    1440
    1528
    1451
    1481
    1478
    1499
    1442
    1403
    1492
    1454
    1430
    1445
    1508
    1461
    1429
    1502
    1475
    1448
    1391
    1474
    1447
    1392
    1418
    1433
    1413
    1443
    1434
    1395
    1409
    1490
    1299
    1365
    1420
    1382
    1376
    1419
    1395
    1391
    1436
    1350
    1399
    1360
    1412
    1332
    1354
    1472
    1366
    1322
    1381
    1375
    1321
    1349
    1352
    1385
    1314
    1360
    1375
    1319
    1320
    1363
    1416
    1329
    1389
    1306
    1354
    1349
    1342
    1416
    1355
    1359
    1387
    1338
    1350
    1379
    1320
    1265
    1404
    1416
    1318
    1325
    1340
    1319
    1319
    1369
    1313
    1292
    1357
    1380
    1432
    1481
    1465
    1416
    1383
    1365
    1344
    1321
    1324
    1358
    1311
    1322
    1309
    1392
    1319
    1333
    1298
    1287
    1350
    1256
    1249
    1229
    1303
    1254
    1333
    1277
    1277
    1256
    1263
    1266
    1291
    1279
    1309
    1281
    1265
    1258
    1271
    1236
    1237
    1329
    1352
    1244
    1224
    1313
    1343
    1282
    1210
    1312
    1278
    1227
    1281
    1238
    1251
    1334
    1253
    1255
    1212
    1228
    1252
    1269
    1280
    1253
    1236
    1241
    1271
    1232
    1243
    1201
    1205
    1258
    1285
    1304
    1195
    1222
    1238
    1212
    1209
    1188
    1274
    1214
    1258
    1161
    1232
    1168
    1287
    1218
    1317
    1243
    1158
    1168
    1168
    1206
    1261
    1227
    1217
    1217
    1231
    1174
    1210
    1287
    1164
    1160
    1227
    1193
    1221
    1194
    1216
    1135
    1175
    1225
    1241
    1198
    1187
    1146
    1220
    1161
    1199
    1160
    1167
    1208
    1156
    1190
    1177
    1163
    1219
    1203
    1187
    1218
    1148
    1201
    1152
    1178
    1178
    1174
    1085
    1195
    1192
    1148
    1179
    1041
    1192
    1145
    1134
    1126
    1203
    1168
    1126
    1158
    1221
    1112
    1123
    1136
    1216
    1142
    1116
    1168
    1159
    1088
    1145
    1131
    1108
    1116
    1113
    1118
    1154
    1148
    1155
    1065
    1136
    1107
    1156
    1107
    1067
    1110
    1130
    1108
    1105
    1032
    1108
    1106
    1114
    1084
    1117
    1108
    1095
    1125
    1080
    1046
    1094
    1119
    1063
    1097
    1039
    1102
    1130
    1004
    1056
    1111
    1043
    1122
    1105
    1095
    1195
    1238
    1260
    1214
    1151
    1064
    1110
    1040
    1031
    1065
    1007
    1113
    1041
    1049
    1024
    1056
    1086
    1055
    1013
    1033
    1041
    1087
    1086
    1064
     993
    1061
    1037
    1057
    1075
    1036
    1020
    1037
    1011
    1077
    1047
    1025
    1073
    1046
    1050
     976
    1028
    1039
     976
    1082
    1063
    1050
    1014
    1017
    1028
    1106
    1001
     977
     999
    1125
    1082
    1086
    1056
    1038
    1009
    1067
    1054
    1015
    1042
     975
    1074
    1033
     975
     989
    1034
    1028
    1000
    1015
    1008
     950
     997
     998
    1014
    1040
    1043
    1030
    1059
     973
    1043
     996
    1015
     979
     961
     957
    1004
     975
     978
    1018
    1026
     967
     966
     994
     996
     970
    1043
    1038
    1043
     955
    1018
    1019
     955
     978
    1029
     947
     967
     979
    1032
    1013
     958
     988
     985
     918
    1009
     983
    1009
     983
    1004
    1049
     963
    1071
     996
     974
     930
    1052
     946
     968
     980
     977
     990
     982
     984
     942
    1011
     974
    1015
    1008
     994
    1021
     992
     967
    1008
    1009
     973
     957
     969
     943
    1012
    1016
     968
    1044
    1022
     989
    1004
     963
     967
     988
     982
    1039
     895
     998
     969
     973
    1029
    1009
     974
     963
    1004
     998
     992
    1011
     979
     984
    1000
     991
    1029
    1027
     984
     982
     979
     963
     987
    1005
    1045
    1022
     978
     974
    1033
    1078
     959
     976
    1041
     954
     985
    1005
    1061
    1023
    1065
    1012
    1057
     974
     991
    1033
    1037
    1087
     971
    1017
     994
    1034
    1037
    1012
    1037
    1066
     946
    1038
    1050
    1052
     995
    1043
    1015
    1099
    1059
    1002
    1111
     968
    1085
    1039
     974
     990
    1074
    1096
    1064
    1055
    1103
    1073
     988
    1021
    1120
    1027
    1060
    1018
    1075
    1057
    1050
    1047
    1019
    1015
    1092
    1087
    1029
    1059
    1032
    1034
    1095
    1062
    1078
    1067
    1116
    1026
    1111
    1100
    1070
    1079
    1053
    1054
    1021
    1085
    1071
    1076
    1081
    1052
    1097
    1045
    1072
    1134
    1067
    1062
    1110
    1066
    1112
    1051
    1062
    1039
    1127
    1131
    1049
    1126
    1179
    1226
    1388
    1487
    1487
    1484
    1389
    1239
    1167
    1128
    1083
    1067
    1076
    1090
    1086
    1107
    1133
    1170
    1091
    1133
    1168
    1200
    1093
    1108
    1167
    1209
    1186
    1119
    1126
    1084
    1109
    1124
    1195
    1091
    1131
    1106
    1067
    1199
    1188
    1160
    1166
    1194
    1134
    1188
    1173
    1149
    1191
    1174
    1180
    1144
    1166
    1160
    1206
    1197
    1146
    1146
    1234
    1208
    1245
    1114
    1155
    1249
    1221
    1216
    1195
    1202
    1226
    1215
    1214
    1172
    1152
    1150
    1229
    1170
    1250
    1206
    1249
    1178
    1210
    1284
    1196
    1203
    1186
    1182
    1212
    1286
    1206
    1117
    1227
    1268
    1255
    1195
    1242
    1304
    1221
    1240
    1243
    1293
    1221
    1207
    1234
    1208
    1195
    1236
    1322
    1265
    1264
    1236
    1232
    1184
    1221
    1264
    1235
    1204
    1258
    1242
    1257
    1324
    1235
    1298
    1247
    1246
    1197
    1285
    1306
    1201
    1245
    1257
    1318
    1251
    1201
    1169
    1254
    1228
    1269
    1267
    1268
    1247
    1296
    1236
    1231
    1167
    1185
    1216
    1201
    1202
    1157
    1176
    1138
    1170
    1137
    1090
    1163
    1067
    1100
    1109
    1052
    1091
     988
     999
     981
     997
     931
     940
    1009
     880
     912
     857
     875
     835
     834
     848
     806
     872
     880
     818
     794
     764
     790
     740
     767
     768
     753
     685
     683
     732
     712
     716
     707
     713
     742
     700
     707
     704
     705
     648
     664
     686
     676
     723
     700
     661
     662
     660
     672
     645
     606
     641
     641
     638
     646
     637
     624
     622
     660
     642
     632
     602
     619
     593
     604
     630
     657
     599
     635
     629
     606
     597
     597
     615
     603
     596
     649
     535
     604
     600
     594
     556
     545
     589
     570
     567
     594
     586
     576
     562
     581
     555
     622
     503
     536
     556
     573
     556
     517
     540
     544
     492
     511
     523
     541
     547
     550
     519
     550
     525
     526
     502
     525
     502
     550
     577
     525
     620
     656
     746
     763
     820
     840
     804
     809
     913
     766
     738
     666
     546
     583
     555
     536
     476
     465
     476
     472
     453
     468
     483
     486
     427
     457
     413
     419
     482
     451
     419
     412
     458
     460
     423
     387
     407
     429
     391
     412
     441
     430
     400
     426
     401
     417
     428
     385
     390
     414
     404
     422
     409
     401
     426
     433
     376
     411
     356
     343
     405
     439
     382
     431
     389
     401
     365
     363
     391
     377
     375
     386
     382
     362
     379
     353
     349
     359
     378
     351
     343
     327
     337
     342
     373
     360
     353
     378
     333
     335
     329
     331
     325
     359
     311
     317
     334
     335
     311
     322
     311
     368
     343
     329
     305
     298
     322
     278
     266
     324
     304
     301
     300
     292
     303
     281
     256
     279
     319
     303
     294
     278
     278
     289
     276
     259
     251
     266
     263
     266
     272
     296
     286
     276
     253
     284
     252
     246
     256
     267
     274
     274
     226
     258
     238
     253
     242
     235
     234
     242
     240
     253
     249
     241
     198
     243
     220
     227
     237
     227
     243
     234
     241
     218
     225
     214
     245
     221
     197
     211
     230
     214
     230
     211
     194
     220
     227
     216
     195
     199
     192
     219
     205
     215
     192
     199
     211
     186
     200
     214
     217
     182
     188
     182
     190
     196
     191
     177
     192
     174
     180
     224
     184
     179
     194
     196
     164
     199
     219
     189
     187
     209
     183
     209
     254
     236
     242
     241
     190
     213
     198
     203
     186
     172
     201
     173
     203
     187
     182
     172
     157
     187
     176
     158
     165
     168
     173
     155
     185
     169
     174
     155
     184
     201
     197
     149
     188
     158
     172
     180
     151
     160
     139
     142
     179
     184
     164
     153
     181
     199
     187
     200
     201
     186
     209
     246
     175
     199
     195
     187
     165
     160
     167
     157
     170
     172
     168
     154
     167
     167
     155
     130
     138
     174
     182
     164
     164
     162
     161
     156
     157
     143
     164
     159
     156
     160
     162
     160
     156
     141
     159
     137
     157
     173
     132
     151
     157
     156
     171
     143
     150
     171
     176
     138
     161
     156
     137
     157
     136
     167
     156
     132
     155
     145
     143
     137
     153
     164
     148
     159
     142
     157
     159
     152
     138
     152
     139
     145
     147
     150
     170
     151
     143
     147
     163
     136
     167
     146
     168
     141
     148
     152
     169
     179
     212
     258
     301
     267
     261
     245
     178
     178
     174
     156
     171
     142
     151
     158
     174
     180
     223
     244
     307
     375
     374
     396
     353
     278
     261
     196
     164
     132
     163
     132
     133
     131
     139
     130
     139
     135
     118
     134
     157
     131
     142
     114
     142
     143
     119
     154
     127
     140
     133
     144
     130
     128
     132
     146
     125
     136
     146
     130
     134
     140
     149
     128
     122
     122
     130
     135
     130
     134
     117
     147
     124
     137
     120
     141
     132
     132
     138
     114
     123
     127
     131
     155
     130
     146
     122
     142
     135
     132
     123
     128
     129
     131
     121
     117
     129
     134
     152
     117
     134
     146
     123
     124
     134
     122
     119
     152
     137
     105
     122
     144
     123
     126
     134
     149
     107
     124
     145
     133
     130
     123
      97
     122
     130
     121
     133
     110
     126
     126
     145
     116
     123
     114
     118
     139
     149
     126
     120
     140
     126
     129
     141
     125
     119
     115
     158
     137
     114
     131
     148
     128
     153
     151
     140
     122
     144
     159
     133
     133
     132
     126
     136
     152
     146
     131
     157
     150
     129
     145
     161
     142
     141
     172
     142
     160
     168
     169
     193
     188
     231
     366
     544
    1065
    2241
    5001
   10514
   20416
   35419
   54512
   72170
   83263
   83217
   71943
   53714
   34602
   19676
    9510
    3991
    1334
     447
     119
      50
      34
      37
      42
      45
      36
      40
      38
      26
      35
      35
      42
      30
      33
      21
      44
      35
      33
      39
      36
      40
      41
      38
      27
      29
      28
      30
      52
      29
      28
      35
      39
      38
      34
      20
      37
      30
      41
      36
      32
      38
      39
      50
      40
      35
      37
      32
      32
      29
      26
      28
      29
      34
      34
      38
      25
      29
      24
      34
      24
      28
      37
      38
      22
      38
      35
      35
      30
      47
      28
      41
      34
      29
      48
      32
      28
      37
      32
      44
      33
      33
      46
      36
      32
      30
      34
      27
      38
      26
      29
      39
      34
      33
      37
      29
      38
      36
      35
      47
      40
      43
      22
      35
      33
      45
      38
      29
      33
      34
      43
      42
      35
      25
      33
      44
      39
      35
      34
      30
      40
      40
      40
      46
      41
      40
      38
      41
      46
      46
      34
      36
      35
      25
      27
      33
      35
      46
      43
      41
      35
      31
      37
      31
      26
      36
      39
      31
      45
      31
      44
      35
      33
      35
      23
      39
      42
      38
      37
      35
      38
      37
      35
      29
      35
      32
      30
      25
      37
      29
      31
      26
      27
      36
      34
      31
      35
      36
      30
      42
      26
      35
      44
      37
      31
      32
      42
      40
      25
      24
      21
      29
      34
      41
      34
      23
      34
      30
      29
      26
      30
      38
      44
      65
      65
     115
     167
     218
     264
     242
     224
     187
     129
      93
      79
      64
      35
      28
      30
      43
      31
      28
      36
      32
      39
      39
      40
      38
      37
      25
      24
      21
      34
      36
      30
      28
      36
      29
      30
      31
      32
      25
      19
      32
      28
      28
      26
      29
      34
      35
      35
      26
      32
      33
      22
      40
      35
      35
      32
      33
      27
      34
      19
      31
      40
      32
      37
      23
      35
      28
      31
      31
      31
      34
      27
      28
      33
      39
      34
      41
      42
      23
      29
      30
      18
      31
      30
      45
      31
      30
      22
      37
      26
      30
      27
      30
      32
      35
      28
      29
      27
      26
      32
      24
      30
      31
      30
      25
      38
      28
      28
      26
      24
      23
      29
      24
      23
      36
      36
      37
      35
      22
      37
      27
      22
      31
      32
      20
      26
      30
      27
      18
      24
      21
      26
      24
      33
      19
      22
      24
      23
      26
      40
      28
      28
      27
      35
      30
      25
      23
      28
      21
      29
      28
      24
      34
      35
      25
      37
      28
      42
      37
      41
      42
      48
      50
      42
      36
      39
      36
      50
      43
      33
      30
      37
      40
      29
      11
      34
      30
      33
      31
      39
      31
      34
      25
      31
      28
      24
      33
      33
      23
      25
      29
      26
      23
      22
      31
      19
      30
      29
      33
      20
      28
      24
      21
      33
      20
      31
      32
      29
      28
      27
      30
      27
      29
      28
      26
      31
      36
      32
      40
      43
      40
      23
      26
      30
      24
      38
      33
      34
      24
      43
      38
      36
      37
      31
      27
      24
      29
      26
      30
      34
      23
      31
      28
      30
      27
      23
      29
      23
      28
      35
      33
      24
      25
      21
      25
      35
      27
      33
      21
      30
      28
      35
      29
      34
      27
      38
      20
      32
      30
      30
      28
      34
      25
      26
      24
      19
      21
      28
      27
      25
      32
      26
      32
      23
      26
      22
      44
      31
      38
      31
      37
      31
      26
      35
      25
      25
      35
      30
      27
      29
      25
      34
      17
      33
      22
      29
      31
      24
      24
      27
      36
      24
      25
      32
      20
      22
      24
      20
      25
      28
      24
      18
      26
      24
      23
      32
      29
      22
      34
      30
      25
      27
      25
      17
      20
      36
      31
      20
      33
      24
      23
      21
      35
      28
      37
      30
      28
      21
      26
      23
      26
      29
      22
      26
      31
      28
      22
      25
      16
      32
      36
      26
      24
      39
      22
      26
      29
      36
      29
      23
      21
      22
      33
      24
      23
      24
      29
      25
      23
      24
      21
      31
      22
      15
      23
      35
      25
      26
      31
      29
      36
      21
      36
      21
      23
      26
      22
      35
      26
      26
      31
      26
      26
      34
      28
      32
      36
      29
      23
      38
      37
      23
      26
      33
      26
      29
      33
      26
      36
      47
      26
      35
      27
      24
      31
      38
      40
      25
      24
      26
      24
      21
      29
      23
      25
      30
      35
      26
      26
      22
      29
      31
      39
      24
      26
      37
      15
      25
      30
      30
      30
      31
      23
      33
      28
      30
      27
      30
      20
      29
      28
      34
      30
      13
      11
      30
      16
      17
      19
      31
      38
      21
      23
      30
      22
      16
      27
      23
      20
      30
      33
      20
      34
      22
      36
      18
      31
      20
      19
      26
      23
      30
      27
      29
      29
      35
      40
      31
      36
      32
      28
      34
      25
      31
      28
      24
      32
      28
      23
      29
      21
      18
      20
      28
      23
      20
      22
      22
      22
      22
      27
      30
      26
      26
      30
      11
      24
      24
      22
      29
      27
      29
      27
      23
      24
      23
      23
      29
      26
      19
      20
      18
      28
      27
      24
      26
      23
      25
      27
      29
      20
      22
      31
      23
      24
      26
      31
      30
      19
      24
      15
      27
      21
      29
      24
      32
      30
      21
      27
      20
      26
      23
      35
      20
      34
      26
      27
      24
      21
      34
      32
      22
      22
      21
      17
      26
      28
      23
      22
      26
      24
      27
      22
      24
      25
      25
      23
      25
      32
      26
      28
      16
      27
      19
      27
      22
      18
      20
      18
      19
      22
      25
      17
      22
      15
      26
      16
      25
      34
      19
      28
      25
      25
      27
      28
      22
      24
      37
      25
      25
      27
      24
      30
      31
      29
      26
      16
      20
      24
      26
      25
      27
      17
      34
      18
      27
      34
      28
      24
      26
      17
      29
      24
      19
      16
      20
      27
      22
      22
      22
      21
      25
      31
      20
      18
      17
      20
      17
      29
      19
      31
      32
      36
      39
      51
      45
      73
      52
      47
      42
      45
      42
      25
      25
      24
      18
      27
      21
      22
      25
      20
      24
      24
      21
      22
      24
      24
      17
      27
      15
      20
      29
      11
      21
      20
      26
      21
      21
      17
      20
      24
      15
      16
      18
      21
      23
      22
      29
      23
      21
      20
      23
      17
      21
      16
      21
      18
      27
      22
      17
      25
      23
      23
      20
      23
      27
      22
      20
      24
      17
      26
      20
      22
      26
      28
      22
      17
      22
      24
      24
      16
      14
      23
      21
      24
      29
      25
      25
      26
      23
      30
      26
      22
      24
      23
      13
      26
      28
      25
      17
      18
      22
      18
      24
      15
      23
      27
      16
      24
      29
      12
      25
      24
      11
      23
      14
      28
      28
      21
      20
      21
      20
       9
      17
      26
      21
      20
      16
      27
      24
      26
      16
      18
      29
      16
      22
      17
      21
      25
      21
      20
      19
      18
      21
      29
      27
      16
      22
      24
      20
      20
      24
      20
      19
      29
      11
      22
      20
      23
      16
      19
      18
      25
      14
      21
      29
      20
      12
      15
      20
      26
      24
      26
      23
      19
      24
      24
      31
      15
      21
      15
      25
      26
      19
      26
      20
      25
      36
      19
      35
      24
      25
      29
      30
      34
      24
      27
      31
      37
      37
      22
      18
      26
      26
      27
      21
      22
      32
      22
      35
      35
      35
      29
      39
      48
      37
      31
      25
      12
      26
      24
      26
      18
      23
      28
      20
      19
      16
      20
      14
      14
      23
      16
      22
      22
      25
      24
      27
      21
      19
      26
      16
      18
      17
      18
      25
      21
      20
      20
      29
      17
      22
      20
      23
      18
      21
      22
      23
      15
      17
      18
      15
      27
      23
      23
      22
      24
      18
      19
      20
      26
      23
      14
      22
      15
      21
      18
      18
      11
      15
      17
      18
      17
      17
      14
      19
      21
      23
      23
      26
      23
      23
      29
      16
      21
      16
      21
      27
      29
      17
      19
      21
      15
      18
      20
      20
      17
      22
      22
      22
      18
      27
      10
      28
      18
      16
      25
      19
      20
      24
      35
      27
      18
      24
      31
      58
      54
      45
      50
      36
      44
      30
      27
      25
      13
      33
      26
      22
      17
      14
      19
      19
      21
      23
      24
      17
      18
      14
      24
      25
      20
      15
      25
      18
      16
      26
      20
       9
      28
      13
      13
      13
      15
      22
      17
      18
      17
      26
      18
      26
      17
      18
      20
      21
      26
      25
      26
      11
      24
      22
      21
      16
      19
      18
      30
      13
      17
      30
      28
      18
      21
      17
      20
      27
      13
      19
      29
      21
      13
      17
      12
      32
      18
      25
      13
      25
      20
      16
      12
      31
      26
      27
      22
      16
      20
      13
      17
      21
      24
      14
      19
      19
      25
      12
      11
      20
      22
      16
      18
      17
      17
      18
      21
      12
      16
      15
      22
      21
      19
      16
      20
      16
      11
      14
      20
      14
      20
      18
      16
      25
      17
      28
      21
      17
      17
      14
      20
      15
      10
      20
      18
      17
      14
      12
      11
      11
      17
      10
      24
      25
      19
      23
      23
      12
      17
      17
      19
      19
      17
      17
      18
      10
      17
      20
      20
      22
      22
      12
      21
      17
      19
      17
      15
      26
      18
      17
      22
      19
      26
      14
      26
      25
      13
      20
      14
      20
      18
      18
      17
      22
      14
      24
      23
      15
      21
      23
      13
      19
      17
      18
      14
      18
      14
      28
      25
      21
      21
      18
      28
      18
      21
      21
      20
      13
      23
      20
      22
      15
      12
      20
      21
      12
      18
      20
      31
      23
      26
      26
      23
      31
      44
      32
      29
      40
      31
      27
      19
      20
      19
      22
      20
      16
      15
      17
      17
      24
      22
      21
      15
      19
      21
      12
      16
      20
      19
      17
      11
       9
      13
      18
      22
      13
      25
      14
      22
      20
      13
      10
      14
      18
      20
      26
      19
      16
      12
      27
      16
      21
      13
      20
      20
      16
      19
       7
      21
      16
      17
      21
      14
      14
      19
      21
      17
      18
      25
      18
      10
      23
      11
      15
      24
      20
      13
      19
      18
      16
      20
      15
      13
      16
      19
      16
      12
      19
      24
      12
      17
      22
      16
      18
      14
      17
      17
      19
      19
      13
      14
      16
      11
      11
      13
      21
      15
      20
      14
      14
      21
      16
      20
      16
      15
      18
      17
      11
      15
      13
      15
      22
      17
      17
      12
      14
      22
      19
      14
      13
      17
      28
      14
      18
      18
      14
      20
      14
      18
      18
      26
      14
      18
      17
      13
      14
      22
      10
      14
      12
      12
      15
      24
      16
      17
      16
      23
      15
      13
      15
      13
      21
      13
      20
      15
      14
      11
      15
      16
      15
      16
      18
      12
      29
      15
      14
      15
      18
      11
      11
      24
      16
      11
      21
      18
      16
      23
      18
      17
      12
      18
      13
      25
      24
      23
      14
      17
      23
      21
      29
      23
      27
      26
      37
      40
      40
      46
      48
      45
      39
      34
      42
      26
      22
      21
      20
      16
      18
      21
      19
      10
      17
      11
      20
      15
      16
      17
      14
      15
      13
      12
      16
      11
      19
      17
      11
      12
      19
      11
      12
      16
      19
      17
      17
      13
      20
      16
      11
      21
      23
      20
      21
      17
      19
      20
      17
       8
      14
      20
      12
      10
      21
      16
      16
      25
      19
      20
      15
      12
      19
      20
      12
      10
      20
      23
      21
      15
      16
      12
      14
      15
      22
      14
      23
      16
      16
      16
      17
      17
      26
      16
      24
      12
      18
      11
      19
      19
      25
      16
      14
      15
      17
      20
      15
      15
      17
      19
      24
      18
      22
      17
      26
      15
      18
      20
      26
      13
      12
      21
      11
      11
      14
      20
      20
      16
      20
      15
      26
      17
      16
      21
      20
      20
      20
      21
      16
      18
      25
      16
       9
      15
      11
      19
      15
      16
      14
      15
       7
      15
      19
       9
      12
      17
      21
      11
      12
      14
      17
      24
      18
      11
      18
       7
      13
      14
      14
      21
      19
      12
      20
      20
      19
      17
      16
      16
      18
      13
      12
      12
      14
      20
       8
      23
      16
      22
      17
      21
      23
      13
      23
      11
      18
      16
      17
      12
      13
      16
      17
      24
      19
      19
      20
      15
      24
      17
      12
      18
      18
      16
      12
      17
      15
      14
      17
      10
      12
      14
      15
      16
      11
      25
      11
      12
      18
      17
      15
      13
      16
      23
      18
      12
      20
      16
      17
      15
      16
      16
      12
      19
      19
      17
      18
      14
      15
      14
      20
      16
      16
      11
      16
      17
      16
      14
      11
      21
      17
      20
      15
      14
      12
      12
      12
      11
       9
      22
      16
      16
      14
      13
      10
      22
      20
      16
      16
      14
      19
      14
      23
      19
      12
      21
      16
      14
      11
      11
      17
      11
      20
      20
      10
      15
      11
      20
      18
      12
      19
      10
      13
      10
      11
      20
      15
      19
      18
      10
      11
      22
      16
      11
      20
      15
      12
      16
      14
       9
      15
      19
      13
      16
      13
       7
      15
      15
      21
      10
      14
      12
      18
      15
      17
      18
      16
      14
      17
      16
      17
      16
       7
      18
      15
      16
      18
      15
      16
      19
      18
      19
      15
      14
      15
      13
      18
      10
      21
      10
      12
      15
      13
      13
      16
      17
      15
       9
      11
      17
      10
      14
      13
      14
      17
      14
      12
      28
       8
      22
      17
      16
      18
      12
      16
      18
      18
      14
      11
      13
      17
      26
      24
      15
       8
      13
      15
      18
      17
      22
       9
      13
      14
       7
      21
      19
      12
       8
       8
      20
       6
      22
       7
       9
      16
      21
       8
      18
      18
      13
      21
      24
      16
      12
      11
      14
      19
      23
      22
      28
      28
      26
      28
      20
      21
      25
      14
      16
      21
      16
      19
      16
      15
      21
      10
      13
      10
      19
      12
      11
      18
      19
      20
      13
      14
       9
      16
      17
      17
      13
      14
      15
      13
      16
      17
      14
      15
       8
      16
      13
      13
      13
      14
      14
      13
      14
      21
      15
      15
      13
      15
      20
      10
      17
      16
       6
      22
      12
       8
      10
      15
      19
      16
      19
      20
      11
      14
      11
      15
      12
      19
      17
      10
      11
       9
      12
      15
      15
      14
      10
      17
      12
      20
      13
      16
      13
      14
      16
      12
      19
      14
      16
      11
      12
      14
       8
      18
      13
      24
      11
      19
      15
      15
      11
      14
      15
      12
       9
      10
      12
      16
      16
      18
      10
       5
      22
      18
      14
      16
       7
      14
      14
      10
      11
       5
      17
      13
      26
      18
      13
      13
       8
      15
      19
      19
      19
      16
      19
      11
      11
      16
      14
      17
      16
      14
      13
      18
      13
      24
      10
       8
      14
      15
      10
      18
      16
      18
      11
      14
      13
      20
      12
      16
      16
      17
       8
      16
      20
      11
      16
      14
      13
      13
      14
      13
      14
       4
      14
       9
      11
       9
      16
      11
      15
       8
      13
      13
      18
      12
      13
       9
      14
      21
      11
      12
      11
      12
      14
      18
      11
      16
      11
       8
      12
      14
      10
      15
      14
      12
      14
      15
      14
      11
      11
       9
      20
      17
       9
      14
       9
      12
      17
      19
      17
       9
      14
       8
      16
       7
       4
      11
       8
       7
      14
      14
      11
      17
      14
      15
      13
      16
      13
       8
      19
      10
      18
      10
      22
      14
      16
      16
      18
      16
      17
       8
       8
      13
      17
       9
      11
      10
      14
      15
      13
      14
      14
      12
      15
      11
      11
      15
      11
      11
      14
       9
      10
      10
      14
       7
      14
      10
       9
       6
      14
      22
      10
       9
      14
      14
       8
      21
      13
       7
      14
      22
      12
      10
       8
       5
       7
      12
      15
      15
      14
      12
      13
      11
      20
      11
      16
      12
      11
      12
      12
       9
       9
      13
      19
       5
      14
      14
      14
       7
      10
      19
       8
       9
      11
      17
      18
      16
      11
      12
       7
       8
      12
      18
      14
      12
      10
      12
      14
       9
      16
      10
      13
       6
      13
      13
      10
      16
      13
      15
      12
       9
      16
      19
      10
       8
      12
       9
      17
      11
      14
      16
      12
      17
      14
      15
      12
      22
       9
      10
      11
      15
      22
       9
       9
       9
      13
      14
      15
       9
       8
      13
       8
      10
      11
       9
      10
       9
       8
      10
      12
      13
      13
      10
      16
      17
      13
       5
      14
      13
       8
       9
      10
       9
       9
      14
      11
      14
      13
      12
      11
       5
       7
      10
      10
      11
      11
      15
      11
      11
      10
       7
      12
      12
      13
      15
      12
       9
      12
      10
      12
      11
      12
       7
      18
      10
      14
      14
      15
       9
      13
      17
      11
      15
      16
      12
      10
      12
      15
       9
      12
      10
      16
       7
      15
      11
      13
      11
      12
      16
      10
      10
      15
      17
      10
      11
      11
      10
      15
      11
      12
      14
      11
      15
      15
      11
      15
      15
      12
      11
      14
      13
      13
      10
      10
      11
       9
      11
      13
      11
      18
      18
      15
      16
      15
      20
      22
      11
      21
      20
      22
      11
      14
       9
      12
      10
      12
      13
       9
      12
      13
       6
       8
       9
      11
      12
      18
      10
       9
       8
      17
       6
      10
      10
      14
      14
      12
      19
      15
      12
       9
      12
      13
      11
      11
       9
      13
      11
      13
      12
      14
       8
      14
      17
      13
       9
      11
      10
      16
       8
      12
       8
      15
       8
      10
       8
      17
       5
      13
       8
       8
      12
      26
      13
      13
      11
       7
      11
      13
       8
       6
       4
       8
       5
      12
      14
      12
      13
      14
      18
      13
      10
      11
      19
      11
      14
      10
      14
      10
      14
      10
       9
      11
      12
      12
      13
       9
      15
       5
      10
      13
      20
      22
      13
      14
      21
      15
      13
       8
      12
       6
      15
      14
      14
      10
       4
      10
      12
       7
       9
       8
       8
       9
      12
       9
      15
       7
       6
      13
       9
      11
      16
      11
       9
      13
      16
      15
      11
       9
      11
       6
       8
      16
      15
       9
      16
      11
      13
       9
      16
      15
      11
      12
       9
       4
      15
      17
       6
      14
      12
       9
       8
      10
      12
      17
      11
      13
      10
       6
      13
       8
      10
      11
      12
      10
      15
       9
      14
      10
       5
      13
       7
      12
      13
       4
       8
       6
      12
       8
       8
       9
      17
       8
      13
      13
      14
      10
      17
      11
       6
       5
      12
      12
      16
       9
      13
       7
       9
       5
      12
       5
       9
      14
       8
       7
      13
      16
       9
       6
       7
       8
       5
      12
       7
      13
      13
      11
       8
      20
       7
       9
      10
      15
      12
      13
       9
       6
       7
       5
       8
       4
      12
      11
      12
      12
       6
      11
      13
      14
      14
      15
      11
      16
       8
       8
       9
      10
       8
      10
      13
       9
      15
      14
      12
      12
       6
       9
      10
       6
       6
       6
       8
       8
      16
       5
      10
      12
       5
       8
      16
      16
       8
      10
      11
      19
      17
      36
      22
      46
      47
      63
      69
      64
      60
      42
      53
      51
      46
      24
      42
      29
      25
      17
       8
       8
       9
       9
      10
      12
      11
      14
       9
      13
      14
      12
      14
      12
       6
      10
       7
      11
       8
       4
       8
       7
       9
      11
       9
      11
      11
       8
       6
       7
       7
      12
      10
       7
       8
       8
      10
       9
       6
      11
      11
       9
       6
       8
       6
      11
      12
       4
      14
      13
       6
       8
       8
       8
      11
       5
       7
       9
       9
      11
       7
       5
       9
      11
      10
      17
      15
      11
      10
      12
      10
       8
       6
       9
      14
       9
      11
      10
       6
       5
       6
       8
       8
      11
       9
       9
      11
       7
       8
      11
       8
      10
       5
       8
      15
       9
       7
      12
       8
       4
      10
      13
       9
      13
      12
       9
      11
       9
      17
       5
       4
       8
      20
       4
      13
      14
       9
       6
       4
      13
      15
       8
      14
       7
      10
      13
       7
       8
      15
       5
      12
      10
       7
      11
      11
      18
       4
       8
       4
       9
      12
      11
      10
       9
      13
       8
       6
       8
      17
       7
       7
       7
      11
      13
      14
      12
       9
      16
      17
      18
      10
      11
      11
      14
      12
      13
      15
      18
       9
       9
       7
      10
      11
       8
      14
      12
       6
       8
       9
       6
       8
      12
      13
       9
       9
      12
      14
      14
       6
      10
       8
       8
      13
       7
       6
      10
      14
       8
      15
       8
       7
       8
      11
       8
       9
       4
      10
       8
       8
      16
      11
       4
       9
      15
       8
       9
       7
      10
       6
       7
       8
       7
       5
      12
       7
      10
      11
       9
       9
       8
       5
       9
       7
      11
      12
      13
       9
       7
       4
       8
       5
       9
      16
       3
       9
      11
      12
       5
       7
       8
      11
      14
       8
      13
       6
       8
      12
      10
       8
      15
       9
      11
       7
       9
      13
       7
      12
       9
       7
       7
       9
      10
      10
       7
       7
       6
       4
       7
      10
      10
       5
      10
      10
      12
      16
       5
       8
      11
       7
      14
       9
      10
       6
       4
       8
      14
      13
      10
       7
      10
       8
       8
       9
      11
      14
       7
       9
       9
      15
      11
       9
       3
       8
       6
       8
       5
       8
       8
      11
       6
      14
       9
      10
       5
       9
       4
       6
       8
       6
      11
       9
       6
      12
       9
       8
       7
       7
       8
       8
       6
       7
      16
       8
       9
       3
       8
       9
      11
       9
       3
       5
      13
      11
      11
       7
      11
      12
      13
       7
       8
      11
       8
       6
       8
       4
       7
      16
      12
       8
      11
       8
       9
       6
      10
       6
      12
      11
       8
       7
      12
      10
       9
       5
      11
      11
      10
       7
       6
      12
      13
       4
       8
       7
       8
      11
       6
       8
       8
       4
       8
       7
       5
       2
      15
       5
       8
      13
      10
       8
       6
      11
       7
      12
       8
      11
       5
      14
       9
       6
       3
      12
       7
      12
       3
      10
       9
       8
       5
       8
      14
       7
       4
      12
       9
      11
       7
      11
       5
      13
      11
      13
      10
      13
      14
      12
      12
       7
      10
      10
      15
       7
      14
       6
      16
       7
       8
      14
       6
      13
      16
       7
      15
      10
       6
      16
      11
      10
      13
       3
       8
       9
      11
      11
       7
      13
       8
       7
       9
       8
       8
      10
       8
       6
      12
       9
      11
       7
       9
      12
       7
       3
       7
       6
       5
       8
       7
       8
       7
       8
      10
       6
       7
      10
       5
      12
       9
       6
      11
       8
       7
       7
       6
      12
      11
       5
       6
      10
       6
       5
       7
      12
       8
      12
       4
       3
       7
      11
      10
       8
       5
       8
       9
      12
       7
      12
       3
       7
       4
      12
       7
      10
       3
       9
       5
      15
      11
       6
       5
       8
       5
       8
       9
       9
      10
      10
       6
       9
      12
       5
       7
       7
       5
      11
      11
       7
       9
      10
       8
       8
       4
       8
       4
       7
       6
       5
       3
       3
       6
       9
       7
      10
       9
       8
       9
      17
       9
       6
       6
       7
      10
       9
      16
       9
       7
       8
       9
      16
      11
      11
       6
       8
      12
       8
       9
      12
       7
       9
       8
       3
       3
       6
      10
       5
       7
       6
       3
       5
       8
       9
      10
      12
      14
      11
       7
      11
       6
       9
       5
      10
      14
       6
      10
       8
      11
       7
      13
       6
      12
       8
       7
      11
       7
       5
       4
      10
      10
       8
       8
       4
       4
      10
       4
       2
      11
       9
       5
       9
       3
       8
       7
       4
       9
       6
       7
       2
       6
       8
       7
       9
       8
       8
       7
       8
       8
       6
       5
       4
       6
      10
       6
       5
       4
       6
       9
       4
       4
      11
       7
       6
       7
       8
       5
       9
       6
       9
       9
      10
       8
       6
       2
      10
       4
       8
       8
      10
       9
      15
       7
       3
       8
       9
       7
       8
       9
       7
       7
       5
       7
       5
       7
       5
       8
       5
       7
      10
      10
       3
       9
       6
       3
       4
       7
      11
       9
      10
       8
       9
       4
       7
      11
       4
       7
       7
       7
       8
      11
       7
      10
       7
      12
       4
       6
      10
       4
       7
      12
       8
       4
      10
       8
       2
       7
       9
       9
       5
       5
       4
       5
       7
       9
       8
       4
       7
      13
       6
       5
      14
       6
       7
      12
       6
      10
       5
      11
       9
       4
       6
       5
       4
       8
       1
       6
       8
       6
       8
       2
       9
       7
       7
      13
       5
       6
      13
      11
       5
       6
       4
       9
       9
       8
       7
       7
       5
       8
       6
       7
       5
      14
       6
      10
      10
       5
      10
       7
      10
       5
       8
      17
       6
       4
       4
       6
      10
       6
      13
      10
       7
       5
       6
       5
       6
       7
       8
      10
       7
       6
      10
       8
      10
       3
       3
       8
       5
       4
       7
       7
       8
       2
       8
       9
       8
       8
       7
      10
       8
       8
       3
      10
       3
       9
       3
       9
       5
       9
       6
       4
       6
       7
       5
       3
       9
       9
       5
       5
       5
       6
      11
       9
       4
       8
       5
       9
       6
       4
       8
       7
       6
      12
       6
      10
       6
       8
       5
       5
       4
       5
       4
       7
       6
      13
       2
       6
       6
       6
       4
       8
       6
       3
       4
       5
       6
       9
       6
       4
       5
       7
       9
       9
      10
       5
       6
       7
       9
       9
       9
       8
       9
       7
      10
       7
      11
      12
      12
      10
      10
      20
      13
      14
       7
       9
      18
      12
      18
      13
       4
       9
       8
       9
       9
       6
       4
       7
       8
       3
       4
       3
       3
      10
       9
       3
       4
      12
       8
       9
       6
       7
       8
      10
       5
       7
       7
       9
       8
       9
       6
       7
       9
       6
       5
       4
       6
       9
      11
       9
      10
       8
       8
       5
       7
       6
       8
       4
       3
       6
       7
       3
       6
      10
       6
       7
       7
       1
      12
       5
       6
       7
       7
       6
       9
       8
       6
       5
       7
       5
       6
       4
       4
      11
       2
       7
       4
       9
       7
       3
       7
      12
      11
       4
       7
       9
      10
       5
       5
       3
       7
       5
       6
       9
       9
       6
       8
       4
       8
       8
       6
       9
       7
       7
      13
       5
      12
      14
      20
      10
      15
      19
      26
      17
      28
      29
      29
      30
      31
      35
      25
      36
      24
      19
      19
      19
      24
      13
       9
      10
       9
       4
       4
       5
       2
       4
       7
       5
       5
       8
       3
       8
       7
       9
       5
       5
       8
       3
       8
       4
       7
      10
       6
       7
       7
       7
       7
       4
       9
       4
       5
       5
       3
       6
       8
       2
       5
       5
       5
       5
       3
       7
       7
       6
       3
       5
       2
       7
       4
       5
       7
      10
       5
       3
       5
       7
      11
      10
       3
       6
       4
       6
       6
       4
       7
       5
       7
       8
       2
       3
       5
       2
       5
      10
       6
       7
       7
       4
       5
       5
       8
       6
       4
       6
       4
       8
       5
       7
      10
      15
       6
       6
       5
       3
      11
       2
       6
       7
       4
       5
       5
       5
       8
       1
       7
       9
       9
       5
       6
       7
       6
       7
       5
       6
       3
      13
       7
       3
       5
      10
      11
       8
       9
       6
       6
       6
       7
       2
       4
       6
      10
       7
      12
       5
       5
       6
       3
       2
      10
       9
       6
       5
       5
       6
       6
       8
      10
       6
       7
       5
       3
       7
      12
       3
      10
       5
       6
       6
       8
       9
       5
       5
       5
       6
      12
       3
       4
       4
       4
       6
       9
       5
       4
       3
       3
       4
       7
      13
       5
       5
       8
      11
       5
       7
       1
       4
       3
       4
      10
       6
       3
       4
       7
       3
       3
       7
       6
       5
       7
       6
       3
       7
       5
       6
       8
       6
       4
      14
       6
       6
       8
       8
       2
       3
       5
       5
       5
       5
       7
       5
       6
       6
       3
       3
       6
       5
       5
       6
       8
       2
       8
       3
       4
       3
       3
       7
      10
       4
       5
       6
       5
       4
       1
       6
       5
      11
      13
       6
       6
      10
       5
       7
       9
       6
       5
       5
       5
       8
       7
       1
       3
       6
       7
       7
       7
       5
       3
      11
       8
       7
       7
       5
       4
       6
      10
       5
       5
       7
       6
       6
       8
      10
       7
      10
      14
      10
       5
      15
       8
       6
      13
       4
       5
       8
       7
       6
       9
       5
       3
      10
       8
       3
       9
       3
       5
       3
       4
       5
       7
       4
       7
      10
       4
       6
       5
       9
       4
       6
       4
      11
       6
       5
       4
       4
       4
       6
       2
       6
       9
       6
       3
       9
       8
       8
       6
      11
       6
       6
       2
       5
       5
       4
      11
       9
       3
       4
       4
       7
       6
       3
       6
       6
       4
       7
       6
       5
       8
       3
       9
       2
       8
       4
       3
       6
       9
       2
       8
       3
       7
       5
       5
       7
       3
       4
       7
       5
       3
       3
      12
       5
       5
       5
       4
       6
       4
       9
      11
       7
       4
       8
       3
       5
       7
       3
       4
       2
       7
       7
       3
       5
       5
       8
       7
       9
       4
       7
       6
       5
      12
       2
      10
       5
       4
       7
       6
       7
       9
       6
       6
       5
       3
       5
       2
       8
       7
       3
       7
       7
       5
      14
       8
       7
       6
       5
       5
       4
       4
       2
       8
      11
       7
       5
       3
       2
       5
       2
      13
       9
       5
       3
       5
       4
       4
       3
       4
       2
       7
       2
       5
       3
       6
      10
       2
       5
       6
       8
       3
       5
       5
       6
       1
       6
       7
       6
       5
       5
       8
       2
       8
       4
       6
       3
       1
       2
       9
       8
       8
       2
       5
       5
       7
       4
      10
       1
       3
       6
       6
       5
       2
       7
       7
       7
       6
       9
       4
       6
       8
       3
       9
       6
       3
       6
       4
       9
       4
       9
       8
       3
       5
       8
      13
       6
      10
       1
       4
       3
       4
       5
       3
       9
       3
       2
      13
       9
       4
       6
       7
       5
       4
       6
       3
       6
       4
       6
       4
       5
       8
       5
       6
       2
       7
       3
       8
       6
       6
       6
       2
       6
       7
       6
       6
       4
       5
       5
       3
       4
       6
       4
       4
       6
       2
       2
       2
       6
       7
       4
       5
       3
       6
       9
       7
       2
       8
       4
       4
       3
       4
       3
       7
       6
       5
       5
       6
       7
       6
       7
       3
       6
       8
       6
       9
       3
       4
       7
       6
       5
       4
       6
       9
       5
       8
       2
       9
       4
       3
       8
       5
       4
       3
      14
       2
       8
       6
       7
       4
       4
       3
       5
       8
       4
       3
       3
       9
       7
       7
       6
       5
       4
       5
       4
      11
       3
       7
       4
       7
       5
       6
       7
       5
       7
       8
       5
       4
       6
       8
       4
       5
       5
       6
       4
       5
       6
       5
       3
       5
       5
       4
       3
       5
       6
       7
       7
       6
       5
       5
       3
      12
       7
       2
       5
       5
       3
       5
       8
       4
       5
       8
       3
       3
       1
       6
       6
       5
       9
       3
      10
       7
       4
       2
       6
       4
       4
       1
       6
       5
       8
       4
       8
       8
       3
       5
       2
       3
       3
       4
       5
       3
       8
       4
       6
       5
       3
       6
       7
       9
       6
      12
       8
       8
       6
       3
       5
       4
       8
       7
       6
       5
       6
       5
       3
       9
       7
       6
       6
       4
       5
       5
       2
       4
       4
       6
       4
       4
       4
       2
       6
       5
       6
       4
       5
       4
       2
       6
       6
       8
       7
       3
       0
       4
       6
       3
      10
       5
       6
      14
       5
       2
       6
       3
       2
       3
       8
       8
       4
       6
       4
       2
       6
       4
       5
       6
       6
       8
       3
       7
       3
       7
       6
       1
       6
       6
       5
       4
       7
       6
       7
       6
       9
       4
       5
       5
       8
       6
       2
       4
       2
       5
       3
       1
       5
       9
       6
       4
       6
       1
      12
       2
       3
       4
       4
       4
       7
       6
       5
       3
       4
       6
       4
       4
       4
       5
       4
       3
       5
       0
       3
       3
       5
       2
       3
       3
       3
       3
       5
       4
       7
       7
       7
       4
       2
       3
       5
       3
       6
       6
       6
       4
       3
       6
      10
       5
       7
       4
       4
       6
       4
       7
       8
       4
       6
       4
       6
       7
       2
       2
       6
       2
       6
       4
       6
       3
       7
       5
       7
       6
       5
       6
       7
       1
       4
       5
       5
       3
       7
       1
       5
       1
       6
       8
       5
       5
       2
       8
      13
       8
       8
       1
       5
       5
       7
       1
       7
       6
       1
       7
       6
       5
       2
       3
       1
       8
       5
      11
       6
       6
       3
       4
       6
       4
       5
       5
       4
       6
       9
       4
       9
       7
       2
       5
       6
      10
       5
       8
       6
       7
      12
       3
       2
       3
       5
       3
       2
       8
       5
       4
       1
       9
       5
       6
       6
       3
       6
       4
       3
       3
       6
       5
       3
       2
       6
       7
       3
       9
       7
       4
       4
       4
       5
       1
       4
       3
       5
       7
       5
       7
       7
       4
       1
       2
       7
       6
       7
       9
       3
       8
      10
       9
       3
       4
       5
       4
       4
       6
       1
       7
       2
       7
       7
       9
       4
       3
       4
       7
       0
       6
       6
       3
       4
       3
       3
       2
       1
       8
       5
       5
       5
       5
       7
       4
       2
       6
       5
       4
       3
       5
       4
       5
       5
       2
       4
       6
       9
       2
       9
       9
       0
       2
       8
       2
       7
       4
       4
       4
       4
       2
       6
       6
       6
       1
       7
       5
       6
       3
       2
       1
       4
       6
       6
       4
       3
       4
       6
       2
       8
       3
       5
       3
       0
       8
       3
       2
       5
       5
       2
       3
       2
       5
       4
       3
       3
       2
       1
       4
       4
      10
       9
       4
       4
       5
       3
       1
       4
       3
       5
       5
       4
       4
       6
       2
       6
       3
       4
       1
       1
       5
       9
       4
       0
       1
       5
       5
       2
       6
       8
       6
       5
       5
       5
       4
       4
       5
       6
       5
       0
       3
       6
       5
       6
       1
       7
       5
       6
       4
       4
       1
       4
       2
       2
       3
       7
       5
       3
       8
       6
       6
       4
       1
       2
       2
       5
       7
       4
       2
       7
       8
       5
       5
       1
       8
       2
       8
       4
       4
       2
      10
       3
       6
       9
       9
       7
      16
       7
       5
      10
       6
      12
       9
       4
       7
      11
      11
       9
       2
       6
       7
       9
       2
       7
       8
       1
       3
       2
       7
       3
       5
       1
       4
       5
       2
       3
       7
       7
       5
       6
       2
       6
       2
      11
       5
       5
       6
       3
       3
       4
       4
       8
       4
       7
       5
       8
       2
       4
       6
       6
       7
      13
      10
       5
       5
       9
       5
       9
       4
       4
       7
       9
       3
       7
       7
       6
       9
       5
       3
       1
       6
       8
       6
       7
       5
       4
       4
       3
       6
       3
       4
       5
       2
       8
       4
       6
       1
       7
       6
       4
       3
       1
       3
       4
       5
       9
       6
       6
       9
       5
       4
       1
       5
       4
       4
       4
       6
       2
       4
       2
       3
       2
       0
       7
       6
       5
       2
       6
      11
       9
       2
       4
       4
       5
       1
       7
       4
       6
       4
       8
       3
       8
       5
       6
       4
       5
       4
       3
       6
       3
       5
       5
       7
       9
       2
       9
       6
       5
       4
       6
       3
       4
       3
       6
       4
       2
       9
       8
       4
       3
       6
       5
       3
       5
       4
       3
       8
       4
       4
       3
       7
       3
       2
       8
      12
       0
       4
       5
       3
       4
       4
       4
       4
       5
       4
       5
       0
       6
       1
       3
       5
       5
       3
       5
       6
       5
       4
       5
       2
       5
       6
       1
       6
       2
       3
       3
       3
       1
       0
       6
       6
       7
       3
       3
       7
       4
       3
       6
       5
       8
       5
       5
       8
       8
       5
       5
       3
       6
       6
       1
       3
       3
       4
       9
      10
       1
       6
       4
       4
       4
       6
       5
       5
       5
       2
       6
       3
       3
       1
       2
       6
       5
       5
       5
       7
       3
       4
       2
       3
       5
       5
       3
       4
       5
       5
       5
       6
       3
       3
       6
       2
       7
       4
       6
       3
       5
       4
       7
       5
       1
       3
       2
       2
      11
       5
       5
       6
       6
       5
       7
       1
       3
       5
       2
       5
       3
       1
       0
       2
       2
       5
       5
       1
       4
       1
       6
       5
       3
       8
       6
       0
       5
       2
       2
       5
       4
       5
       4
       4
       4
       6
       8
       4
       6
       3
       2
       7
       6
       2
       6
       3
       8
       5
      10
       3
       4
       7
       4
       2
       4
       4
       1
       5
       2
       3
       2
       2
       3
       5
       4
       5
       5
       6
       7
      10
       9
      14
       5
      11
      17
      14
      12
       8
      16
      13
      15
      13
       9
      10
       4
       6
       4
       5
      10
       5
       7
       6
       5
       6
       7
       5
       3
       3
       4
       5
       7
       6
       9
       6
       2
       6
       7
       3
       9
       2
       5
       7
       6
       2
       3
       3
       3
       5
       4
       4
       2
       6
       5
       5
       7
       4
       6
       2
      11
       3
       8
       3
       7
       7
       2
       5
       4
       4
       4
       2
       5
       6
       7
       9
       2
       7
       5
       4
       6
       3
       3
       3
       1
       4
       8
       0
       7
       4
       5
       4
       4
       4
       3
       1
       8
      10
       4
       4
       5
       3
       3
       7
       4
       2
       3
       7
       4
       1
       3
       2
       4
       3
       2
       3
       7
       4
       9
       6
       6
       5
       3
       7
       4
       3
       6
       3
       0
       2
       4
       3
       3
       5
       1
       5
       4
       4
       3
       6
       6
       2
       6
       5
       8
       4
       7
       7
       3
       5
       2
       7
       5
       3
       1
       4
       1
       3
       3
       6
       1
       3
       4
       2
       3
       5
       2
       2
       1
       4
       2
       2
       5
       0
       2
       7
       6
       2
       3
       5
       2
       4
       5
       3
       6
       4
       2
       7
       1
       4
       3
       5
       5
       4
       3
       4
       8
       6
       4
       3
       4
       3
       7
       5
       3
       4
       5
       0
       0
       0
       0
       0
       0
       0
       0
       0
       0
       0
       0
       0
       0
       0
       0
       0
       0
       0
       0
       0
       0
       0
       0
       0
       0
       0
       0
       0
       0
       0
       0
       0
       0
       0
       0
       0
       0
       0
       0
       0
       0
       0
       0
       0
       0
       0
       0
       0
       0
       0
       0
       0
       0
       0
       0
       0
       0
       0
       0
       0
       0
       0
       0
       0
       0
       0
       0
       0
       0
       0
       0
       0
       0
       0
       0
       0
       0
       0
       0
       0
       0
       0
       0
       0
       0
       0
       0
       0
       0
       0
       0
       0
       0
       0
       0
       0
       0
       0
       0
       0
       0
       0
       0
       0
       0
       0
       0
       0
       0
       0
       0
       0
       0
       0
       0
       0
       0
       0
       0
       0
       0
       0
       0
       0
       0
       0
       0
$ROI:
0
$PRESETS:
None
0
0
$ENER_FIT:
-2.173939 0.279251
$MCA_CAL:
3
-2.173939E+000 2.792507E-001 0.000000E+000 keV
$SHAPE_CAL:
3
1.571259E+001 -1.155430E-003 0.000000E+000
