$SPEC_ID:
226Ra
$SPEC_REM:
DET# 1
DETDESC# MCB 132 Input 1
AP# Maestro Version 6.06
$DATE_MEA:
11/02/2021 10:35:19
$MEAS_TIM:
5579 5582
$DATA:
0 8191
       0
       0
       0
       0
       0
       0
       0
       0
       0
       0
       0
       0
       0
       0
       0
       0
       0
       0
       0
       0
       0
       0
       0
       0
       0
       1
     325
     703
     147
     112
     101
      96
      91
      99
     102
     113
     111
     125
     120
     117
     107
     108
     116
     109
     112
     107
     123
     108
      99
     102
      92
     107
      92
     114
      77
     107
      96
      91
     101
      85
      85
     104
      91
      87
      96
     102
      84
      86
      85
     107
      98
      83
      84
      73
      84
      75
      92
      77
      75
      95
      95
      83
      80
      75
      72
      79
      84
      78
      73
      88
      88
      88
      92
      85
      68
      90
      97
      69
      73
      79
      69
      87
      78
      81
      75
      63
      86
      68
      71
      75
      80
      75
      70
      76
      71
      67
      81
      71
      73
      70
      79
      60
      75
      89
      72
      76
      71
      64
      64
      61
      75
      73
      68
      82
      63
      91
      77
      96
      73
      83
      60
      66
      61
      85
      60
      74
      69
      56
      67
      59
      76
      64
      74
      64
      87
      70
      65
      61
      61
      75
      76
      87
      65
      65
      48
      74
      55
      62
      69
      69
      61
      66
      72
      76
      79
      67
      62
      63
      61
      73
      83
      73
      58
      57
      55
      72
      53
      68
      50
      64
      68
      58
      62
      78
      69
      66
      74
      66
      60
      59
      65
      66
      56
      63
      67
      70
      52
      71
      73
      74
      61
      57
      68
      58
      57
      53
      62
      66
      65
      73
      76
      65
      60
      74
      71
      71
      52
      69
      61
      86
      63
      76
      86
      75
      74
      60
      58
      58
      58
      68
      61
      59
      62
      60
      64
      62
      63
      64
      57
      47
      67
      67
      57
      79
      61
      69
      73
      53
      71
      62
      72
      58
      68
      75
      69
      66
      85
      98
      83
      93
      72
      72
      76
      96
      89
     100
      94
      85
      73
      74
      59
      66
      84
      68
      60
      60
      63
      86
      82
      60
      72
      73
      67
      72
      81
      81
      78
      56
      62
      74
      72
      77
      71
      74
      76
      74
      83
      72
      92
     100
      99
      98
      80
      69
      72
      76
      74
      61
      87
      70
      88
      65
      80
      77
      75
      74
      74
      74
      80
      54
      79
      76
      77
      67
      81
     100
      91
      79
      94
     110
     104
      87
     103
      76
      75
      76
      85
      96
      93
      76
      82
      67
      73
      93
      75
      95
      87
      82
      70
      89
      64
      80
      74
      64
      85
      74
      78
      81
      66
      87
      81
      83
      65
      83
      78
      64
      73
      81
      59
      82
      76
      75
      75
      67
      77
      77
      57
      72
      83
      84
      91
      85
      71
      82
      81
      79
      86
      90
      79
      79
      96
      75
      68
      79
      97
      61
      71
      96
      73
      73
      88
      65
      87
      77
      78
      83
      82
      87
      85
      82
      91
      85
      78
      76
      85
      69
      87
     107
      90
      82
      96
      96
      97
      93
     101
      91
      80
      87
      95
      89
      87
     103
      85
     100
     102
      86
      90
     100
      86
      91
      81
     101
      80
      82
     105
      84
      77
      95
      88
      92
      96
      94
      81
     103
      99
      76
      89
     118
     100
      95
      88
      85
      95
      90
      84
      87
      88
     101
      85
      98
      77
      95
     114
     111
      84
     114
      97
      83
      97
      80
      95
     106
      92
      87
      90
     103
      89
     104
     113
     101
      89
      79
     110
      82
      88
      90
      93
      89
      98
      89
     112
      98
      90
     105
      94
      98
      93
      88
      80
     102
      98
      95
      93
     104
     109
      86
      81
      91
     107
      93
      91
      98
     102
      96
      93
     104
      99
      91
      92
      85
     104
      88
     114
      86
      98
      92
      89
      74
      71
      86
      77
      71
      98
      83
      87
      94
      73
      84
      84
      75
      89
      98
      80
      85
      91
      98
     110
      79
      77
      86
     102
      74
      73
      96
      98
      74
      72
      95
      66
      87
      98
      78
      84
      83
      90
      82
      86
      94
      83
     100
      82
      66
      80
      86
      91
     107
      94
      73
      95
      85
      65
      67
      73
      69
      88
      92
      90
      87
     101
      83
      82
      88
      75
      86
      96
      73
      68
      77
      98
      77
      81
      65
      78
      88
     100
      75
      93
      80
      97
      91
     102
      92
      78
      87
      92
      79
      79
      75
      91
      89
      99
      78
      85
      96
      96
      78
      69
      93
      68
     102
      88
      86
      96
      92
      94
      79
      90
      87
      88
      80
      89
      96
     100
     100
      94
      97
      83
     103
     134
     103
     116
     113
     118
     116
     128
     123
     121
      90
     116
     126
     110
     114
     117
     112
     131
     126
     124
     123
     124
      98
     112
     116
     116
     121
      98
     109
     109
     125
     126
     114
     119
     122
     144
     111
     105
     119
     129
     121
     127
     108
     126
     122
     102
     131
     129
     108
      97
     130
     114
      96
     106
     112
     122
     101
     114
     104
     116
     128
     129
     114
     125
     102
     116
     135
      94
     102
     138
     129
     110
     112
     112
     120
     101
     109
     105
     110
     114
      90
     113
     124
     104
     129
     107
     101
     113
     110
     122
     100
     111
     115
     116
     122
     101
      89
     114
     127
     136
     110
     111
     104
     114
     110
     110
      86
     114
     110
     104
     110
     138
     119
     117
     106
      90
     117
     114
     112
     114
     113
     134
     118
      98
     109
      95
     117
     120
     126
     120
      95
     113
     113
     100
      97
     104
     126
     114
     128
     121
     112
     111
     124
     103
     129
      95
     105
      90
     119
     113
      90
     109
      94
     119
     103
     119
     110
     107
     103
      86
     105
     104
      97
     103
      97
     118
     112
     125
      96
      99
     105
     119
     113
     119
     101
     102
     106
     101
      82
     106
     101
     105
      97
     110
      97
     111
     101
     101
     104
      94
     100
     101
     103
      95
     102
     111
      94
     102
     115
      70
      93
      92
      95
     109
      90
      97
      95
      96
     101
     102
      93
      69
      91
      93
      97
      83
     100
      96
     100
      99
     101
      92
      87
      92
      94
      89
     103
      83
      77
      93
     102
      77
      86
      73
      82
     104
      92
      96
      87
      73
      87
     101
      92
      81
      69
      95
      96
     104
      82
      62
      87
      93
      93
      74
      69
      83
      82
      85
      87
      90
      83
      88
      78
      69
      74
      74
      67
      78
      80
      85
      83
      79
      86
      67
      93
      97
      80
      80
      83
      93
      73
      72
      76
      70
      80
      83
      94
      85
      61
      72
      56
      81
      79
      72
      75
      71
      68
      79
      99
      56
      76
      63
      73
      85
      70
      65
      61
      74
      70
      70
      70
      57
      61
      60
      70
      78
      63
      66
      71
      56
      70
      70
      52
      65
      70
      73
      56
      70
      64
      66
      69
      64
      65
      75
      58
      77
      65
      60
      78
      64
      63
      59
      71
      54
      53
      52
      60
      63
      61
      64
      62
      66
      64
      56
      64
      59
      65
      50
      58
      65
      64
      55
      43
      61
      58
      45
      65
      62
      51
      67
      47
      68
      57
      57
      60
      45
      64
      58
      59
      61
      53
      55
      60
      60
      69
      54
      55
      49
      56
      59
      52
      39
      46
      58
      52
      46
      62
      61
      44
      52
      51
      53
      65
      53
      60
      59
      65
      51
      57
      52
      54
      55
      49
      45
      46
      55
      47
      43
      46
      49
      53
      64
      44
      54
      50
      54
      46
      54
      49
      33
      48
      49
      50
      45
      42
      54
      52
      59
      48
      47
      40
      48
      51
      33
      52
      46
      54
      49
      55
      47
      38
      48
      51
      48
      53
      44
      55
      53
      44
      58
      46
      50
      44
      48
      59
      43
      42
      53
      43
      43
      47
      43
      49
      38
      47
      30
      46
      48
      36
      44
      44
      51
      32
      47
      37
      35
      49
      43
      51
      41
      48
      41
      36
      44
      46
      57
      45
      47
      51
      47
      48
      41
      55
      33
      44
      52
      52
      40
      32
      45
      48
      43
      48
      49
      57
      52
      50
      40
      49
      45
      42
      42
      43
      50
      48
      49
      58
      32
      47
      40
      44
      39
      47
      38
      44
      44
      47
      46
      34
      51
      51
      43
      47
      41
      43
      43
      45
      51
      53
      44
      48
      41
      36
      40
      40
      40
      40
      46
      56
      34
      47
      50
      53
      41
      42
      39
      48
      40
      56
      50
      45
      38
      40
      50
      47
      42
      48
      41
      39
      49
      33
      56
      45
      45
      43
      58
      48
      46
      52
      45
      42
      38
      54
      48
      37
      38
      43
      37
      43
      46
      61
      52
      35
      51
      47
      31
      40
      39
      46
      40
      39
      43
      29
      38
      52
      48
      37
      53
      37
      42
      47
      39
      53
      31
      43
      49
      58
      46
      43
      34
      42
      49
      37
      32
      50
      44
      43
      48
      37
      48
      48
      46
      44
      42
      49
      53
      41
      41
      44
      35
      56
      48
      45
      48
      40
      58
      52
      50
      57
      43
      51
      31
      47
      47
      50
      42
      45
      51
      48
      58
      39
      37
      31
      44
      42
      49
      36
      52
      48
      38
      35
      43
      42
      44
      43
      48
      44
      50
      36
      57
      39
      60
      48
      44
      43
      43
      36
      47
      56
      44
      35
      45
      43
      41
      46
      46
      46
      67
      45
      59
      33
      46
      43
      41
      50
      46
      39
      42
      50
      53
      43
      50
      39
      58
      50
      43
      49
      55
      43
      38
      53
      39
      45
      48
      48
      45
      43
      28
      40
      42
      44
      59
      44
      55
      38
      38
      50
      40
      44
      42
      37
      39
      54
      55
      41
      54
      36
      40
      42
      49
      43
      42
      32
      40
      42
      50
      37
      50
      49
      54
      49
      58
      47
      47
      42
      47
      48
      44
      61
      38
      40
      72
      53
      40
      47
      44
      52
      57
      59
      37
      49
      50
      43
      46
      43
      58
      33
      40
      49
      46
      38
      47
      54
      70
      57
      37
      54
      55
      50
      53
      57
      56
      46
      50
      51
      60
      40
      47
      52
      36
      50
      51
      72
      29
      56
      47
      52
      47
      58
      55
      35
      52
      54
      46
      44
      45
      48
      60
      42
      53
      47
      51
      50
      49
      55
      44
      64
      43
      46
      47
      47
      52
      56
      51
      60
      59
      74
      63
      64
      56
      52
      47
      58
      31
      52
      38
      65
      45
      52
      48
      52
      55
      68
      64
      70
      71
      53
      54
      58
      54
      65
      35
      46
      56
      69
      53
      65
      62
      43
      56
      47
      68
      57
      52
      63
      71
      56
      61
      53
      73
      60
      56
      52
      51
      56
      54
      52
      65
      59
      55
      57
      42
      50
      60
      55
      59
      45
      62
      73
      69
      63
      60
      44
      64
      65
      59
      60
      69
      60
      65
      57
      57
      53
      65
      66
      58
      59
      69
      61
      56
      61
      49
      59
      57
      68
      79
      66
      59
      71
      75
      69
      54
      71
      65
      60
      69
      58
      57
      68
      66
      78
      61
      66
      71
      67
      66
      68
      67
      69
      69
      72
      83
      61
      76
      70
      62
      60
      68
      58
      67
      68
      72
      61
      68
      49
      70
      67
      68
      73
      60
      63
      76
      67
      63
      64
      81
      76
      72
      71
      77
      62
      76
      61
      65
      44
      67
      77
      76
      77
      75
      72
      79
      83
      74
      63
      49
      58
      79
      77
      80
      70
      77
      73
      72
      75
      70
      64
      76
      81
      64
      68
      72
      67
      64
      66
      70
      84
      62
      66
      62
      62
      55
      72
      73
      54
      65
      46
      66
      61
      46
      44
      52
      50
      48
      47
      42
      56
      53
      44
      42
      51
      46
      40
      44
      60
      54
      51
      41
      44
      50
      45
      48
      44
      53
      34
      36
      38
      39
      29
      42
      32
      37
      25
      39
      37
      26
      38
      40
      38
      52
      29
      32
      34
      28
      31
      31
      32
      23
      28
      37
      29
      37
      35
      37
      31
      49
      33
      39
      35
      44
      44
      38
      31
      28
      44
      31
      27
      32
      19
      39
      28
      36
      33
      27
      34
      33
      34
      40
      32
      32
      33
      33
      21
      30
      37
      33
      35
      28
      25
      28
      23
      26
      30
      20
      25
      29
      33
      28
      32
      27
      22
      27
      38
      33
      21
      38
      28
      28
      18
      31
      30
      24
      30
      27
      27
      32
      37
      32
      39
      29
      31
      38
      47
      28
      32
      35
      26
      31
      26
      40
      27
      18
      28
      30
      23
      27
      29
      32
      32
      34
      20
      24
      14
      26
      27
      27
      17
      43
      28
      31
      16
      24
      22
      28
      23
      25
      21
      27
      19
      17
      23
      25
      20
      25
      17
      17
      19
      22
      24
      21
      18
      25
      13
      18
      18
      25
      10
      20
      12
      20
      18
      17
      17
      20
      19
      17
      26
      19
      21
      18
      17
      18
      24
      20
      15
      26
      14
      14
      18
      19
      18
      13
      19
      17
      10
      13
      16
      16
      17
      14
      19
      16
      15
      17
      17
      20
       9
      22
      20
      26
      11
      20
      22
      17
      13
      16
      15
      19
      12
      16
      17
      15
      16
      16
      19
      11
      11
      12
      14
       9
      15
      11
      13
      12
      10
      18
      11
      13
      12
      17
      12
       8
       8
       6
      18
      16
      11
       9
      10
      15
      13
      10
      15
       7
      15
      13
       7
      17
      14
      13
      12
      11
      11
       7
      15
       7
      10
       9
      12
      10
      12
      12
       9
      14
      11
      18
      11
      11
      14
      12
      12
      13
      10
       9
       8
      11
      11
      10
      12
       8
       4
      11
       9
       7
       9
       8
       7
      11
      10
      13
       6
       5
       6
       9
       4
      15
       7
      10
      10
      10
       4
       9
      10
       7
       6
       6
       7
      16
      11
       9
       9
       6
      14
       6
       8
      13
      13
       8
       3
       4
       9
       9
      11
      10
      10
       5
       6
       9
       8
       9
       9
      10
       7
      15
       6
      16
      10
      10
       4
       8
      10
      11
      10
       6
       8
       6
       7
       9
       6
       4
       6
       7
      15
       7
       9
       6
       7
      10
      14
      11
      16
       6
       7
      13
       2
       7
      10
      10
       2
       2
       8
       5
       4
      10
       5
       9
       5
       5
       9
       9
      12
      11
       9
      10
      11
       7
      10
       8
      13
      10
       9
       5
       5
       6
      17
       9
       6
       7
       3
       8
       9
       6
       9
       4
       4
       6
       8
      12
      10
       3
       5
       9
       7
      10
       7
       7
       6
       8
       7
       6
       8
       6
       9
       5
       6
       7
       7
       5
      10
      10
      12
       9
       6
       6
       6
       3
      12
       3
       3
       8
      11
       8
       3
       7
       7
       8
       7
      12
       5
      10
       5
       6
       6
       6
       8
       8
       8
      10
       3
       7
       5
       6
       6
       8
      10
       9
       7
       9
      14
      12
      11
      12
      10
       9
       4
      11
       5
       9
       2
       8
       7
       7
       7
       4
       7
       8
       7
       8
       6
       6
       4
       3
       3
       9
       3
       6
       7
       7
       4
       5
       6
      10
       6
       5
       0
       3
       8
       6
       5
       5
       4
       5
       7
       6
       3
       6
       4
       8
       6
       6
      10
      10
       5
       9
       7
       7
       9
      12
       8
       6
       5
       5
       6
       4
       6
       4
       9
       5
      10
      10
       8
       6
       2
       9
       7
       8
       9
       4
       5
       3
       7
       7
      11
       6
       4
       7
       8
       9
       6
       9
       6
       8
       1
       9
       5
       8
       7
       5
       2
       4
       6
       9
      11
       7
       6
       9
       6
       4
       7
       4
       1
       4
       1
       6
      10
       5
       8
       5
       6
       7
       2
      10
       8
       4
       4
       3
       7
       3
       0
       6
       4
       5
       8
       4
       8
       5
       9
       8
      10
       5
      11
       8
      10
       4
      11
       4
       5
      11
       5
       8
       7
       6
       8
       7
       3
       7
      11
      10
      14
      45
      81
     134
     314
     718
    1299
    2191
    3420
    4597
    4925
    4769
    4025
    2732
    1636
     837
     376
     134
      44
      14
       2
       2
       0
       0
       0
       0
       1
       0
       1
       2
       0
       2
       2
       3
       2
       1
       1
       2
       0
       1
       1
       0
       1
       1
       0
       0
       1
       0
       0
       0
       1
       3
       3
       1
       0
       0
       2
       0
       0
       0
       3
       0
       1
       1
       0
       1
       2
       0
       0
       0
       1
       2
       0
       1
       0
       0
       1
       0
       2
       1
       1
       1
       2
       0
       0
       1
       1
       0
       2
       0
       1
       2
       1
       4
       0
       0
       1
       0
       2
       1
       0
       1
       1
       0
       0
       0
       1
       1
       0
       1
       2
       1
       1
       3
       1
       0
       0
       0
       1
       0
       3
       0
       1
       0
       0
       0
       0
       2
       1
       1
       1
       0
       0
       3
       0
       1
       0
       1
       1
       1
       0
       2
       1
       2
       1
       1
       2
       3
       0
       3
       1
       1
       1
       0
       1
       0
       0
       1
       0
       1
       1
       0
       0
       2
       2
       3
       0
       0
       1
       0
       1
       0
       0
       0
       0
       1
       0
       0
       0
       1
       0
       2
       0
       2
       1
       1
       0
       0
       0
       0
       1
       1
       2
       2
       1
       0
       0
       1
       4
       1
       2
       0
       1
       1
       0
       0
       0
       0
       0
       1
       1
       4
       0
       1
       0
       0
       0
       0
       0
       0
       1
       0
       1
       0
       0
       2
       6
       6
       6
       7
       4
       5
       6
       4
       0
       0
       0
       0
       1
       1
       0
       0
       0
       0
       0
       0
       1
       1
       2
       2
       3
       0
       0
       1
       1
       0
       2
       0
       2
       0
       1
       1
       1
       2
       0
       0
       0
       0
       2
       1
       0
       0
       0
       4
       0
       0
       0
       0
       0
       1
       1
       1
       1
       1
       0
       1
       1
       2
       0
       1
       0
       3
       2
       1
       0
       1
       2
       0
       0
       0
       0
       2
       1
       0
       0
       4
       0
       0
       2
       1
       0
       1
       1
       0
       0
       0
       1
       0
       1
       2
       0
       0
       1
       1
       0
       0
       1
       1
       0
       0
       1
       2
       0
       1
       1
       0
       1
       0
       0
       0
       1
       2
       0
       0
       0
       0
       0
       0
       0
       0
       0
       0
       0
       1
       0
       0
       2
       0
       1
       1
       0
       0
       1
       0
       0
       0
       0
       0
       0
       2
       1
       1
       1
       0
       1
       2
       1
       2
       0
       1
       2
       0
       1
       4
       2
       0
       0
       1
       0
       0
       1
       0
       0
       2
       1
       1
       1
       0
       0
       1
       0
       0
       2
       0
       1
       0
       0
       0
       3
       0
       0
       2
       0
       0
       2
       0
       0
       0
       2
       1
       0
       1
       0
       0
       0
       1
       0
       0
       2
       2
       1
       0
       1
       0
       1
       1
       0
       2
       0
       0
       1
       0
       0
       0
       1
       0
       1
       1
       0
       0
       0
       0
       1
       1
       0
       1
       2
       0
       0
       0
       0
       1
       1
       0
       0
       1
       1
       1
       0
       1
       0
       1
       0
       1
       0
       1
       0
       0
       0
       0
       0
       0
       0
       0
       0
       0
       0
       0
       0
       0
       1
       1
       2
       1
       1
       0
       1
       0
       0
       1
       0
       1
       0
       0
       0
       0
       0
       2
       0
       4
       1
       0
       0
       0
       2
       1
       1
       1
       1
       1
       1
       1
       0
       0
       0
       2
       1
       1
       0
       1
       0
       1
       1
       0
       1
       1
       0
       0
       0
       1
       2
       0
       2
       0
       0
       0
       1
       0
       0
       2
       2
       0
       0
       1
       0
       0
       0
       0
       1
       0
       0
       1
       2
       0
       4
       0
       0
       1
       1
       1
       0
       2
       0
       0
       1
       0
       2
       0
       1
       1
       1
       0
       1
       0
       0
       2
       2
       1
       1
       0
       0
       0
       1
       1
       1
       0
       0
       1
       0
       0
       1
       0
       0
       1
       1
       0
       1
       0
       1
       0
       0
       1
       0
       1
       1
       1
       2
       0
       0
       0
       0
       1
       1
       1
       2
       0
       0
       0
       2
       3
       1
       0
       1
       0
       0
       1
       1
       0
       1
       0
       2
       1
       1
       1
       0
       0
       1
       1
       0
       1
       1
       1
       0
       2
       0
       0
       1
       0
       1
       0
       2
       1
       0
       0
       1
       0
       0
       1
       0
       0
       0
       0
       0
       0
       1
       3
       0
       0
       0
       2
       1
       1
       1
       1
       1
       2
       0
       1
       1
       1
       1
       0
       2
       2
       1
       1
       0
       0
       0
       0
       1
       0
       0
       1
       1
       0
       0
       0
       3
       0
       0
       2
       4
       0
       0
       0
       0
       0
       1
       0
       0
       0
       2
       1
       1
       0
       0
       1
       1
       0
       1
       0
       1
       1
       1
       1
       0
       1
       0
       0
       1
       0
       0
       0
       0
       0
       0
       0
       2
       0
       0
       1
       0
       0
       1
       0
       0
       0
       0
       1
       2
       0
       2
       0
       0
       0
       1
       1
       0
       0
       2
       1
       0
       0
       0
       0
       0
       0
       0
       1
       3
       1
       1
       2
       0
       1
       2
       0
       0
       0
       0
       0
       0
       0
       1
       0
       0
       0
       0
       0
       0
       1
       1
       0
       0
       2
       0
       0
       0
       0
       0
       0
       0
       0
       1
       1
       0
       0
       0
       0
       0
       0
       0
       0
       0
       0
       0
       0
       0
       0
       1
       0
       1
       0
       0
       0
       0
       0
       0
       1
       0
       0
       1
       2
       0
       1
       0
       0
       1
       2
       0
       2
       0
       1
       1
       0
       1
       1
       3
       0
       1
       0
       1
       0
       0
       0
       1
       1
       2
       2
       0
       1
       0
       1
       1
       0
       0
       0
       0
       0
       0
       1
       0
       2
       0
       1
       0
       0
       1
       0
       0
       0
       0
       0
       0
       1
       2
       1
       0
       0
       0
       0
       2
       4
       1
       1
       0
       3
       0
       0
       1
       1
       1
       0
       1
       0
       0
       0
       1
       1
       0
       1
       1
       1
       0
       1
       0
       0
       0
       1
       1
       0
       0
       0
       1
       0
       0
       1
       0
       1
       1
       1
       1
       0
       0
       0
       1
       3
       1
       0
       0
       1
       0
       0
       0
       0
       1
       3
       1
       0
       0
       1
       0
       1
       0
       0
       2
       1
       2
       1
       1
       0
       0
       0
       0
       1
       1
       0
       0
       1
       1
       2
       1
       0
       0
       0
       0
       2
       1
       0
       1
       0
       2
       0
       1
       1
       1
       1
       0
       1
       1
       1
       0
       0
       0
       0
       1
       0
       1
       1
       1
       0
       0
       0
       0
       0
       0
       0
       0
       1
       0
       0
       1
       0
       0
       1
       1
       0
       0
       1
       1
       3
       2
       0
       1
       0
       0
       0
       1
       2
       0
       1
       0
       3
       0
       0
       0
       1
       0
       0
       0
       1
       1
       0
       2
       0
       0
       1
       0
       0
       1
       0
       1
       1
       1
       1
       3
       0
       0
       0
       1
       1
       0
       1
       1
       2
       0
       0
       1
       1
       2
       1
       0
       0
       0
       1
       0
       0
       0
       0
       0
       1
       1
       1
       2
       1
       0
       0
       0
       0
       0
       2
       0
       0
       1
       1
       0
       0
       0
       2
       0
       1
       0
       2
       0
       0
       2
       0
       0
       1
       0
       0
       1
       1
       2
       2
       0
       1
       0
       0
       0
       0
       0
       0
       0
       0
       0
       0
       1
       1
       0
       1
       0
       0
       0
       1
       0
       0
       0
       2
       2
       0
       0
       0
       0
       1
       2
       0
       0
       0
       2
       0
       0
       0
       0
       0
       0
       0
       0
       0
       0
       0
       0
       0
       1
       0
       2
       1
       0
       0
       0
       0
       0
       0
       0
       0
       0
       0
       0
       2
       0
       0
       0
       2
       0
       0
       1
       0
       2
       1
       2
       0
       0
       0
       0
       2
       2
       1
       1
       0
       0
       0
       0
       1
       0
       0
       0
       0
       1
       0
       0
       1
       1
       2
       2
       1
       2
       0
       0
       0
       1
       0
       0
       1
       1
       1
       0
       0
       0
       0
       1
       1
       0
       0
       1
       0
       0
       1
       2
       1
       0
       0
       1
       0
       0
       1
       0
       0
       0
       1
       0
       0
       0
       0
       1
       1
       0
       0
       0
       1
       1
       0
       0
       0
       0
       1
       1
       0
       1
       1
       1
       0
       0
       0
       1
       0
       0
       1
       2
       0
       2
       0
       2
       0
       0
       1
       1
       2
       0
       0
       0
       1
       0
       0
       0
       0
       1
       1
       3
       0
       2
       0
       0
       1
       1
       0
       0
       0
       0
       0
       0
       0
       0
       0
       1
       1
       0
       0
       0
       0
       0
       0
       1
       0
       0
       2
       0
       0
       3
       0
       1
       0
       0
       1
       0
       1
       0
       0
       2
       0
       0
       0
       0
       0
       2
       2
       0
       0
       1
       0
       0
       0
       0
       1
       0
       0
       0
       0
       0
       0
       0
       0
       0
       0
       0
       1
       1
       0
       0
       0
       0
       1
       0
       0
       0
       1
       1
       0
       1
       1
       0
       0
       0
       2
       0
       0
       0
       0
       0
       0
       1
       0
       1
       0
       1
       0
       0
       0
       0
       2
       0
       0
       0
       1
       0
       1
       1
       1
       0
       0
       1
       1
       0
       1
       0
       0
       0
       0
       1
       0
       0
       3
       0
       0
       1
       1
       0
       0
       0
       2
       0
       1
       0
       1
       1
       0
       3
       1
       1
       2
       0
       2
       1
       0
       0
       1
       0
       1
       0
       1
       0
       0
       0
       0
       1
       0
       0
       0
       0
       2
       0
       0
       0
       0
       0
       0
       1
       0
       1
       1
       1
       1
       0
       1
       0
       0
       1
       0
       0
       0
       0
       2
       1
       0
       1
       0
       0
       1
       1
       0
       0
       0
       1
       0
       0
       1
       0
       1
       1
       1
       0
       1
       0
       0
       0
       0
       0
       0
       0
       2
       1
       1
       0
       1
       0
       0
       0
       0
       0
       1
       0
       3
       0
       1
       1
       0
       0
       1
       0
       1
       0
       0
       2
       0
       0
       1
       0
       0
       1
       0
       1
       0
       0
       0
       0
       0
       1
       1
       0
       0
       1
       0
       0
       0
       0
       0
       0
       0
       0
       2
       0
       1
       1
       0
       1
       0
       0
       0
       1
       1
       0
       0
       0
       0
       0
       1
       1
       0
       0
       0
       1
       0
       0
       1
       0
       0
       0
       0
       1
       0
       0
       1
       1
       0
       0
       1
       1
       0
       1
       0
       0
       0
       0
       3
       0
       0
       0
       0
       0
       0
       0
       0
       0
       0
       0
       0
       0
       0
       1
       0
       0
       1
       0
       0
       0
       0
       0
       1
       0
       1
       0
       0
       0
       0
       1
       0
       1
       0
       2
       0
       0
       1
       1
       0
       0
       1
       0
       1
       1
       0
       0
       0
       0
       0
       0
       0
       1
       0
       0
       0
       0
       0
       0
       0
       0
       0
       2
       0
       1
       0
       1
       0
       0
       0
       0
       0
       1
       0
       0
       0
       2
       1
       0
       0
       0
       0
       0
       1
       0
       0
       0
       0
       1
       0
       1
       0
       0
       2
       0
       0
       0
       0
       1
       0
       0
       0
       0
       0
       0
       1
       0
       0
       0
       0
       0
       0
       0
       1
       3
       0
       0
       0
       1
       0
       0
       0
       0
       0
       0
       0
       0
       0
       2
       1
       0
       0
       0
       2
       2
       0
       1
       2
       1
       0
       0
       0
       1
       1
       0
       1
       0
       0
       0
       0
       1
       0
       1
       1
       2
       0
       0
       0
       0
       0
       1
       0
       0
       1
       0
       0
       0
       0
       1
       0
       1
       0
       1
       0
       0
       0
       0
       0
       0
       0
       1
       0
       0
       0
       0
       0
       0
       0
       0
       0
       1
       0
       0
       1
       0
       0
       0
       1
       0
       0
       1
       0
       0
       0
       0
       0
       0
       0
       1
       0
       0
       0
       0
       0
       0
       0
       0
       1
       0
       0
       0
       0
       0
       1
       1
       1
       0
       0
       1
       0
       0
       0
       0
       0
       0
       0
       1
       1
       0
       1
       1
       0
       0
       0
       0
       0
       0
       0
       0
       0
       0
       0
       0
       0
       0
       0
       0
       0
       0
       0
       0
       0
       0
       1
       1
       0
       0
       1
       0
       1
       0
       1
       1
       2
       1
       0
       0
       1
       0
       0
       0
       0
       0
       0
       0
       0
       0
       1
       2
       0
       0
       0
       0
       1
       0
       0
       0
       0
       0
       0
       0
       0
       0
       0
       0
       0
       0
       0
       0
       1
       1
       0
       0
       0
       0
       0
       0
       0
       0
       1
       0
       0
       0
       0
       0
       0
       1
       0
       0
       0
       0
       0
       1
       0
       0
       0
       1
       1
       0
       1
       0
       1
       0
       0
       0
       0
       1
       0
       1
       0
       0
       0
       1
       3
       3
       0
       0
       1
       0
       0
       0
       1
       1
       0
       0
       1
       1
       0
       0
       1
       2
       0
       0
       0
       0
       0
       1
       0
       0
       0
       0
       0
       1
       0
       2
       1
       1
       0
       2
       0
       0
       0
       0
       0
       0
       0
       0
       0
       1
       1
       1
       1
       2
       2
       0
       0
       1
       0
       1
       0
       0
       0
       0
       1
       0
       0
       0
       1
       0
       1
       1
       0
       0
       1
       0
       0
       0
       0
       0
       0
       1
       0
       0
       1
       1
       1
       1
       0
       1
       0
       2
       0
       0
       0
       0
       0
       0
       1
       1
       1
       3
       0
       0
       0
       0
       1
       0
       0
       1
       0
       0
       1
       0
       0
       0
       0
       0
       0
       0
       0
       0
       1
       0
       1
       1
       0
       0
       1
       0
       0
       1
       1
       0
       0
       0
       0
       0
       0
       0
       0
       0
       0
       0
       0
       0
       0
       1
       0
       0
       0
       0
       0
       0
       0
       0
       0
       0
       0
       0
       2
       1
       1
       0
       0
       0
       0
       0
       0
       0
       1
       0
       0
       0
       0
       0
       0
       1
       0
       2
       0
       0
       0
       1
       0
       0
       0
       1
       1
       0
       0
       0
       0
       0
       1
       1
       0
       0
       0
       0
       0
       0
       1
       0
       0
       0
       1
       0
       0
       0
       2
       0
       0
       1
       1
       0
       0
       0
       0
       0
       1
       1
       1
       0
       0
       1
       0
       0
       0
       0
       0
       0
       0
       0
       0
       0
       0
       0
       0
       0
       0
       0
       0
       0
       0
       1
       2
       0
       0
       1
       1
       0
       1
       0
       0
       1
       2
       0
       0
       1
       1
       0
       0
       0
       0
       1
       0
       0
       1
       1
       2
       0
       0
       0
       1
       0
       0
       0
       0
       0
       0
       0
       0
       0
       1
       0
       0
       0
       0
       0
       1
       0
       0
       0
       0
       1
       0
       0
       0
       1
       1
       0
       0
       0
       0
       0
       0
       1
       0
       0
       0
       1
       1
       1
       1
       1
       0
       0
       0
       1
       0
       1
       1
       0
       2
       0
       0
       0
       1
       0
       1
       0
       0
       0
       1
       1
       0
       1
       2
       0
       0
       1
       1
       0
       0
       0
       0
       0
       0
       0
       0
       0
       1
       1
       0
       0
       0
       0
       0
       1
       0
       0
       0
       0
       0
       0
       0
       0
       0
       1
       0
       0
       0
       0
       0
       1
       0
       0
       0
       0
       1
       1
       0
       0
       0
       0
       1
       1
       0
       0
       0
       0
       0
       1
       0
       0
       1
       1
       0
       0
       0
       1
       1
       1
       0
       1
       0
       0
       0
       0
       0
       1
       1
       0
       0
       1
       1
       0
       0
       1
       0
       0
       0
       0
       0
       0
       1
       2
       0
       0
       0
       0
       1
       0
       0
       0
       0
       0
       0
       0
       0
       0
       0
       0
       0
       0
       1
       0
       0
       0
       0
       0
       0
       0
       0
       0
       0
       0
       1
       0
       1
       0
       0
       0
       2
       0
       0
       1
       0
       0
       0
       0
       0
       2
       1
       0
       0
       1
       1
       2
       0
       0
       1
       0
       0
       0
       0
       0
       1
       0
       0
       1
       0
       0
       0
       1
       0
       0
       0
       0
       1
       2
       0
       0
       0
       1
       0
       0
       0
       0
       0
       0
       0
       1
       2
       0
       0
       0
       1
       0
       0
       0
       1
       1
       0
       0
       1
       0
       0
       1
       0
       1
       1
       0
       0
       0
       0
       0
       0
       0
       0
       0
       1
       0
       0
       0
       0
       1
       1
       0
       1
       0
       1
       0
       0
       1
       1
       0
       2
       0
       0
       0
       0
       0
       0
       0
       0
       1
       1
       1
       0
       0
       0
       1
       0
       0
       0
       0
       0
       0
       0
       0
       0
       1
       0
       0
       0
       1
       0
       0
       0
       0
       0
       2
       0
       0
       0
       0
       0
       0
       0
       1
       0
       0
       0
       0
       0
       0
       0
       0
       0
       0
       0
       0
       0
       0
       0
       0
       0
       1
       0
       0
       0
       0
       0
       0
       1
       0
       0
       0
       0
       1
       0
       0
       0
       1
       0
       0
       0
       1
       1
       0
       0
       1
       0
       0
       0
       0
       0
       1
       0
       0
       3
       0
       0
       0
       1
       0
       1
       0
       1
       0
       0
       0
       0
       0
       0
       2
       0
       0
       0
       0
       0
       0
       0
       0
       1
       1
       0
       0
       0
       1
       0
       0
       0
       0
       0
       0
       1
       0
       0
       0
       0
       0
       0
       0
       0
       0
       0
       0
       1
       0
       0
       0
       0
       0
       0
       0
       0
       0
       0
       0
       0
       1
       2
       0
       1
       0
       0
       1
       0
       0
       0
       0
       0
       2
       0
       1
       0
       0
       1
       0
       1
       1
       0
       0
       0
       0
       0
       0
       0
       0
       0
       0
       1
       2
       2
       0
       0
       0
       1
       0
       0
       0
       0
       0
       0
       0
       1
       0
       0
       0
       1
       0
       0
       1
       0
       0
       0
       0
       0
       1
       1
       1
       0
       0
       1
       0
       1
       0
       1
       0
       0
       0
       1
       0
       1
       0
       0
       0
       0
       1
       1
       0
       0
       0
       0
       0
       1
       0
       0
       0
       0
       0
       0
       0
       1
       0
       0
       1
       0
       0
       0
       0
       0
       1
       0
       1
       0
       1
       1
       0
       0
       1
       0
       0
       0
       0
       1
       0
       0
       1
       0
       0
       0
       0
       1
       0
       1
       0
       0
       0
       1
       0
       0
       0
       0
       0
       0
       1
       0
       0
       0
       1
       0
       0
       0
       1
       0
       0
       1
       0
       0
       0
       0
       0
       0
       0
       1
       0
       1
       0
       0
       0
       0
       0
       0
       0
       1
       1
       0
       0
       0
       0
       0
       0
       1
       1
       1
       1
       0
       0
       0
       0
       0
       0
       0
       0
       0
       1
       1
       0
       1
       1
       0
       5
       1
       2
       1
       0
       1
       1
       1
       0
       0
       1
       1
       1
       0
       0
       0
       0
       0
       0
       0
       0
       0
       1
       1
       0
       1
       0
       0
       0
       0
       0
       1
       0
       0
       1
       0
       0
       0
       0
       0
       0
       0
       0
       0
       0
       0
       2
       0
       0
       0
       0
       1
       1
       1
       0
       1
       0
       0
       0
       0
       0
       0
       0
       0
       0
       0
       1
       0
       0
       0
       0
       1
       0
       0
       0
       0
       0
       0
       0
       0
       2
       1
       0
       0
       0
       1
       0
       0
       1
       0
       0
       0
       0
       0
       1
       0
       0
       0
       0
       1
       0
       0
       1
       0
       1
       0
       0
       0
       1
       0
       0
       1
       0
       0
       1
       0
       0
       0
       1
       0
       0
       0
       1
       0
       1
       0
       0
       1
       0
       1
       0
       0
       0
       0
       0
       0
       0
       0
       0
       0
       0
       1
       1
       0
       0
       0
       0
       0
       0
       0
       0
       0
       0
       0
       0
       0
       0
       1
       0
       0
       0
       0
       2
       1
       1
       0
       0
       0
       0
       1
       1
       0
       0
       0
       0
       0
       0
       0
       1
       0
       0
       1
       1
       1
       0
       0
       1
       0
       0
       0
       0
       1
       0
       1
       0
       0
       1
       0
       0
       1
       0
       0
       0
       0
       1
       0
       0
       0
       0
       1
       0
       0
       0
       0
       0
       0
       0
       0
       0
       0
       0
       1
       0
       0
       1
       0
       0
       1
       0
       1
       0
       0
       0
       0
       0
       0
       1
       0
       0
       0
       0
       0
       0
       0
       0
       0
       0
       0
       0
       0
       0
       0
       0
       0
       2
       1
       0
       0
       0
       0
       0
       0
       0
       0
       0
       1
       1
       0
       0
       0
       1
       0
       0
       0
       0
       1
       0
       0
       0
       0
       0
       2
       0
       0
       0
       0
       0
       0
       0
       0
       0
       0
       0
       0
       0
       0
       0
       0
       0
       0
       0
       0
       0
       0
       0
       0
       0
       1
       0
       0
       0
       0
       0
       0
       0
       0
       0
       0
       1
       0
       0
       0
       0
       0
       0
       1
       0
       0
       0
       1
       0
       0
       0
       0
       0
       0
       0
       0
       0
       0
       0
       0
       0
       0
       1
       0
       0
       0
       0
       0
       0
       0
       0
       0
       0
       0
       0
       1
       1
       1
       0
       0
       0
       0
       0
       0
       0
       0
       0
       0
       0
       0
       0
       0
       0
       0
       0
       0
       0
       1
       0
       0
       0
       0
       0
       0
       0
       0
       0
       1
       0
       0
       0
       2
       0
       0
       0
       0
       0
       0
       0
       0
       0
       0
       0
       0
       0
       0
       0
       0
       0
       0
       0
       0
       0
       1
       0
       0
       0
       0
       1
       0
       0
       0
       0
       0
       0
       0
       0
       0
       0
       0
       0
       0
       0
       0
       0
       0
       0
       0
       0
       0
       0
       0
       0
       0
       0
       0
       0
       0
       0
       0
       0
       1
       0
       0
       0
       1
       0
       0
       0
       0
       0
       1
       0
       0
       2
       0
       0
       0
       0
       0
       0
       1
       0
       0
       1
       0
       0
       0
       0
       0
       0
       0
       0
       0
       0
       0
       1
       1
       0
       0
       0
       0
       0
       1
       0
       0
       0
       0
       1
       0
       0
       0
       0
       1
       0
       0
       0
       0
       0
       0
       0
       0
       1
       0
       0
       1
       0
       1
       1
       0
       0
       0
       1
       0
       1
       0
       0
       0
       0
       1
       0
       0
       0
       0
       0
       0
       0
       0
       0
       0
       0
       0
       0
       0
       0
       0
       0
       0
       0
       0
       0
       0
       0
       1
       0
       1
       0
       0
       0
       0
       0
       1
       0
       0
       1
       0
       0
       0
       0
       0
       0
       0
       0
       1
       0
       0
       0
       0
       0
       0
       0
       0
       0
       0
       0
       0
       2
       0
       0
       0
       0
       0
       0
       0
       0
       0
       0
       0
       0
       0
       0
       0
       1
       0
       0
       0
       1
       0
       1
       1
       0
       0
       1
       0
       0
       0
       0
       0
       1
       1
       0
       0
       0
       0
       0
       0
       0
       1
       0
       0
       0
       1
       0
       1
       0
       0
       0
       0
       0
       0
       0
       0
       0
       0
       0
       0
       0
       0
       0
       0
       0
       0
       0
       0
       1
       0
       1
       0
       0
       0
       0
       0
       0
       0
       0
       0
       0
       0
       0
       1
       0
       0
       1
       0
       0
       0
       0
       0
       1
       0
       0
       0
       0
       0
       0
       1
       0
       0
       0
       0
       0
       1
       0
       0
       0
       0
       0
       0
       0
       0
       0
       0
       0
       1
       0
       0
       0
       0
       0
       0
       0
       0
       1
       1
       0
       0
       0
       0
       0
       0
       0
       1
       0
       1
       0
       1
       0
       0
       0
       0
       1
       0
       0
       0
       0
       0
       0
       0
       0
       0
       0
       0
       1
       1
       0
       0
       0
       0
       0
       0
       0
       0
       0
       1
       0
       1
       0
       0
       0
       0
       1
       0
       0
       3
       1
       0
       0
       0
       0
       0
       0
       0
       0
       0
       0
       0
       0
       0
       0
       0
       0
       0
       0
       0
       0
       0
       0
       0
       0
       0
       0
       0
       0
       0
       0
       0
       0
       0
       0
       0
       0
       0
       0
       0
       0
       0
       0
       0
       0
       0
       0
       1
       0
       1
       0
       0
       0
       0
       0
       0
       1
       1
       0
       1
       0
       0
       1
       0
       0
       0
       1
       1
       0
       0
       1
       0
       0
       0
       2
       0
       0
       0
       0
       0
       0
       0
       0
       0
       0
       0
       1
       0
       1
       0
       0
       1
       0
       0
       0
       0
       0
       0
       0
       0
       0
       0
       1
       0
       0
       1
       0
       0
       0
       0
       0
       0
       0
       0
       2
       0
       0
       0
       0
       0
       0
       0
       0
       0
       0
       0
       0
       0
       0
       1
       0
       0
       0
       0
       0
       0
       0
       1
       0
       0
       0
       0
       0
       0
       0
       0
       0
       0
       0
       0
       1
       0
       0
       0
       1
       1
       0
       0
       0
       0
       1
       0
       0
       0
       0
       0
       1
       0
       0
       0
       0
       0
       0
       0
       0
       1
       0
       0
       0
       0
       0
       0
       0
       0
       0
       1
       0
       0
       0
       0
       0
       0
       0
       0
       0
       0
       0
       0
       0
       0
       0
       0
       0
       0
       0
       1
       0
       1
       0
       0
       0
       1
       0
       0
       0
       0
       0
       0
       0
       0
       0
       0
       0
       0
       0
       0
       0
       0
       0
       0
       0
       0
       0
       0
       0
       0
       0
       0
       0
       0
       0
       0
       1
       0
       0
       0
       0
       1
       0
       0
       2
       0
       0
       0
       0
       1
       0
       1
       0
       0
       1
       0
       0
       0
       0
       0
       0
       0
       0
       0
       0
       0
       0
       0
       0
       0
       0
       1
       0
       1
       0
       0
       0
       1
       0
       1
       0
       0
       1
       0
       0
       0
       0
       0
       0
       0
       0
       0
       1
       0
       0
       0
       0
       0
       1
       0
       1
       0
       2
       0
       0
       0
       0
       0
       0
       0
       0
       0
       1
       0
       0
       0
       0
       0
       1
       0
       0
       0
       1
       1
       1
       0
       1
       0
       0
       0
       0
       0
       0
       1
       0
       0
       0
       0
       0
       0
       0
       0
       0
       0
       1
       0
       0
       0
       0
       0
       0
       0
       0
       0
       0
       0
       0
       0
       0
       0
       0
       1
       0
       0
       0
       0
       1
       0
       0
       0
       0
       0
       0
       1
       0
       0
       0
       0
       0
       0
       0
       0
       0
       0
       0
       0
       0
       0
       0
       0
       0
       0
       0
       0
       0
       0
       0
       0
       0
       1
       0
       0
       0
       0
       0
       0
       0
       0
       0
       0
       0
       0
       0
       0
       0
       0
       0
       1
       0
       0
       0
       1
       0
       0
       0
       0
       0
       0
       0
       0
       1
       0
       0
       0
       0
       0
       0
       0
       0
       0
       0
       0
       0
       0
       0
       0
       0
       0
       0
       0
       0
       0
       0
       0
       0
       0
       0
       1
       0
       0
       0
       0
       0
       0
       0
       0
       0
       0
       0
       0
       2
       0
       1
       0
       0
       0
       1
       0
       0
       0
       0
       0
       0
       0
       0
       0
       1
       0
       0
       0
       0
       0
       0
       1
       0
       0
       0
       0
       0
       0
       0
       0
       0
       2
       0
       0
       0
       0
       0
       0
       0
       0
       0
       0
       0
       0
       0
       0
       0
       0
       0
       2
       1
       0
       0
       0
       0
       0
       0
       1
       0
       0
       0
       0
       1
       0
       0
       1
       0
       0
       0
       0
       0
       1
       0
       0
       1
       0
       0
       1
       1
       0
       0
       0
       0
       0
       0
       0
       0
       0
       0
       0
       0
       0
       1
       0
       0
       0
       0
       0
       0
       0
       0
       1
       1
       0
       0
       0
       0
       0
       0
       0
       0
       0
       0
       0
       0
       0
       0
       0
       0
       0
       0
       0
       0
       0
       1
       0
       0
       0
       0
       0
       0
       0
       0
       0
       0
       1
       0
       0
       0
       0
       0
       0
       0
       0
       0
       0
       0
       0
       0
       0
       0
       0
       0
       0
       0
       0
       0
       0
       0
       0
       0
       0
       0
       0
       0
       0
       0
       0
       0
       1
       0
       0
       0
       0
       0
       0
       0
       0
       0
       0
       0
       0
       0
       0
       0
       0
       0
       0
       1
       0
       0
       0
       0
       0
       1
       0
       2
       0
       0
       0
       0
       0
       0
       0
       0
       0
       0
       0
       0
       1
       1
       0
       1
       0
       0
       0
       0
       0
       0
       0
       0
       1
       0
       0
       0
       1
       0
       0
       0
       0
       0
       0
       1
       0
       0
       1
       0
       0
       0
       0
       0
       1
       0
       0
       0
       0
       0
       0
       1
       0
       0
       0
       0
       0
       0
       0
       0
       0
       1
       1
       0
       0
       0
       0
       0
       0
       0
       0
       0
       1
       0
       0
       1
       0
       0
       0
       0
       0
       0
       0
       1
       0
       0
       0
       0
       0
       0
       0
       0
       0
       0
       0
       0
       0
       1
       0
       0
       0
       0
       0
       0
       1
       0
       0
       0
       0
       0
       0
       1
       0
       0
       0
       0
       0
       1
       0
       2
       0
       0
       0
       1
       0
       0
       0
       0
       0
       0
       0
       0
       0
       0
       1
       0
       0
       1
       0
       0
       0
       0
       0
       0
       0
       0
       0
       0
       0
       0
       0
       0
       1
       0
       0
       0
       0
       0
       0
       0
       0
       0
       0
       0
       1
       0
       0
       0
       0
       1
       0
       0
       0
       1
       0
       0
       0
       0
       0
       0
       0
       0
       0
       0
       0
       0
       1
       0
       0
       0
       0
       0
       0
       0
       0
       0
       0
       0
       0
       0
       0
       1
       0
       0
       1
       0
       0
       0
       0
       0
       0
       0
       0
       0
       1
       0
       0
       0
       0
       0
       0
       0
       0
       0
       0
       0
       0
       0
       0
       0
       0
       0
       0
       0
       1
       0
       1
       1
       0
       0
       0
       0
       0
       0
       0
       0
       0
       0
       0
       0
       0
       0
       0
       0
       0
       0
       0
       0
       0
       0
       0
       0
       0
       0
       1
       0
       0
       0
       1
       0
       0
       0
       0
       0
       0
       0
       0
       0
       0
       0
       1
       0
       0
       0
       0
       0
       0
       0
       0
       0
       0
       0
       0
       1
       0
       0
       0
       0
       0
       0
       0
       0
       0
       0
       0
       0
       0
       0
       1
       0
       0
       0
       0
       0
       0
       0
       0
       0
       0
       0
       0
       0
       1
       0
       0
       0
       0
       0
       0
       0
       0
       0
       0
       0
       0
       0
       0
       0
       0
       0
       2
       0
       0
       0
       0
       0
       0
       0
       0
       0
       0
       0
       0
       0
       0
       0
       1
       0
       0
       0
       1
       1
       0
       0
       2
       0
       0
       0
       0
       0
       0
       0
       0
       0
       0
       0
       0
       0
       0
       1
       0
       0
       0
       1
       0
       0
       0
       0
       0
       0
       0
       0
       0
       0
       0
       1
       0
       1
       1
       1
       0
       0
       0
       0
       0
       0
       0
       0
       0
       0
       0
       0
       0
       0
       1
       0
       0
       0
       0
       0
       0
       0
       0
       0
       0
       1
       0
       0
       0
       0
       0
       0
       0
       0
       0
       0
       0
       1
       1
       0
       0
       0
       0
       0
       0
       0
       0
       1
       0
       0
       0
       0
       0
       0
       1
       0
       1
       2
       0
       1
       0
       0
       0
       0
       0
       0
       1
       0
       1
       0
       0
       0
       0
       0
       1
       0
       0
       0
       0
       0
       0
       0
       0
       0
       0
       0
       0
       2
       0
       0
       0
       0
       1
       0
       0
       0
       1
       0
       0
       0
       0
       0
       0
       0
       0
       0
       0
       0
       1
       0
       0
       0
       0
       0
       0
       0
       0
       0
       0
       0
       0
       0
       0
       0
       0
       0
       0
       0
       0
       0
       0
       0
       0
       0
       0
       0
       0
       0
       0
       0
       0
       0
       0
       0
       1
       0
       0
       0
       0
       0
       0
       1
       0
       0
       0
       0
       0
       0
       0
       0
       0
       0
       0
       0
       0
       0
       0
       0
       1
       0
       0
       0
       0
       0
       0
       0
       0
       0
       0
       1
       0
       0
       0
       0
       0
       0
       0
       0
       0
       0
       0
       0
       0
       0
       0
       0
       0
       0
       0
       0
       0
       0
       0
       0
       0
       0
       0
       0
       0
       0
       0
       0
       0
       1
       0
       0
       1
       0
       1
       0
       0
       0
       0
       1
       0
       0
       0
       0
       0
       1
       0
       0
       0
       0
       0
       0
       0
       0
       0
       0
       0
       0
       0
       0
       0
       0
       0
       0
       0
       0
       0
       0
       0
       0
       0
       0
       0
       0
       0
       1
       0
       0
       0
       1
       0
       0
       0
       0
       0
       0
       0
       0
       0
       0
       0
       0
       0
       0
       0
       0
       0
       0
       0
       0
       0
       0
       0
       1
       0
       0
       0
       0
       0
       0
       0
       0
       0
       1
       0
       0
       0
       1
       1
       0
       0
       0
       0
       0
       0
       0
       0
       1
       0
       0
       0
       0
       0
       0
       0
       0
       0
       1
       0
       0
       0
       1
       0
       0
       0
       1
       0
       0
       0
       0
       0
       0
       0
       0
       0
       0
       0
       0
       0
       0
       0
       0
       0
       0
       0
       0
       0
       0
       0
       0
       1
       1
       0
       0
       0
       0
       0
       0
       0
       1
       0
       1
       0
       0
       1
       0
       0
       0
       0
       0
       0
       1
       0
       0
       0
       0
       0
       0
       0
       0
       0
       0
       0
       0
       0
       0
       1
       0
       0
       0
       0
       0
       1
       0
       0
       0
       0
       0
       0
       0
       0
       1
       0
       0
       0
       0
       0
       0
       0
       0
       0
       0
       0
       0
       0
       0
       0
       0
       0
       0
       0
       0
       1
       0
       0
       0
       0
       0
       2
       0
       0
       0
       0
       0
       0
       0
       0
       0
       0
       1
       0
       0
       0
       0
       1
       0
       0
       0
       1
       0
       0
       0
       0
       0
       0
       0
       0
       1
       1
       0
       0
       0
       0
       0
       0
       0
       0
       0
       0
       0
       0
       0
       0
       0
       0
       0
       0
       0
       0
       0
       1
       0
       1
       0
       0
       0
       0
       0
       0
       0
       0
       0
       0
       0
       0
       0
       0
       0
       0
       1
       0
       0
       0
       0
       0
       0
       0
       0
       0
       0
       0
       0
       0
       0
       0
       0
       1
       1
       0
       0
       0
       0
       0
       0
       0
       1
       0
       0
       1
       0
       0
       0
       0
       0
       1
       0
       0
       0
       0
       0
       1
       0
       0
       0
       0
       0
       1
       0
       0
       0
       0
       0
       0
       0
       0
       0
       0
       0
       0
       0
       0
       0
       0
       0
       0
       0
       0
       0
       1
       0
       0
       0
       0
       1
       0
       0
       1
       0
       0
       0
       0
       0
       0
       0
       0
       0
       0
       0
       0
       0
       0
       0
       0
       1
       0
       0
       0
       0
       0
       0
       0
       0
       0
       0
       0
       0
       0
       0
       0
       0
       0
       0
       0
       0
       0
       0
       0
       0
       0
       0
       0
       0
       0
       0
       0
       0
       0
       0
       0
       0
       0
       0
       0
       0
       0
       0
       0
       0
       0
       0
       1
       0
       0
       0
       0
       0
       0
       0
       0
       0
       0
       0
       0
       0
       0
       0
       0
       0
       0
       0
       0
       0
       0
       0
       0
       0
       0
       0
       1
       0
       0
       0
       0
       0
       0
       0
       0
       0
       0
       0
       0
       1
       1
       0
       0
       0
       0
       1
       0
       0
       0
       0
       0
       0
       0
       0
       0
       0
       0
       0
       0
       0
       0
       0
       0
       0
       0
       0
       0
       0
       0
       0
       0
       0
       0
       0
       0
       0
       0
       0
       0
       0
       0
       1
       0
       1
       0
       0
       0
       0
       0
       0
       0
       0
       0
       0
       0
       0
       0
       0
       0
       0
       0
       0
       0
       0
       0
       0
       0
       0
       0
       0
       0
       0
       0
       0
       0
       0
       1
       0
       0
       0
       0
       0
       0
       2
       0
       0
       0
       0
       0
       0
       0
       0
       0
       0
       0
       0
       0
       0
       0
       0
       0
       0
       0
       0
       0
       0
       0
       0
       0
       1
       0
       0
       0
       0
       0
       0
       0
       1
       0
       0
       1
       0
       0
       0
       0
       0
       1
       0
       1
       0
       0
       0
       0
       0
       0
       0
       0
       0
       0
       0
       0
       0
       1
       0
       2
       0
       0
       0
       0
       0
       0
       0
       0
       0
       0
       0
       0
       0
       0
       0
       0
       0
       0
       0
       0
       0
       1
       1
       0
       0
       0
       1
       0
       0
       1
       0
       0
       0
       0
       0
       0
       0
       0
       0
       0
       0
       0
       0
       0
       0
       0
       0
       0
       0
       0
       0
       0
       0
       0
       0
       0
       0
       0
       0
       0
       0
       0
       0
       1
       0
       1
       0
       0
       0
       1
       0
       0
       0
       0
       0
       0
       0
       0
       0
       0
       0
       0
       0
       0
       0
       0
       0
       0
       0
       0
       0
       0
       0
       0
       0
       0
       0
       0
       0
       0
       0
       0
       0
       0
       0
       0
       0
       0
       1
       0
       0
       0
       0
       0
       0
       0
       0
       0
       0
       0
       0
       0
       0
       1
       0
       0
       0
       0
       0
       0
       1
       0
       0
       0
       0
       0
       0
       0
       0
       0
       0
       0
       0
       0
       0
       0
       1
       0
       0
       0
       1
       0
       0
       0
       0
       1
       0
       0
       0
       0
       0
       0
       0
       0
       0
       0
       0
       0
       0
       0
       0
       0
       0
       0
       0
       0
       0
       0
       0
       0
       0
       0
       0
       0
       0
       0
       0
       0
       0
       0
       0
       0
       0
       0
       0
       0
       0
       0
       0
       0
       0
       0
       0
       0
       0
       0
       0
       0
       0
       0
       0
       0
       0
       0
       0
       0
       0
       0
       0
       0
       0
       0
       0
       0
       0
       0
       0
       0
       0
       0
       0
       0
       0
       0
       0
       0
       0
       0
       0
       0
       0
       0
       0
       0
       0
       0
       0
       0
       0
       0
       0
       0
       0
       0
       0
       0
       0
       0
       0
       0
       0
       0
       0
       0
       0
       0
       0
       0
       0
       0
       0
       0
       0
       0
       0
       0
       0
       0
       0
       0
       0
       0
       0
       0
       0
       0
       0
$ROI:
0
$PRESETS:
None
0
0
$ENER_FIT:
-2.173939 0.279251
$MCA_CAL:
3
-2.173939E+000 2.792507E-001 0.000000E+000 keV
$SHAPE_CAL:
3
1.571259E+001 -1.155430E-003 0.000000E+000
