$SPEC_ID:
226Ra
$SPEC_REM:
DET# 1
DETDESC# MCB 132 Input 1
AP# Maestro Version 6.06
$DATE_MEA:
02/11/2022 13:23:00
$MEAS_TIM:
333408 333435
$DATA:
0 8191
       0
       0
       0
       0
       0
       0
       0
       0
       0
       0
       0
       0
       0
       0
       0
       0
       0
       0
       0
       0
       0
       0
       0
       0
       0
       2
    3797
   16255
    1355
     739
     634
     667
     775
     731
     748
     790
     787
     804
     766
     817
     847
     966
     939
     783
     681
     623
     590
     559
     538
     575
     546
     569
     585
     560
     553
     459
     471
     449
     452
     463
     466
     420
     421
     412
     417
     415
     369
     407
     347
     376
     390
     392
     364
     379
     347
     341
     342
     344
     315
     356
     322
     323
     292
     331
     323
     301
     343
     326
     301
     318
     298
     290
     302
     307
     275
     309
     301
     269
     260
     251
     295
     249
     281
     262
     259
     248
     266
     273
     247
     258
     250
     256
     260
     260
     228
     240
     243
     261
     229
     244
     229
     245
     221
     256
     231
     237
     211
     224
     233
     238
     226
     207
     200
     215
     246
     221
     219
     213
     211
     213
     213
     199
     244
     219
     209
     244
     239
     219
     205
     221
     211
     211
     219
     209
     250
     202
     228
     222
     206
     213
     221
     199
     176
     205
     200
     204
     244
     310
     413
     440
     352
     297
     230
     185
     200
     219
     201
     221
     189
     204
     197
     185
     221
     199
     200
     211
     187
     194
     216
     239
     218
     231
     239
     264
     260
     237
     206
     216
     222
     206
     214
     186
     185
     210
     224
     228
     208
     206
     212
     197
     213
     225
     243
     252
     278
     295
     224
     233
     238
     230
     224
     224
     200
     242
     225
     333
     473
     598
     616
     477
     294
     257
     202
     242
     206
     219
     212
     231
     215
     215
     206
     241
     218
     218
     233
     219
     227
     222
     214
     232
     235
     233
     253
     257
     236
     239
     243
     242
     236
     300
     301
     322
     298
     269
     247
     281
     294
     327
     411
     404
     325
     276
     243
     282
     251
     293
     329
     301
     288
     241
     227
     249
     243
     252
     241
     239
     220
     230
     241
     242
     272
     255
     257
     240
     227
     226
     247
     253
     282
     307
     401
     373
     386
     356
     347
     258
     271
     235
     212
     309
     316
     307
     320
     273
     279
     260
     265
     258
     264
     331
     291
     285
     287
     275
     270
     272
     339
     454
     719
    1028
    1125
    1110
     837
     518
     388
     299
     241
     280
     290
     251
     268
     215
     263
     233
     226
     230
     235
     253
     240
     292
     327
     285
     276
     281
     227
     239
     251
     248
     226
     253
     223
     227
     230
     248
     239
     245
     245
     250
     233
     232
     226
     252
     265
     255
     216
     251
     281
     209
     225
     235
     242
     254
     243
     255
     248
     258
     227
     266
     298
     293
     249
     269
     251
     262
     289
     245
     276
     275
     292
     326
     298
     300
     309
     282
     258
     262
     252
     258
     263
     261
     251
     259
     252
     262
     243
     256
     247
     227
     230
     266
     247
     230
     255
     264
     247
     245
     232
     264
     243
     245
     270
     290
     260
     297
     252
     261
     253
     251
     265
     252
     247
     256
     251
     289
     257
     266
     270
     244
     275
     231
     289
     300
     271
     265
     249
     254
     245
     275
     294
     285
     298
     258
     264
     264
     281
     285
     260
     246
     245
     253
     247
     244
     255
     268
     262
     242
     239
     287
     261
     255
     239
     275
     268
     232
     268
     263
     251
     242
     263
     271
     247
     274
     217
     260
     253
     286
     281
     274
     282
     244
     251
     279
     262
     252
     277
     282
     288
     329
     355
     334
     367
     333
     309
     276
     250
     253
     262
     258
     250
     254
     244
     256
     241
     239
     253
     236
     265
     273
     283
     235
     246
     241
     259
     290
     266
     243
     263
     257
     259
     249
     249
     243
     272
     248
     234
     255
     263
     276
     255
     239
     231
     261
     255
     237
     286
     248
     236
     238
     220
     245
     245
     262
     264
     245
     244
     261
     236
     248
     266
     254
     273
     237
     245
     244
     284
     266
     262
     271
     324
     318
     268
     248
     266
     240
     236
     291
     261
     229
     253
     262
     245
     253
     290
     259
     238
     267
     213
     255
     211
     224
     251
     225
     257
     249
     277
     224
     232
     237
     200
     242
     263
     235
     235
     262
     240
     229
     255
     256
     241
     237
     243
     242
     222
     239
     236
     231
     263
     237
     221
     240
     238
     240
     241
     244
     262
     241
     239
     239
     237
     261
     250
     205
     233
     267
     242
     256
     255
     244
     227
     234
     262
     310
     337
     425
     561
     731
     796
     819
     598
     473
     309
     264
     214
     210
     232
     227
     244
     224
     239
     244
     252
     237
     215
     218
     248
     227
     214
     199
     226
     226
     245
     241
     234
     221
     219
     215
     219
     241
     222
     213
     225
     243
     229
     224
     218
     220
     230
     257
     245
     235
     254
     254
     256
     241
     237
     223
     221
     227
     210
     224
     217
     210
     238
     235
     233
     224
     227
     213
     212
     209
     226
     227
     245
     230
     272
     231
     247
     230
     234
     220
     213
     234
     207
     204
     202
     248
     249
     234
     243
     227
     208
     229
     220
     210
     207
     231
     233
     184
     190
     208
     224
     202
     191
     247
     201
     211
     215
     214
     217
     220
     201
     190
     192
     220
     211
     231
     189
     226
     192
     225
     191
     222
     211
     218
     193
     208
     190
     207
     191
     208
     212
     203
     188
     215
     182
     202
     224
     203
     199
     196
     212
     169
     191
     185
     212
     225
     197
     208
     178
     193
     207
     205
     187
     187
     181
     200
     198
     210
     193
     165
     168
     175
     192
     192
     203
     196
     186
     179
     194
     179
     180
     161
     186
     187
     185
     172
     186
     208
     202
     178
     218
     172
     181
     178
     214
     203
     213
     251
     284
     307
     375
     402
     402
     344
     319
     287
     211
     219
     208
     205
     202
     213
     205
     209
     186
     178
     211
     190
     191
     191
     180
     183
     182
     179
     191
     182
     192
     189
     185
     158
     192
     180
     179
     184
     168
     197
     180
     181
     188
     193
     192
     166
     172
     176
     195
     184
     193
     171
     164
     182
     167
     167
     168
     185
     183
     199
     164
     166
     172
     178
     173
     170
     188
     174
     184
     196
     178
     167
     161
     191
     186
     209
     186
     178
     178
     183
     146
     148
     162
     187
     169
     174
     197
     149
     159
     183
     163
     150
     173
     169
     154
     165
     183
     152
     162
     166
     169
     163
     198
     164
     160
     171
     156
     182
     170
     164
     174
     163
     172
     171
     176
     196
     158
     191
     181
     187
     207
     176
     184
     150
     172
     162
     167
     161
     156
     167
     131
     141
     162
     139
     150
     150
     159
     168
     158
     165
     148
     173
     189
     170
     181
     149
     167
     158
     152
     155
     162
     175
     151
     151
     182
     154
     141
     153
     162
     156
     138
     178
     155
     151
     164
     150
     166
     120
     165
     150
     146
     150
     141
     158
     137
     170
     129
     153
     145
     156
     141
     141
     165
     117
     144
     161
     146
     135
     133
     160
     142
     172
     148
     164
     144
     131
     133
     141
     171
     156
     157
     158
     150
     158
     149
     167
     145
     143
     127
     147
     156
     152
     153
     163
     147
     149
     118
     135
     135
     173
     166
     159
     151
     158
     125
     159
     122
     134
     153
     169
     148
     143
     149
     127
     137
     154
     161
     144
     131
     135
     133
     130
     124
     123
     139
     155
     131
     145
     135
     144
     145
     137
     149
     139
     174
     132
     121
     145
     141
     139
     113
     133
     149
     130
     150
     146
     147
     120
     138
     119
     137
     124
     141
     159
     124
     136
     153
     129
     130
     131
     141
     136
     141
     136
     125
     136
     150
     132
     149
     140
     162
     138
     135
     122
     140
     148
     155
     144
     123
     152
     147
     152
     146
     131
     145
     125
     148
     143
     142
     140
     139
     130
     137
     137
     139
     129
     151
     138
     145
     141
     156
     144
     119
     130
     123
     152
     151
     123
     118
     141
     118
     142
     120
     137
     140
     105
     122
     143
     131
     129
     127
     131
     124
     103
     132
     139
     140
     112
     132
     144
     146
     144
     158
     192
     154
     177
     161
     129
     145
     131
     134
     145
     130
     124
     114
     119
     146
     137
     128
     120
     104
     127
     134
     119
     115
     124
     126
     142
     124
     135
     141
     108
     121
     123
     129
     132
     116
     136
     129
     115
     108
     106
     116
     130
     135
     110
     122
     131
     123
     139
     154
     141
     150
     144
     132
     105
     110
     127
     135
     122
      99
     136
     111
     119
     142
     120
     116
     111
     119
     104
     134
     120
     122
     110
     134
     101
     122
     109
     119
     128
     122
     110
     118
     105
     128
     122
     128
     107
     117
     120
      93
     136
     124
     129
     107
     113
     131
     116
     114
     122
      97
     108
     125
     107
     124
     115
     121
     112
     105
     130
     111
     101
     114
     113
     120
     136
     101
     116
      98
     105
     113
     107
     113
     127
     106
     111
     113
      97
     119
      98
     114
      92
     114
     120
     117
     113
      98
     116
     104
     113
     128
     105
     108
     118
     118
     125
      93
      98
     110
     103
     117
     100
     116
     111
     112
      95
      97
     106
      99
      99
     113
     127
     107
     130
     127
     114
     114
     112
     111
     102
     118
      93
      98
     105
      99
     118
     109
     124
     127
     115
      94
     119
      80
     111
     127
      88
     106
     113
     106
     112
     109
     113
     100
      96
     107
      94
      94
      94
     101
      92
     119
      98
      91
     104
     102
      87
     107
     112
     104
     104
     108
     106
     115
     100
     115
     104
     109
     116
     104
     110
     106
     118
     102
      99
     103
     110
     103
     114
      96
      99
     101
     122
     109
     134
      87
     107
      93
      99
     101
     108
     104
     111
     103
      99
     113
     108
      97
     104
      87
     104
     100
      82
     118
      86
      82
     126
     118
     117
     102
     102
     116
     109
     115
      94
     101
      96
     109
     109
     115
      91
      89
     109
     107
     102
      92
      88
     102
     119
     118
     101
      99
     107
      95
      98
      99
      94
     102
      96
     104
     110
      94
      89
      88
      91
      88
     101
      93
      92
     125
      96
     103
     108
      85
     118
     102
     111
     105
      88
     107
      96
      94
      93
      94
     107
     113
     107
      85
     103
      81
      81
      93
     114
      97
      98
      86
     102
      85
      93
     109
     152
     155
     171
     234
     220
     188
     255
     312
     346
     353
     408
     398
     390
     318
     264
     195
     145
     111
      92
      92
      95
      99
     111
      91
     118
      95
     100
      98
      90
      89
     105
      96
      78
     106
      99
      91
     102
      99
      85
      80
      92
      89
      79
      91
     108
      84
      88
      82
      96
      73
      89
      99
      74
      93
      86
      96
      96
      85
      80
      74
      91
      85
      97
      89
     102
      80
      88
     106
      96
      72
      91
      81
      87
      83
      96
     103
      80
      93
      95
      91
      98
      98
      93
      86
      78
      80
      95
     102
      72
      69
      98
      97
      84
      96
      88
      82
     103
      74
      82
      88
      94
      59
      85
      85
      89
      95
      83
      93
      93
      73
     110
      96
     100
      90
     106
      94
      76
      96
      97
      98
      95
      90
      90
      89
      78
      89
      81
      82
      85
      89
      89
      94
      83
      84
      75
      92
      95
      83
      82
      91
      84
      71
      93
      75
      74
      82
     101
      88
      95
      83
      79
      81
      99
      76
      74
      92
      77
      86
      69
      83
      80
      85
      93
      85
      86
      97
      82
      86
      77
      86
      76
      89
      75
      89
      79
      74
      76
      99
      65
      78
      77
      76
      77
      73
      89
      81
      84
      81
      73
      84
      80
      73
      97
     100
      94
      85
      74
      81
      85
      89
      83
      82
      70
      87
      90
      82
      72
      93
      69
      90
      98
      78
      79
      83
      59
      87
      64
      93
      94
      70
      76
      86
      61
     105
      78
      72
      76
      81
      70
      86
      76
      66
      75
      74
      81
      85
      82
      89
      84
      74
      79
      83
      83
      89
      77
      85
      63
      65
      77
      73
      79
      81
      71
      68
      73
      93
      92
     104
      65
      82
      66
      81
      85
      80
      94
     118
     132
     148
     141
     170
     206
     218
     250
     311
     301
     353
     384
     380
     424
     442
     437
     430
     380
     356
     345
     277
     230
     221
     165
     134
      95
      94
     109
      75
      78
      85
      78
      70
      64
      78
      83
      75
      81
      76
      81
      90
      60
      82
      66
      61
      69
      64
      67
      58
      66
      70
      57
      68
      77
      64
      68
      64
      77
      73
      68
      69
      70
      58
      73
      74
      59
      60
      80
      54
      77
      58
      70
      69
      75
      71
      77
      61
      64
      79
      69
      69
      73
      61
      57
      62
      67
      56
      69
      74
      71
      68
      68
      65
      67
      68
      76
      48
      60
      79
      61
      71
      49
      69
      62
      50
      65
      73
      59
      57
      72
      72
      55
      69
      63
      68
      61
      64
      70
      73
      79
      61
      65
      57
      61
      63
      66
      55
      64
      53
      65
      60
      55
      59
      66
      67
      55
      58
      56
      59
      53
      69
      66
      59
      58
      50
      55
      52
      55
      61
      75
      61
      55
      55
      78
      63
      59
      82
      70
      64
      49
      69
      67
      50
      58
      60
      66
      60
      62
      76
      71
      68
      65
      67
      64
      52
      52
      54
      63
      53
      54
      61
      49
      62
      48
      56
      53
      60
      58
      49
      76
      55
      72
      60
      63
      72
      53
      48
      57
      59
      54
      62
      50
      65
      59
      56
      59
      53
      67
      68
      65
      56
      94
      80
      66
      64
      65
      94
      94
      66
      82
      80
      74
      90
      82
      82
      76
      55
      62
      55
      64
      56
      73
      66
      52
      57
      56
      83
      51
      58
      58
      62
      73
      55
      65
      64
      46
      61
      51
      52
      70
      43
      66
      64
      76
      61
      58
      68
      55
      74
      68
      79
      74
      78
      75
      83
      86
      99
     100
      97
      94
      94
      97
      73
      59
      68
      60
      73
      72
      73
      56
      50
      62
      62
      54
      68
      51
      48
      51
      49
      41
      62
      71
      65
      52
      62
      66
      55
      48
      42
      58
      50
      54
      51
      61
      54
      63
      56
      50
      51
      71
      70
      57
      53
      68
      60
      56
      80
      61
      70
      73
      61
      63
      57
      64
      63
      60
      59
      61
      68
      52
      58
      70
      64
      81
      59
      46
      66
      58
      63
      72
      68
      59
      59
      71
      55
      60
      55
      55
      61
      67
      60
      57
      68
      67
      81
      70
      57
      64
      75
      95
      83
      94
      91
      91
     100
      97
     120
     136
     125
     139
     157
     144
     149
     213
     215
     252
     231
     219
     210
     218
     173
     149
     111
      90
      70
      49
      58
      55
      60
      47
      71
      51
      56
      43
      50
      50
      53
      60
      55
      47
      56
      62
      45
      62
      53
      50
      38
      57
      54
      61
      39
      45
      56
      53
      50
      58
      59
      56
      47
      41
      48
      66
      51
      61
      65
      56
      51
      62
      47
      56
      44
      53
      46
      46
      48
      56
      51
      74
      54
      62
      57
      54
      52
      45
      45
      54
      52
      55
      57
      49
      45
      51
      50
      49
      62
      44
      59
      52
      50
      55
      58
      53
      58
      47
      44
      46
      49
      56
      51
      61
      48
      49
      53
      47
      40
      44
      55
      52
      39
      49
      52
      56
      44
      51
      56
      44
      49
      45
      63
      37
      38
      37
      45
      61
      49
      67
      61
      50
      54
      53
      60
      48
      53
      43
      49
      57
      41
      39
      44
      43
      50
      50
      48
      41
      59
      56
      38
      54
      48
      53
      54
      63
      39
      56
      60
      63
      77
      80
      76
      96
     122
     110
     123
     141
     144
     167
     161
     179
     202
     251
     248
     269
     302
     287
     292
     237
     229
     185
     130
     103
      85
      57
      59
      53
      42
      52
      58
      49
      45
      48
      47
      45
      46
      51
      39
      44
      45
      59
      55
      50
      40
      50
      46
      50
      49
      43
      47
      46
      52
      52
      44
      50
      48
      50
      39
      62
      49
      48
      53
      47
      49
      59
      38
      51
      45
      48
      37
      39
      55
      47
      43
      50
      53
      40
      41
      48
      35
      48
      48
      41
      52
      42
      44
      52
      40
      47
      48
      45
      47
      46
      45
      37
      46
      43
      50
      51
      33
      53
      43
      37
      42
      34
      41
      40
      57
      40
      28
      45
      56
      41
      55
      46
      36
      56
      52
      35
      50
      58
      38
      55
      47
      48
      53
      44
      50
      57
      52
      55
      34
      48
      50
      52
      50
      51
      48
      65
      57
      47
      50
      42
      56
      59
      48
      46
      47
      41
      47
      38
      49
      60
      48
      47
      51
      47
      52
      55
      46
      46
      56
      56
      50
      45
      48
      43
      52
      44
      36
      41
      63
      56
      53
      44
      44
      40
      43
      49
      56
      46
      44
      34
      54
      51
      45
      59
      47
      49
      50
      46
      45
      44
      43
      56
      42
      47
      54
      50
      39
      49
      53
      48
      41
      46
      53
      54
      49
      52
      49
      47
      55
      56
      62
      57
      69
      84
      82
      89
      97
      98
     102
      99
     124
     156
     142
     177
     180
     171
     185
     186
     219
     197
     157
     130
     124
      93
      72
      68
      41
      48
      48
      37
      48
      43
      47
      60
      42
      44
      50
      50
      38
      42
      42
      51
      44
      37
      42
      39
      51
      45
      35
      35
      42
      44
      36
      44
      34
      31
      39
      45
      41
      34
      36
      40
      38
      37
      34
      33
      28
      33
      37
      42
      43
      40
      42
      56
      34
      42
      41
      37
      50
      34
      39
      51
      45
      45
      37
      48
      40
      44
      44
      49
      49
      46
      43
      43
      44
      30
      46
      37
      41
      54
      40
      49
      50
      34
      41
      35
      43
      37
      41
      47
      43
      36
      33
      44
      33
      38
      29
      28
      37
      40
      40
      34
      41
      34
      39
      39
      43
      46
      36
      40
      36
      43
      41
      41
      44
      36
      44
      42
      45
      40
      33
      36
      40
      43
      47
      36
      37
      37
      40
      37
      40
      37
      33
      46
      39
      45
      46
      48
      45
      45
      47
      41
      41
      49
      45
      38
      43
      52
      55
      45
      35
      53
      55
      46
      40
      38
      39
      32
      35
      38
      47
      55
      36
      41
      41
      34
      41
      43
      49
      37
      40
      39
      46
      43
      41
      37
      37
      41
      37
      33
      37
      34
      37
      33
      41
      38
      47
      23
      47
      46
      41
      43
      42
      31
      34
      32
      37
      26
      41
      34
      49
      48
      42
      41
      40
      41
      35
      50
      34
      48
      38
      33
      42
      37
      38
      36
      44
      40
      44
      37
      36
      34
      33
      36
      36
      39
      33
      28
      28
      38
      37
      45
      32
      27
      37
      32
      46
      38
      38
      29
      34
      34
      28
      39
      36
      32
      45
      40
      30
      38
      35
      39
      26
      44
      36
      40
      25
      46
      31
      43
      41
      33
      33
      34
      35
      32
      35
      42
      46
      41
      32
      33
      40
      37
      25
      37
      42
      37
      51
      26
      36
      44
      34
      52
      36
      37
      35
      36
      41
      34
      34
      43
      43
      39
      37
      27
      39
      29
      45
      55
      36
      36
      36
      34
      30
      43
      35
      31
      32
      36
      36
      25
      42
      30
      26
      35
      44
      41
      38
      35
      36
      35
      36
      32
      24
      36
      24
      32
      41
      37
      43
      27
      38
      38
      25
      36
      38
      38
      35
      40
      30
      36
      31
      30
      40
      32
      41
      27
      29
      38
      36
      36
      32
      36
      28
      35
      30
      35
      45
      45
      42
      37
      38
      36
      42
      37
      45
      31
      35
      38
      35
      30
      42
      36
      37
      36
      48
      39
      44
      31
      34
      39
      39
      38
      40
      45
      36
      43
      34
      26
      40
      48
      44
      31
      31
      42
      42
      40
      36
      34
      48
      41
      33
      34
      31
      35
      48
      36
      41
      20
      35
      40
      36
      39
      33
      46
      42
      33
      37
      38
      45
      36
      29
      39
      38
      38
      43
      41
      39
      31
      35
      32
      31
      41
      28
      57
      36
      25
      27
      36
      30
      41
      37
      26
      36
      29
      22
      40
      31
      32
      35
      35
      37
      35
      39
      31
      40
      27
      32
      41
      38
      29
      27
      38
      30
      32
      33
      33
      40
      28
      32
      33
      31
      30
      37
      29
      37
      35
      41
      30
      38
      36
      50
      42
      33
      30
      40
      28
      27
      33
      39
      31
      37
      39
      38
      33
      25
      31
      25
      30
      31
      35
      37
      40
      32
      47
      33
      35
      26
      35
      35
      39
      34
      32
      36
      32
      38
      27
      25
      33
      34
      31
      25
      28
      34
      33
      45
      28
      27
      29
      38
      36
      30
      35
      37
      24
      34
      39
      40
      29
      26
      29
      35
      35
      28
      28
      27
      40
      34
      39
      40
      37
      34
      35
      44
      24
      34
      35
      32
      29
      24
      29
      36
      35
      23
      20
      35
      32
      23
      33
      39
      37
      42
      29
      33
      43
      28
      41
      46
      41
      28
      31
      13
      35
      20
      29
      37
      31
      35
      34
      31
      30
      31
      37
      41
      30
      39
      39
      33
      21
      26
      27
      30
      37
      41
      27
      45
      32
      45
      34
      39
      34
      15
      27
      30
      29
      26
      23
      36
      31
      24
      35
      40
      31
      34
      18
      29
      41
      27
      34
      34
      38
      37
      33
      43
      35
      34
      35
      50
      24
      42
      36
      34
      32
      39
      34
      30
      36
      45
      46
      45
      43
      43
      56
      45
      43
      46
      41
      47
      42
      38
      46
      34
      48
      34
      33
      33
      28
      23
      26
      29
      31
      24
      18
      36
      35
      26
      30
      24
      30
      32
      28
      30
      36
      27
      21
      34
      26
      36
      23
      34
      39
      22
      28
      40
      21
      35
      25
      22
      30
      27
      33
      25
      25
      33
      33
      40
      21
      32
      24
      33
      31
      19
      24
      37
      36
      30
      25
      20
      33
      33
      31
      22
      22
      31
      37
      23
      36
      39
      33
      40
      32
      28
      33
      27
      37
      38
      23
      24
      34
      31
      21
      21
      33
      34
      28
      28
      38
      27
      28
      22
      22
      31
      25
      22
      22
      24
      26
      17
      37
      29
      25
      26
      28
      37
      33
      24
      27
      22
      29
      40
      23
      15
      31
      29
      27
      28
      33
      30
      29
      28
      19
      31
      28
      34
      35
      28
      24
      38
      35
      28
      26
      18
      39
      29
      31
      29
      26
      23
      30
      31
      33
      17
      33
      28
      25
      22
      22
      25
      34
      28
      36
      37
      32
      23
      28
      22
      17
      25
      28
      23
      25
      22
      26
      29
      32
      25
      38
      33
      39
      32
      24
      30
      22
      33
      38
      29
      30
      40
      42
      34
      30
      34
      34
      32
      26
      40
      38
      31
      39
      33
      29
      33
      31
      33
      42
      30
      41
      38
      39
      31
      40
      40
      38
      26
      30
      33
      28
      31
      31
      40
      26
      32
      20
      25
      35
      28
      31
      24
      19
      26
      23
      25
      27
      32
      17
      35
      27
      25
      32
      24
      25
      36
      23
      39
      32
      32
      28
      31
      24
      29
      25
      28
      16
      29
      34
      31
      15
      31
      25
      20
      20
      28
      27
      24
      29
      25
      22
      34
      25
      26
      30
      25
      23
      36
      25
      36
      22
      24
      28
      32
      35
      28
      21
      32
      26
      32
      30
      37
      25
      29
      25
      23
      41
      21
      38
      25
      30
      26
      31
      28
      42
      28
      22
      24
      30
      38
      27
      41
      24
      31
      28
      34
      31
      39
      48
      38
      51
      49
      34
      49
      50
      29
      41
      32
      40
      40
      26
      39
      22
      22
      30
      24
      17
      36
      24
      33
      20
      22
      24
      37
      21
      23
      23
      28
      28
      27
      25
      27
      24
      21
      27
      34
      24
      20
      18
      26
      21
      33
      29
      31
      31
      26
      29
      22
      24
      27
      28
      24
      22
      25
      24
      24
      33
      30
      30
      27
      19
      32
      27
      30
      22
      29
      23
      16
      24
      30
      24
      31
      30
      18
      27
      32
      34
      26
      28
      27
      26
      23
      22
      18
      28
      40
      25
      34
      24
      28
      31
      25
      26
      16
      20
      25
      22
      14
      23
      26
      30
      15
      18
      30
      18
      27
      15
      22
      27
      26
      27
      32
      20
      29
      21
      31
      32
      18
      24
      21
      38
      24
      33
      24
      29
      28
      21
      26
      11
      26
      20
      18
      27
      30
      11
      29
      21
      21
      35
      32
      27
      27
      26
      20
      25
      36
      26
      31
      25
      21
      26
      24
      27
      25
      34
      22
      35
      31
      25
      32
      26
      31
      22
      30
      24
      28
      30
      20
      18
      27
      27
      20
      27
      21
      22
      23
      23
      35
      16
      18
      23
      22
      27
      30
      25
      23
      29
      31
      21
      37
      29
      18
      32
      31
      26
      29
      34
      28
      31
      18
      36
      24
      30
      23
      27
      23
      28
      26
      38
      28
      22
      24
      31
      32
      38
      37
      32
      41
      35
      36
      32
      35
      40
      37
      35
      30
      31
      25
      22
      29
      25
      33
      23
      22
      24
      20
      24
      23
      30
      21
      25
      27
      26
      20
      25
      35
      21
      23
      28
      22
      22
      18
      16
      24
      14
      28
      21
      21
      21
      20
      31
      22
      27
      30
      29
      21
      25
      26
      24
      25
      30
      23
      27
      24
      30
      19
      26
      16
      26
      20
      30
      25
      33
      29
      25
      23
      25
      20
      16
      26
      25
      28
      33
      28
      24
      20
      25
      23
      27
      22
      20
      20
      24
      16
      24
      18
      17
      18
      25
      21
      19
      31
      28
      17
      29
      17
      17
      24
      35
      24
      30
      26
      22
      18
      18
      25
      28
      23
      23
      23
      20
      25
      20
      25
      25
      25
      22
      27
      27
      22
      25
      20
      23
      31
      23
      21
      30
      26
      25
      22
      22
      29
      31
      29
      21
      20
      29
      22
      19
      25
      22
      26
      24
      16
      23
      20
      19
      16
      18
      17
      24
      18
      21
      29
      19
      29
      22
      29
      30
      26
      20
      28
      37
      19
      17
      20
      23
      24
      27
      28
      28
      18
      23
      21
      19
      22
      27
      21
      23
      38
      25
      20
      18
      20
      26
      25
      22
      28
      32
      19
      20
      22
      17
      31
      23
      31
      25
      41
      28
      31
      26
      30
      21
      21
      46
      23
      20
      30
      21
      26
      24
      24
      29
      23
      24
      13
      22
      17
      23
      18
      28
      24
      24
      20
      18
      24
      22
      25
      24
      20
      17
      21
      18
      20
      22
      21
      19
      24
      27
      20
      18
      23
      24
      19
      13
      25
      19
      25
      20
      21
      14
      19
      35
      23
      22
      20
      14
      23
      23
       9
      19
      17
      18
      25
      30
      17
      17
      15
      19
      19
      20
      25
      14
      25
      17
      20
      19
      24
      14
      19
      21
      16
      22
      20
      22
      20
      21
      21
      25
      24
      24
      27
      25
      22
      19
      19
      20
      20
      18
      20
      23
      23
      25
      25
      18
      16
      24
      15
      22
      22
      24
      19
      21
      16
      13
      25
      19
      27
      29
      23
      21
      30
      19
      27
      28
      22
      18
      22
      26
      14
      28
      22
      22
      30
      24
      28
      32
      17
      11
      22
      23
      27
      30
      16
      25
      20
      23
      20
      16
      17
      24
      23
      11
      17
      15
      22
      21
      17
      26
      31
      19
      32
      26
      30
      26
      32
      20
      18
      23
      23
      28
      27
      25
      18
      16
      29
      17
      21
      24
      21
      21
      25
      19
      19
      26
      21
      16
      22
      16
      17
      20
      22
      22
      17
      14
      21
      18
      22
      24
      28
      27
      23
      33
      18
      18
      28
      21
      26
      25
      25
      24
      22
      24
      23
      21
      22
      19
      17
      19
      27
      19
      15
      13
      17
      26
      19
      19
      12
      25
      15
      21
      20
      21
      16
      24
      26
      19
      15
      20
      30
      13
      24
      27
      17
      26
      22
      18
      22
      19
      22
      22
      26
      17
      18
      22
      18
      11
      16
      30
      16
      21
      18
      20
      23
      22
      24
      21
      23
      23
      25
      14
      15
      30
      21
      25
      24
      20
      24
      25
      21
      24
      16
      24
      16
      19
      13
      24
      18
      14
      19
      15
      27
      14
      19
      14
      19
      28
      22
      19
      19
      21
      24
      15
      11
      17
      20
      20
      21
      12
      16
      16
      16
      26
      22
      26
      20
      20
      19
      20
      14
      17
      23
      11
      15
      19
      19
      18
      27
      10
      18
      20
      27
      29
      24
      21
      13
      17
      27
      15
      15
      20
      27
      29
      26
      26
      18
      24
      21
      13
      29
      17
      20
      16
      13
      18
      14
      25
      18
      29
      24
      21
      25
      23
      25
      31
      18
      27
      20
      22
      25
      20
      20
      15
      20
      14
      27
      31
      15
      17
      19
      20
      21
      20
      14
      14
      18
      20
      25
      22
      16
      27
      28
      17
      23
      22
      26
      26
      16
      25
      25
      19
      19
      23
      16
      19
      23
      19
      18
      22
      16
      23
      23
      27
      31
      17
      12
      20
      19
      23
      20
      20
      24
      23
      16
      19
      21
      18
      17
      24
      21
      22
      22
      19
      16
      19
      22
      18
      18
      16
      18
      14
      20
      12
      14
      17
      20
      15
      23
      14
      17
      21
      27
      20
      12
      16
      17
      25
      16
      21
      15
      19
      20
      23
      15
      23
      16
      20
      16
      20
      21
      19
      17
       9
      18
      22
      13
      24
      20
      13
      15
      18
      14
      29
      23
      20
      21
      28
      27
      12
      23
      22
      17
      11
      26
      20
      19
      21
      24
      13
      22
      18
      24
      14
      13
      21
      15
      14
      15
      18
      14
      17
      18
      14
      14
      15
      21
      16
      17
      19
      13
      22
      19
      23
      20
       8
      17
      21
      20
      19
      19
      14
      14
      17
      12
      17
      17
      19
      15
      18
      21
      13
      18
      15
      15
      29
      20
      18
      13
      16
      19
      14
      15
      16
      14
      20
      22
      16
      20
      17
      10
      11
      15
      19
      12
      18
      21
      23
      17
      19
      18
      17
      14
      13
      17
      14
      12
      13
      21
      25
      17
      16
      20
      15
      13
      16
      19
      11
      16
      25
      16
      20
      13
      23
      23
      14
      14
      20
      14
      13
      17
      20
      21
      16
      14
      17
      19
      20
      14
      18
      13
      17
      17
      19
      19
      17
      22
      18
      13
      14
      10
      18
      13
      10
      16
      13
      12
      18
      21
      15
      12
      23
      13
      16
      19
      22
      16
      19
      18
      21
      19
      14
      15
      26
      17
      15
      18
      15
      19
      16
      12
      27
      13
      26
      11
      15
      29
      19
      15
      20
      22
       8
      16
      15
      13
      14
      12
      13
      22
      18
      13
      15
      14
      14
      11
      15
      21
      21
      11
      20
      13
      21
      15
      17
      15
      14
      12
      15
      23
      15
      28
      12
      19
      18
      20
       9
      22
      12
      12
      18
      18
      20
      21
      18
      13
      12
      13
      15
      15
      24
      12
      12
      15
      15
      17
      13
      22
      18
      15
      14
      15
      15
      14
      16
      20
      28
      17
      12
      15
      16
      16
      17
      12
      10
      23
      12
      15
      13
      17
      13
      14
      11
      19
      17
      19
       9
      27
      20
      18
      17
      16
      15
      12
      16
      21
      15
      18
      24
      16
      14
      22
      21
      21
      11
      11
      11
      18
      28
       9
      20
      11
      15
      11
      14
      13
      19
      20
      30
      14
      21
      17
      18
      11
      14
      18
      13
      17
      15
      18
      21
      14
      21
      12
      18
      12
      18
      20
      13
      20
      19
      15
      17
      16
      16
      15
      13
      16
       9
      15
      12
      12
      23
      24
      17
      16
      23
      21
      15
      17
      12
      10
      13
      18
       6
      22
      20
      14
      11
      18
      12
       9
       9
       8
      12
      18
      15
      15
      16
      19
      19
      13
      16
      17
      15
      14
      21
      10
      19
      21
      12
      17
      18
      10
      18
      16
      12
      10
      10
      18
      15
      19
      16
      19
      18
       9
      15
      20
      15
      15
      11
      17
      12
       9
      10
      14
      21
      20
      23
      19
      11
      11
      17
      14
      16
      15
      14
      14
      21
      22
      15
      26
      13
      15
      11
      25
      22
      20
      15
      17
      16
      22
      16
      19
      24
      25
      12
      16
      22
      19
      14
      21
      17
      14
      18
      11
      19
      14
      16
      11
      11
      16
      14
      11
      11
      14
       6
      12
      19
      13
      17
      20
       9
      15
      17
      16
      15
      16
      14
       8
      12
      18
      10
      17
      10
       8
      10
      13
      13
      18
      10
      12
       7
      24
      16
      23
      11
       9
       7
      20
      17
      18
      11
      13
      11
      18
      16
       8
      13
      12
      15
      12
      14
      11
       9
      15
      17
      15
      16
      15
      19
      24
      13
      12
      22
      13
      20
      11
      15
      12
      15
      10
      20
      19
      17
      14
      14
      16
      15
      17
      25
      21
      13
      11
      17
      16
      16
      11
      18
      12
      18
      15
      19
      11
      20
      26
      10
      18
      11
      18
      16
      16
      19
      15
      19
      17
      19
      12
      24
      21
       8
      10
      14
      11
       7
      18
      23
      15
      10
      16
      13
      10
      21
      12
       8
      18
      14
      13
      12
       8
      14
      13
      13
      10
      11
      14
      12
      13
      11
      14
      13
      13
      13
      13
      11
      14
      17
      14
      15
      10
       9
      15
      14
      17
      15
      17
       8
      24
      18
      15
      21
      21
      21
       6
       6
      14
      20
      15
      15
       9
      18
      16
      16
      14
      19
      24
      17
      20
      12
      17
       9
      13
      17
      21
      13
      14
      17
      17
      13
      12
      16
      13
      14
      18
      15
      15
      16
      13
      13
      10
      14
      16
      12
      13
      13
      17
      10
      15
       5
      16
      10
       7
      16
       4
      12
      10
      17
      13
      18
      15
      15
      10
       8
      14
      20
      14
      21
      16
       8
      13
      16
      19
       8
      14
      19
      17
      15
      15
      15
      21
      17
      23
      23
      15
      23
      21
      16
      26
      18
      20
      25
      23
      27
      27
      28
      27
      23
      20
      23
      39
      19
      27
      34
      44
      33
      32
      43
      34
      41
      43
      43
      43
      45
      47
      42
      63
      40
      42
      41
      36
      42
      32
      31
      27
      33
      20
      19
      15
      13
      17
       8
      17
      14
      10
      15
      17
      19
      13
      17
       6
      16
      17
       8
      10
      17
       8
      13
      13
      15
      14
      10
      19
      10
      13
      11
       7
      15
      13
      11
      13
      11
      16
      22
      18
      17
       8
      15
      11
       6
      13
      13
      11
      20
      13
      13
      18
      11
      16
      11
      16
      12
      17
      15
      11
      12
      15
      12
      16
      11
      12
      11
      18
      11
      11
      17
      15
      12
      11
      13
       8
      14
       5
       5
      14
      12
      11
       9
      10
      10
      10
      16
      11
      11
      10
       8
      18
      11
      20
      12
      16
       9
      16
      13
      10
      12
      17
      12
       8
      11
      15
       7
      10
      11
      10
      13
       8
      10
      18
      11
      10
      12
      19
      11
      10
      14
      11
       5
      14
       9
      11
      15
      15
      14
       8
      12
       5
      10
      12
      10
      13
      11
      11
      14
      16
      13
       7
      13
      17
       8
      10
      12
      15
      13
      11
      17
      17
      18
      13
      15
       8
       8
      11
      14
      24
       7
       8
      10
      14
      13
      11
      17
      12
       6
      12
      14
      16
      15
      10
       7
       9
       7
      12
      16
      15
      10
      13
       8
      13
       9
      17
      13
      17
       9
      15
      11
      16
      10
       8
      18
      13
      10
      10
       7
       7
      11
       8
      13
       9
       7
      10
      13
      10
      13
      12
      13
      16
       7
      18
      11
       8
      11
      17
      14
      10
      18
      13
      12
      11
      11
      14
      13
      13
      16
      11
      14
      12
      15
       8
      13
       9
      13
      17
      20
       9
       8
      11
       8
      10
      10
      12
      12
      16
      15
       9
      26
      10
      15
      14
      16
      14
      11
      13
      15
      13
      16
       8
      17
      14
      19
      10
      11
      16
      18
       5
      10
       8
      15
      13
       9
      13
       9
      12
      12
       9
      12
      11
      19
      10
      12
      15
      12
       8
      13
      13
       7
      12
       6
       6
      15
      10
      12
       9
      14
      10
      15
       5
      11
      11
      13
       8
      15
      13
      12
      12
      10
       8
      11
      11
      10
       9
      10
      12
      10
      13
      13
       9
      12
       7
      15
       7
       7
      16
      17
      14
      16
       9
       8
       8
      12
      12
      12
      14
       8
       7
       7
       9
      14
       6
      11
      13
      12
      21
      12
      17
      11
      15
      12
      13
      12
       9
       8
      13
       9
      14
      13
      13
      15
      15
       7
      12
       6
      13
      12
      12
      12
      11
       9
      12
      10
       8
      13
      12
      15
      12
      10
      17
      12
      15
       8
      11
      11
       9
      15
      13
      10
      15
       5
       6
      11
       5
      15
      17
      10
      11
      11
      11
      12
      13
      14
      11
      14
      15
       9
      11
      10
      15
       9
      12
      10
      11
      15
      16
      13
       9
      11
       8
       9
       9
       9
      16
      12
       6
       2
      24
       8
      16
      13
      16
      21
      12
      13
      11
      19
      16
      12
      12
      15
      20
      12
      15
      10
      21
      11
      10
      11
      14
      14
      18
      17
       8
      15
      16
       9
      10
      13
      10
       8
      12
       8
      11
      11
      12
      16
       9
      10
       6
      12
      11
      12
       6
       5
       8
      13
      10
      15
       9
       6
      13
       5
      12
      12
       8
       8
      12
       8
      11
      10
      17
       6
      11
       6
       9
      11
       8
      15
      14
      12
      12
       5
      11
       9
       6
       8
      13
       8
      10
      10
       8
      15
      12
      11
      10
       9
      11
      12
       7
       9
      10
      12
       9
      11
      11
      14
      10
      10
      14
      10
       8
      10
      13
       8
      10
       8
      12
      15
      12
      17
      13
      12
       9
      14
      15
      13
       8
      14
      12
       7
      11
      14
      10
      12
       8
       6
      11
      16
       9
       9
      12
       1
       9
      11
      11
      10
      11
       7
       7
      10
      10
      16
      11
      16
       8
      11
      11
      16
      11
       6
       9
      11
       8
      15
       7
       7
      12
       7
      10
      13
      11
      12
      15
       7
       9
       6
      10
      16
      16
       6
      11
      14
      13
      12
      10
       9
      17
      10
       8
      14
      11
      13
      19
       8
      13
      11
       8
       7
      11
      11
      12
      16
       8
      11
       9
       6
      16
      14
       8
      11
      10
       8
      12
       7
      11
       9
       7
      10
      12
       7
       7
      15
       5
      17
       8
       7
       5
       9
       5
      15
       7
      10
       7
      12
      10
      10
      11
       7
       3
      10
      13
      14
      14
      10
       4
      10
      13
       8
       5
      10
      10
      11
      11
       7
      13
      12
      15
      12
      12
       4
      14
      12
       8
      12
       6
       7
       9
      11
      11
       9
      11
       8
      14
      14
      10
       9
       5
       4
       9
      15
      11
      17
       5
       7
      10
       7
       8
       7
       2
      16
      18
      12
      11
       8
      12
      11
      14
       9
      10
      11
       8
      17
      15
      10
       9
       3
       6
      12
      10
       6
       8
       9
       9
      10
      10
      15
       7
      13
       8
      13
      14
      10
      10
      10
      14
      11
       5
      17
      14
      10
       8
      14
      12
      15
      11
      11
      18
       8
      13
       5
       7
      10
       5
      11
      11
      11
       9
       9
      13
      15
       9
      11
       7
      11
       9
      10
       9
      11
       9
      10
      12
       5
       9
       7
      10
       9
      10
      10
       8
       8
      12
       7
      11
      13
      11
       9
      10
      14
       8
       6
      12
      14
      14
       6
      14
      13
       1
      10
      11
       7
      18
       6
       7
      10
       7
      10
      11
      14
       5
       4
      12
      10
       9
      10
      12
       9
      12
       9
      10
      12
      12
       9
      11
      10
      10
      15
      11
       7
       8
      10
       8
      13
       7
      10
       7
      14
      14
       9
      12
       3
      11
       7
       9
       7
       6
      12
       9
      13
       4
       5
      11
      12
      11
       8
       8
      12
       9
      11
       4
      10
       4
      10
       5
       4
      13
      14
       5
      14
      13
       9
      10
       7
       4
      12
      10
       6
      15
      10
       8
       9
       5
       5
      12
      12
      11
       8
      11
      14
       5
      10
      14
      10
       8
      13
       3
      10
      11
       7
       6
       9
       7
      13
      15
      14
       6
      10
      13
       8
      14
       7
       4
       4
       9
      15
      15
      11
      10
       4
      16
       7
      11
       9
       9
      13
       8
       6
      12
       5
       5
      17
       9
      15
       9
      11
       7
      13
       9
       6
       5
      14
      11
       8
       7
       7
      13
      10
      10
       7
       7
       6
      12
      14
       7
      17
      12
       6
       9
      10
       3
       8
       7
      10
       8
      10
       8
      16
      10
      13
      10
      10
       6
       5
       9
      10
       7
       6
       9
      10
       8
       6
      12
       9
       5
       8
       2
      12
      15
      10
      14
      10
       9
       7
       7
       7
      11
       7
       5
       8
       8
       4
      17
      23
      11
      11
      11
       7
      11
      13
      12
      14
      14
      13
       8
      20
      16
      17
      10
      10
       9
      11
      16
      19
      19
      16
      13
      14
       7
      13
      20
       6
      22
      20
      23
      13
      28
      20
      16
      19
      16
      19
      20
      13
      16
      14
      15
      17
      16
      12
      19
      12
      15
      13
      17
       7
      13
      10
      10
       9
       9
       6
       8
       4
       8
       9
       5
       7
       6
       7
      10
      12
       6
      11
      10
       3
       8
       8
       8
       8
       7
       6
      11
       7
      13
       9
       6
      13
       8
       7
       7
      13
       8
      11
       7
      11
       9
       7
      13
       7
      11
       8
      10
       8
       8
      10
       5
      10
       9
       8
      10
       4
      12
       7
       7
      12
       6
      14
       8
       6
      11
      11
      13
      10
       9
      10
      10
       9
      10
       7
       8
      12
       5
       9
       9
      10
       9
       5
      14
       9
      10
       9
       7
       4
       3
      10
       7
       4
      12
       6
       8
       9
       9
      12
      10
       7
       7
       6
       7
      10
       5
      10
       7
       4
      12
       6
       9
       2
       8
       6
       6
      12
       9
       6
      13
       8
       4
       6
       8
      11
      11
      11
      12
       7
       8
       7
       9
       6
       7
      10
       9
       5
      12
      15
       9
      11
       6
       7
       8
       7
       9
       7
       6
       7
      12
      11
      10
       8
       7
       8
       6
       5
      11
      12
       6
      10
       9
       8
       5
       7
       8
       8
       8
       5
      11
       2
      10
       5
       3
       7
       4
       8
      11
       5
       9
      10
      13
      10
       8
       9
      14
      16
      11
       4
       8
       9
       7
       8
      11
       4
       8
       6
      12
      11
       9
      10
       8
       7
       7
       9
       6
      14
      13
       9
       3
       7
      10
       3
      11
      10
       3
       8
       6
      12
       6
      12
       8
      12
       7
      13
      12
      12
       9
      12
      14
      13
       6
       9
      13
       8
       9
       5
       7
       5
       2
       5
      12
      11
       7
      11
       4
      10
       8
       7
       5
      12
      13
       9
       7
      10
      11
      10
       6
       5
       9
       6
      11
      11
       8
       8
      16
       5
       8
      14
      11
      14
       9
       8
       9
       4
      13
      11
       5
       8
       9
      14
       6
      10
       7
       8
       7
       8
      12
      11
      10
       6
       9
       9
       7
       4
       8
      11
      10
       7
       8
      10
      14
       4
      13
      10
       6
       4
      11
       9
      10
       9
      11
       8
      11
       8
       3
       6
       8
      13
       5
       9
       8
       6
       4
       3
       5
       9
       7
       7
      12
       3
       9
       7
      10
      11
      10
      12
      12
       5
      10
       9
      11
       9
       3
      11
       5
       9
      12
       6
       8
       9
       9
       8
      11
       7
       9
      10
      10
      10
       9
       7
      12
       6
      12
       8
       4
      13
       6
       9
       6
       5
      11
       8
      11
       5
      10
      10
       8
       6
       8
       4
      12
       8
       8
       5
       8
       5
      11
      13
      10
       6
       6
       8
      12
      10
       3
       9
       5
       8
       8
       9
       4
      12
       9
       8
       2
       7
       9
       8
       5
       6
       3
       4
       9
       7
      13
      10
      15
       6
       4
       6
       8
       9
       8
       8
      14
       6
      11
       7
      13
      11
       8
       6
       5
       9
       8
       5
      11
       9
       5
       7
       7
       3
       9
      12
      11
       9
      10
       8
       8
       9
       9
      13
      11
      13
      14
       5
       8
      10
       7
       5
       7
      10
      10
      11
       7
       5
       5
       3
       7
       9
       6
       7
       9
       4
       7
      10
       5
      11
      11
       7
       7
       8
       4
       8
       7
      13
       6
       5
       6
       7
       6
      10
       6
      10
       9
      11
       6
      10
       7
      10
       7
      12
       4
      11
      10
      10
       6
       6
       5
      13
       7
       5
       6
       6
       6
       6
       8
       5
      20
       6
      10
      11
      10
       8
       3
       6
       9
       6
       4
      10
       7
       5
       4
       5
      10
       8
       5
       8
      16
       7
       7
       7
       7
       9
       9
       8
       7
       4
       4
      10
      10
      10
       4
      13
      12
       8
       9
       3
      11
      12
       7
       7
      10
       5
       4
       6
       7
       7
       9
       7
       6
       7
       9
       5
       7
      10
       5
       9
       6
       8
      14
      10
       5
       7
       6
      13
      12
       5
      11
       7
       4
      10
       9
       6
       9
       8
       6
       7
      11
       7
       3
       7
       7
       8
       6
       5
       4
       7
       2
      11
       7
       3
       5
       7
       6
       4
      10
       8
       8
       8
       9
       8
       5
       8
       9
       2
       4
       5
      10
       5
       4
       5
       6
       5
       6
      10
       4
       9
      14
      10
      10
       3
      13
       8
       7
       6
      11
       7
      12
      13
       7
      11
      13
       7
       7
       6
      11
       7
       8
       9
       8
       8
       8
       6
       7
      10
      12
       7
       4
       7
      12
       6
       9
       6
       6
       9
       8
       9
      10
       6
       6
       7
      10
       9
       7
      12
       9
       7
       4
       7
      10
       8
       7
       3
       6
       8
       8
       9
       2
       5
       7
       7
       3
       8
       5
       6
       6
       8
       9
       3
       3
       5
       7
       6
       6
       7
       9
       4
       8
       5
       4
       9
       4
       3
       8
       8
       8
       9
       5
       8
       2
       7
      14
       9
      11
       7
      10
      11
       5
       9
       6
      14
       8
       6
       3
       8
       7
       7
       4
       3
       9
      10
       6
       7
      11
      11
       6
       4
      12
       9
       6
       8
      10
      10
       7
      11
       5
      11
       4
      11
       6
       5
       4
       6
       8
       8
       9
      11
       6
       5
       5
       4
      10
       3
      10
      10
       8
       8
       5
       8
       6
       5
       5
       8
       6
       7
      11
      11
       5
       8
       3
       2
       9
       7
       7
       2
       3
       8
       6
       4
       4
      10
       5
      12
       2
       4
       9
       7
       5
       6
       5
      11
       5
       7
      11
       8
       2
       9
      10
       6
       0
       4
       8
       8
       9
       5
       8
       8
       6
       5
      10
       5
       5
       6
       8
       9
       9
      10
       8
       5
       4
       8
      16
       7
       6
       9
       1
       6
       3
       9
      14
       9
       8
       7
       6
       2
      10
       8
       9
       4
       5
       5
       9
       7
       7
       8
       6
       5
       5
       5
       8
       2
      10
      10
       7
       3
       7
       9
       8
       3
       1
       4
      10
       7
       4
       6
       1
       5
       8
       9
       4
       7
       8
       4
       4
       5
       8
       7
       7
       9
       6
       7
       7
       3
       7
       5
      12
       5
       6
       5
       6
       5
      10
       9
       5
      10
       4
       4
       7
       6
      12
       9
      10
       5
       4
       8
       6
       8
       7
       4
       9
      14
       9
       6
       5
      10
      11
       6
       5
       6
       7
       6
       9
       5
       6
       7
       2
       9
       3
       6
       3
      10
       4
       6
       8
      10
       8
       7
       6
       5
       7
       6
       6
       4
       3
       6
       4
       4
       5
      10
       6
       6
      11
       5
       7
       7
       4
       8
       8
       6
       4
       1
       4
       9
      10
       6
       4
       6
       3
       8
       4
       7
       6
      11
       6
       7
       6
       9
      10
       5
       6
       8
      13
       5
       8
       6
       5
       3
       7
       5
       6
       8
      11
       5
       4
      11
       9
       5
       4
       2
       4
       5
       6
       5
       3
       6
       7
       5
      13
       3
       8
       9
       4
      13
       5
       7
       8
       8
       9
       8
       7
       4
       9
       3
       4
       5
       5
       2
       8
       8
       7
       4
       5
       6
       6
       8
       6
       7
       8
       7
       5
       6
       9
       5
       6
      10
       5
       7
      11
      10
       6
       8
       3
       7
       5
       6
       7
       7
       5
       7
      10
      11
      10
       4
       2
       6
       4
      10
       5
       8
      10
       6
       6
       4
       5
       6
       6
       6
       7
       7
       2
       5
      10
       7
       6
       3
       5
       7
       4
       7
       8
       4
       9
       5
       8
       8
      10
       4
       6
       9
       6
       8
       5
       8
       7
       5
       6
      10
      10
       9
      15
       8
      13
       9
      12
       9
       5
       6
       9
       4
       5
       2
      10
       5
       5
       9
      13
       9
       8
      13
       9
       9
       5
       5
       8
      14
      12
       5
      14
       9
       4
       8
       3
       9
       9
      10
       6
       7
      16
       7
       5
       9
       7
       6
       9
       7
       7
      14
       5
       8
       7
       8
       6
      12
       4
       7
       9
       7
       4
       8
       7
       4
       6
      10
       8
       4
       6
       7
       9
       9
      12
      10
       7
       9
       5
       8
       5
      10
       5
       6
       4
       8
      11
       9
       3
       3
       5
       7
      11
       5
       8
       9
       9
       7
       7
       4
       9
      10
       8
       6
       3
       6
       7
       5
       5
      12
       6
       6
       8
       9
       5
       6
       7
       5
       6
       7
       3
       3
       5
       7
       8
       5
       5
       6
       8
       6
       4
       7
       8
       4
       8
       9
       4
       5
      11
       7
       8
       8
       4
       3
       7
       9
       8
       7
       5
       8
       8
       9
       7
       3
       5
       5
       7
       6
       5
       6
       9
       7
       5
       9
      11
       8
       3
      11
       1
       8
       7
       4
       6
       4
       6
       6
       2
      10
       3
       8
       1
       7
       4
      11
       9
       7
       6
       1
       6
       8
       7
       9
       6
       4
       2
       4
       6
       5
       3
       7
      12
       8
       5
       3
       4
      12
       4
       4
       5
       4
       5
       7
       6
       4
       4
       6
       4
      10
       4
       5
       6
       4
       7
       7
       6
       9
       7
       3
       9
       5
       4
      10
       8
       3
       6
       6
       5
       6
       7
       5
       9
       5
       4
       4
       6
       7
       3
      10
       7
       7
      14
       5
       9
       6
       9
       3
       3
       4
      14
       5
       7
       4
       7
       8
       4
       3
       4
       2
       6
       8
       2
       4
       5
      10
       6
       7
       8
       5
       5
       2
       8
       4
       6
      13
       9
      11
       3
       9
       3
       5
      11
       6
       5
       2
       5
       6
       2
       6
       7
       4
       5
       6
       2
       7
       4
       9
       9
       0
       4
       6
       7
       3
       6
       6
       6
       9
       5
       4
       9
       9
       6
      12
       7
       4
       1
       8
       9
       7
       7
       8
       5
       7
       4
       6
       6
       9
       4
       3
       6
       7
       7
       7
       6
       5
       3
       4
       6
       7
       8
      10
       9
       7
       4
       7
       7
      11
      10
       3
       9
      10
       8
       5
       8
       3
       3
       8
       6
       9
       4
       5
       6
       5
       7
       8
       3
      10
       8
       7
       8
       5
      12
       6
      11
      12
       8
       8
      10
       5
       8
      10
       8
       8
       8
       7
       7
       8
      11
      12
       4
       9
      10
       6
       5
       9
       7
       1
       1
       9
       7
       3
       8
       3
       7
       2
       5
       6
       8
       8
      10
       7
       6
       7
       9
      10
       4
       6
       9
       8
       6
       7
       2
       3
      13
       6
       6
       6
       3
       7
       3
       5
       3
       9
      10
       4
       6
       5
       2
      13
       7
       7
      11
       7
       8
       5
       5
       9
       6
       3
       6
       7
       0
       4
       9
       8
      10
       6
       8
       6
       5
      13
       8
       4
       7
       5
       5
       6
       6
       5
       3
       6
       6
       7
       2
       5
       3
       8
       4
       3
       5
       6
       5
      11
       6
       4
       9
       9
       9
       8
       7
       4
       8
       2
       5
       6
       4
       5
       5
       4
       5
       4
       4
       3
       2
       4
       6
       6
       5
      10
       4
       6
       7
       9
       8
       3
       5
       5
       4
       9
       9
       5
       3
       4
       8
       7
       8
       7
       4
       6
       3
       5
       4
       4
       5
       9
       8
       9
       4
       5
       7
       7
       5
       5
       2
       2
       5
       7
       5
       4
      14
       4
      11
       4
       8
       7
       5
       6
       5
       6
       7
       4
       6
       4
       7
       7
       6
       8
       6
       3
      12
       6
       5
      15
       8
       9
       6
       6
       4
       6
       7
       3
       2
       5
       2
       1
       3
      10
       8
       4
       7
       4
       8
       5
       6
       5
       6
       6
       5
       5
       3
       6
       3
       7
       2
       7
      10
       8
       2
       6
       9
       3
       4
       5
       5
       4
       6
       3
       6
       3
       8
       6
       8
       4
       3
       6
       7
       4
       4
       5
       9
       3
      10
       6
       7
       2
       4
       5
       6
       8
      10
       4
       6
       3
       4
       0
       4
      10
       9
       6
       7
       5
       2
       6
       3
       6
       6
       4
       4
       5
       8
       7
       4
       7
       1
       9
       4
       5
       2
       6
       8
       7
       5
       6
       2
       6
      10
       4
       6
       4
       7
       7
       5
       5
       7
       2
       6
       7
       5
       6
       5
       6
       5
       8
       8
       3
       8
       3
       4
       8
       6
       6
       4
       8
       3
       7
       4
       8
      10
       7
       6
       7
       5
       5
       2
       8
       8
       3
       8
       8
       5
       6
       4
       6
       0
       0
       0
       0
       0
       0
       0
       0
       0
       0
       0
       0
       0
       0
       0
       0
       0
       0
       0
       0
       0
       0
       0
       0
       0
       0
       0
       0
       0
       0
       0
       0
       0
       0
       0
       0
       0
       0
       0
       0
       0
       0
       0
       0
       0
       0
       0
       0
       0
       0
       0
       0
       0
       0
       0
       0
       0
       0
       0
       0
       0
       0
       0
       0
       0
       0
       0
       0
       0
       0
       0
       0
       0
       0
       0
       0
       0
       0
       0
       0
       0
       0
       0
       0
       0
       0
       0
       0
       0
       0
       0
       0
       0
       0
       0
       0
       0
       0
       0
       0
       0
       0
       0
       0
       0
       0
       0
       0
       0
       0
       0
       0
       0
       0
       0
       0
       0
       0
       0
       0
       0
       0
       0
       0
       0
       0
       0
       0
$ROI:
0
$PRESETS:
None
0
0
$ENER_FIT:
-2.173939 0.279251
$MCA_CAL:
3
-2.173939E+000 2.792507E-001 0.000000E+000 keV
$SHAPE_CAL:
3
1.571259E+001 -1.155430E-003 0.000000E+000
