$SPEC_ID:
226Ra
$SPEC_REM:
DET# 1
DETDESC# MCB 132 Input 1
AP# Maestro Version 6.06
$DATE_MEA:
12/01/2021 09:16:01
$MEAS_TIM:
173020 173034
$DATA:
0 8191
       0
       0
       0
       0
       0
       0
       0
       0
       0
       0
       0
       0
       0
       0
       0
       0
       0
       0
       0
       0
       0
       0
       0
       0
       0
       1
    1523
   14826
    1446
     423
     356
     366
     319
     398
     386
     422
     435
     410
     415
     396
     440
     471
     451
     475
     372
     339
     327
     333
     270
     313
     308
     260
     314
     269
     290
     280
     270
     251
     231
     261
     235
     218
     230
     208
     223
     206
     209
     181
     227
     211
     177
     208
     213
     179
     194
     195
     195
     174
     178
     176
     181
     180
     171
     181
     162
     171
     182
     178
     167
     152
     138
     182
     148
     151
     154
     167
     137
     142
     150
     152
     155
     129
     143
     131
     146
     126
     148
     144
     152
     146
     109
     134
     111
     152
     114
     140
     133
     132
     122
     116
     121
     111
     116
     126
     114
     117
     124
     120
     147
     109
     115
     128
     103
     143
     120
     119
     118
     127
     120
     133
     120
     109
     122
     117
     127
     108
     117
     120
     105
     123
     123
     114
     120
     117
     122
     112
     114
     125
     104
      98
     127
     121
     108
     111
     118
     109
     115
     102
     104
      98
     129
     192
     230
     204
     154
     111
     111
     103
     102
     111
     112
     120
     120
     106
     109
     121
     120
      99
     116
     112
     100
     111
     112
     101
      96
     119
     142
     136
     133
     132
      95
     123
     118
     126
      97
     127
      92
     116
      91
     119
     108
     125
      96
     113
     108
     100
     113
     129
     134
     161
     118
     118
     127
      91
     112
     104
     115
     100
     114
     138
     206
     308
     337
     290
     193
     104
     103
     113
     101
     109
     105
     124
     126
     122
     110
     113
     127
     117
     118
     115
     103
     112
     118
     126
     118
     115
     119
     105
     114
     123
     106
     120
     136
     146
     135
     165
     170
     147
     136
     129
     162
     170
     201
     228
     233
     216
     161
     128
     129
     149
     152
     177
     184
     143
     141
     125
     126
     138
     142
     137
     127
     115
     124
     144
      97
     147
     146
     133
     119
     146
     123
     126
     126
     134
     154
     159
     188
     195
     200
     187
     186
     160
     139
     120
     138
     154
     166
     174
     144
     170
     143
     130
     140
     129
     127
     134
     155
     145
     180
     133
     124
     125
     159
     150
     251
     467
     581
     617
     484
     375
     215
     165
     124
     142
     135
     146
     142
     120
     130
     132
     139
     105
     115
     135
     137
     142
     135
     159
     155
     142
     116
     128
     125
     127
     125
     125
     134
     112
     108
     115
     119
     161
     121
     141
     118
     119
     120
     100
     119
     116
     115
     128
     148
     134
     132
     121
     134
     101
     141
     121
     148
     123
     130
     113
     134
     143
     147
     127
     131
     121
     138
     129
     125
     142
     151
     130
     148
     157
     165
     173
     154
     154
     130
     124
     108
     129
     133
     150
     110
     127
     116
     124
     110
     130
     142
     145
     136
     141
     134
     147
     118
     128
     151
     130
     141
     141
     131
     157
     135
     132
     131
     131
     116
     131
     149
     152
     142
     110
     144
     118
     131
     132
     138
     137
     130
     131
     155
     124
     157
     129
     134
     131
     126
     132
     158
     116
     126
     146
     133
     131
     135
     171
     120
     122
     148
     123
     162
     123
     140
     157
     136
     111
     125
     146
     127
     129
     124
     125
     133
     113
     142
     142
     134
     144
     154
     123
     136
     142
     127
     119
     135
     142
     146
     123
     151
     135
     145
     166
     126
     110
     156
     124
     120
     126
     140
     129
     126
     173
     197
     178
     215
     171
     151
     145
     140
     109
     142
     143
     127
     150
     140
     129
     136
     135
     121
     130
     136
     133
     136
     137
     137
     115
     143
     125
     146
     140
     119
     118
     126
     121
     118
     149
     122
     126
     143
     138
     147
     129
     154
     131
     141
     100
     125
     121
     141
     121
     135
     141
     132
     124
     131
     135
     125
     129
     152
     152
     136
     116
     111
     131
     118
     142
     129
     118
     123
     126
     142
     143
     148
     161
     183
     146
     132
     138
     135
     134
     108
     125
     132
     118
     145
     138
     116
     121
     138
     122
     126
      91
     134
     132
     123
     134
     123
     103
     137
     132
     144
     140
     130
     137
     137
     118
     127
     113
     119
     129
     118
     139
     124
     119
     132
     127
     115
     121
     133
     115
     132
     139
     122
     138
     121
     136
     140
     122
     125
     115
     125
     117
     121
     134
      99
     104
     120
     115
     117
     115
     131
     137
     124
     120
     114
     128
     132
     110
     119
     129
     195
     327
     440
     524
     435
     308
     194
     122
     104
     128
     118
     114
     127
     122
     133
     121
     126
      96
     127
     120
     129
     128
     125
     131
     123
     107
      98
     121
     130
     105
     123
     113
     120
     126
     120
     147
     116
     145
     111
     118
      92
     129
     118
     105
     126
     140
     136
     126
     144
     127
     136
     142
     114
     134
      94
     125
     102
     112
     107
     121
     107
     102
     110
     141
     133
     125
      92
     117
     101
     116
     108
     112
     131
     134
     146
     106
     121
     101
      96
      96
     101
     123
     116
     140
     122
     124
     102
     130
     122
     129
     104
     118
     103
     103
     114
     125
     109
     105
     125
     112
     106
     119
     106
     105
      98
     119
     100
     105
      89
     113
     131
     126
     117
      95
     109
     100
      99
     124
     117
     104
     103
     115
     100
     119
     102
      95
     107
      94
     109
     102
     111
      94
     108
     110
     108
     102
      87
     120
      93
     106
     101
     105
      80
     102
     113
     107
     107
      90
     101
     114
     105
      93
     107
     103
      72
     116
     109
      94
     103
      99
     114
      92
      95
     107
      96
     100
     106
      98
     101
     104
      89
      99
      79
     104
      98
     102
     107
     108
     100
     102
     100
     102
     111
      90
      85
      95
     117
      96
     125
     141
     181
     246
     242
     199
     179
     135
     116
     102
      91
     102
     112
     118
     123
     116
     110
     123
      93
      91
      97
      92
      70
      96
      84
     108
      85
      88
      91
      78
      88
     105
      88
      95
      96
     110
      93
      91
     104
      92
      86
      88
      92
      91
      93
      84
      99
      92
      80
      91
      86
      95
      85
      97
      87
      87
      76
      85
      90
      89
      82
      76
      87
      84
      95
      82
      86
     110
      84
      88
      69
      87
      91
      87
      83
      82
      91
      89
     105
      88
      91
      89
      94
      96
      89
      86
      99
      79
      76
      80
      77
      90
      87
      88
     112
      85
      96
      81
      97
      89
      85
      92
      88
      90
      98
      88
     101
      82
      88
      91
      80
      93
      95
      91
      90
     117
      97
      88
      80
     113
      93
      89
      85
      78
      84
      86
      96
      82
      83
      81
      88
      69
      78
      86
      86
      78
      86
      83
      63
      70
      73
      81
      99
      95
      91
      88
      82
      90
      76
      77
      74
      88
      76
      90
      93
      70
      73
      91
      80
      76
      81
      87
      77
      89
      72
      84
      70
      78
      77
      70
      74
      98
      68
      68
      91
      68
      91
      77
      81
      89
      63
      91
      84
      79
      79
      95
      89
      93
      86
      72
      78
      69
      78
      80
      84
      79
      69
      78
      73
      82
      77
      95
      76
      77
      95
      94
      97
     101
      70
      68
      85
      88
      79
      88
      83
      87
      68
      77
      81
      70
      87
      89
     108
      77
      85
      84
      81
      72
      86
      78
      84
      74
      74
      78
      73
      83
      67
      77
      53
      66
      76
      69
      77
      84
      92
      67
      72
      71
      68
      70
      69
      83
      82
      77
      64
      62
      73
      78
      69
      68
      80
      83
      58
      72
      61
      62
      83
      79
      78
      77
      82
      53
      78
      87
      79
      71
      65
      64
      61
      68
      68
      79
      56
      70
      71
      63
      73
      64
      73
      76
      70
      62
      78
      64
      69
      67
      72
      74
      74
      70
      75
      67
      81
      79
      73
      63
      79
      68
      55
      69
      65
      70
      67
      77
      75
      68
      75
      75
      68
      68
      73
      67
      61
      67
      74
      79
      74
      69
      75
      86
      64
      53
      61
      74
      66
      56
      76
      62
      70
      57
      67
      71
      65
      52
      67
      84
      72
      69
      73
      65
      70
      63
      60
      54
      76
      77
      49
      73
      87
      98
      75
      75
      64
      72
      76
      63
      62
      65
      48
      72
      60
      53
      62
      56
      57
      70
      56
      72
      67
      70
      71
      70
      60
      53
      50
      52
      79
      59
      65
      60
      67
      63
      66
      68
      51
      65
      71
      65
      48
      77
      72
      70
      66
      61
      77
      52
      90
     102
     100
      86
      81
      68
      56
      63
      67
      61
      63
      58
      53
      58
      59
      66
      52
      53
      53
      57
      63
      55
      60
      58
      57
      52
      79
      72
      71
      67
      60
      63
      41
      60
      62
      48
      62
      67
      58
      57
      68
      54
      55
      53
      68
      63
      52
      63
      58
      56
      68
      60
      58
      43
      41
      57
      58
      51
      45
      53
      55
      69
      55
      50
      48
      56
      52
      59
      69
      50
      68
      66
      63
      40
      84
      50
      48
      47
      60
      58
      48
      55
      52
      42
      64
      65
      53
      51
      46
      65
      35
      55
      49
      60
      45
      62
      54
      54
      58
      55
      58
      51
      60
      71
      40
      54
      66
      49
      48
      41
      59
      52
      56
      66
      51
      61
      54
      51
      60
      52
      64
      53
      47
      62
      52
      51
      46
      50
      55
      56
      58
      40
      58
      61
      68
      42
      60
      61
      56
      47
      65
      57
      64
      36
      53
      51
      64
      56
      65
      51
      59
      69
      48
      46
      55
      49
      64
      52
      60
      68
      54
      41
      43
      56
      41
      53
      65
      47
      48
      50
      56
      60
      47
      52
      51
      62
      55
      67
      52
      46
      54
      62
      48
      53
      55
      53
      74
      57
      50
      52
      54
      53
      64
      58
      47
      60
      53
      42
      49
      62
      51
      52
      50
      46
      46
      58
      40
      59
      74
      57
      56
      47
      58
      52
      52
      70
      53
      45
      72
      56
      53
      49
      52
      36
      58
      49
      60
      50
      40
      48
      53
      47
      50
      43
      38
      39
      57
      38
      58
      53
      35
      53
      55
      52
      52
      60
      54
      50
      45
      50
      54
      35
      56
      52
      56
      51
      48
      44
      51
      62
      50
      63
      55
      49
      48
      45
      46
      59
      56
      59
      50
      49
      51
      48
      52
      53
      55
      51
      45
      44
      53
      46
      47
      48
      57
      42
      56
      47
      54
      74
     109
     152
     227
     298
     342
     321
     227
     142
      96
      60
      49
      53
      45
      54
      55
      52
      49
      43
      53
      44
      39
      58
      51
      58
      49
      56
      54
      51
      45
      47
      58
      35
      45
      42
      51
      54
      53
      50
      37
      37
      33
      51
      48
      40
      56
      60
      42
      35
      44
      45
      39
      54
      50
      50
      55
      39
      40
      49
      38
      52
      50
      48
      34
      55
      41
      48
      46
      54
      50
      43
      43
      52
      57
      48
      41
      48
      52
      45
      35
      41
      51
      63
      39
      35
      55
      43
      46
      46
      50
      56
      49
      40
      43
      60
      45
      42
      39
      40
      47
      32
      40
      46
      38
      45
      41
      53
      48
      46
      56
      36
      40
      53
      50
      50
      48
      47
      45
      41
      42
      46
      48
      23
      51
      50
      37
      41
      53
      37
      42
      42
      42
      43
      35
      45
      44
      48
      35
      49
      42
      43
      33
      48
      53
      40
      41
      33
      52
      40
      37
      37
      36
      41
      42
      39
      43
      41
      49
      47
      36
      39
      33
      50
      34
      41
      36
      46
      47
      39
      41
      30
      44
      41
      38
      44
      37
      37
      38
      42
      40
      30
      41
      37
      55
      62
      38
      45
      48
      38
      46
      41
      51
      44
      38
      49
      37
      35
      40
      34
      38
      47
      34
      51
      40
      37
      26
      38
      28
      45
      49
      39
      37
      43
      41
      39
      32
      38
      41
      33
      43
      47
      33
      41
      49
      40
      45
      43
      48
      36
      49
      31
      40
      47
      31
      44
      33
      32
      48
      47
      38
      40
      43
      48
      34
      38
      56
      33
      40
      55
      44
      42
      44
      47
      42
      37
      40
      36
      42
      43
      31
      48
      40
      39
      40
      41
      36
      48
      42
      56
      55
      54
      78
      86
     102
     145
     176
     198
     232
     291
     304
     263
     293
     265
     216
     178
     161
     121
      88
      74
      71
      66
      43
      45
      43
      41
      35
      46
      29
      39
      30
      46
      40
      24
      41
      41
      26
      46
      34
      27
      46
      30
      32
      41
      35
      33
      40
      39
      41
      29
      43
      36
      37
      33
      23
      30
      31
      43
      42
      34
      41
      26
      28
      29
      28
      35
      44
      28
      33
      33
      38
      33
      30
      37
      42
      33
      30
      36
      34
      49
      38
      35
      25
      30
      36
      36
      32
      35
      33
      29
      35
      38
      42
      42
      31
      23
      26
      33
      36
      37
      36
      34
      47
      34
      39
      40
      33
      30
      39
      21
      28
      36
      33
      34
      42
      40
      23
      32
      44
      23
      37
      38
      36
      33
      38
      34
      35
      33
      38
      36
      31
      30
      34
      27
      23
      40
      24
      24
      46
      34
      30
      32
      22
      24
      23
      42
      33
      30
      35
      29
      31
      30
      29
      31
      27
      30
      22
      20
      34
      32
      36
      36
      27
      28
      22
      43
      42
      28
      33
      35
      27
      36
      30
      33
      34
      33
      30
      36
      30
      25
      31
      30
      36
      34
      38
      31
      31
      31
      24
      27
      29
      34
      28
      28
      31
      38
      35
      33
      42
      33
      30
      23
      26
      33
      27
      34
      36
      39
      32
      38
      39
      39
      43
      27
      34
      40
      37
      46
      60
      58
      70
      39
      62
      52
      37
      35
      30
      36
      27
      32
      40
      44
      20
      36
      26
      35
      35
      37
      30
      30
      24
      26
      24
      26
      36
      34
      34
      31
      34
      31
      28
      30
      22
      27
      32
      30
      24
      30
      33
      32
      33
      40
      30
      35
      33
      52
      73
      83
      61
      62
      59
      54
      35
      30
      24
      28
      17
      36
      27
      33
      25
      28
      30
      26
      38
      27
      21
      31
      31
      34
      25
      26
      21
      30
      30
      29
      31
      37
      26
      35
      34
      17
      28
      27
      22
      26
      33
      27
      37
      30
      23
      30
      31
      34
      38
      31
      33
      37
      34
      35
      42
      30
      34
      35
      32
      30
      39
      35
      24
      25
      27
      42
      33
      40
      39
      26
      23
      25
      48
      33
      40
      24
      30
      25
      37
      20
      28
      32
      27
      31
      29
      26
      31
      35
      29
      29
      35
      32
      40
      52
      43
      51
      59
      49
      35
      49
      32
      35
      26
      19
      33
      35
      43
      52
      45
      81
     114
     169
     217
     245
     206
     159
      98
      72
      43
      35
      30
      19
      33
      28
      30
      31
      31
      29
      32
      25
      28
      19
      33
      35
      20
      26
      41
      29
      31
      23
      23
      26
      23
      27
      22
      22
      24
      35
      24
      32
      17
      20
      26
      21
      34
      22
      34
      22
      28
      38
      20
      29
      27
      25
      25
      22
      23
      30
      20
      19
      32
      32
      28
      27
      25
      30
      40
      27
      24
      24
      25
      21
      23
      25
      27
      23
      16
      30
      29
      18
      24
      37
      24
      22
      27
      24
      21
      31
      22
      23
      28
      26
      20
      24
      28
      23
      27
      25
      28
      25
      26
      17
      28
      22
      22
      29
      21
      22
      22
      28
      34
      26
      33
      24
      26
      27
      24
      30
      25
      23
      30
      21
      28
      20
      25
      20
      37
      26
      24
      32
      24
      17
      29
      26
      22
      26
      30
      19
      35
      21
      38
      26
      23
      31
      24
      24
      31
      21
      21
      22
      30
      15
      27
      20
      30
      25
      27
      28
      22
      16
      26
      30
      23
      30
      27
      28
      37
      64
     125
     165
     257
     325
     298
     285
     216
     168
     113
      61
      38
      23
      29
      32
      21
      24
      22
      29
      15
      34
      30
      28
      18
      20
      31
      27
      28
      22
      29
      21
      28
      21
      24
      33
      23
      42
      26
      26
      23
      20
      17
      26
      26
      24
      24
      30
      39
      24
      29
      30
      14
      32
      16
      17
      23
      22
      26
      17
      21
      22
      27
      26
      22
      19
      26
      23
      25
      18
      25
      21
      36
      21
      33
      26
      24
      24
      31
      27
      16
      26
      31
      22
      24
      23
      34
      19
      28
      24
      24
      23
      27
      21
      20
      14
      22
      30
      14
      23
      25
      18
      21
      21
      19
      28
      26
      17
      22
      33
      25
      24
      28
      25
      29
      29
      26
      32
      18
      35
      24
      24
      19
      29
      28
      29
      23
      21
      36
      19
      25
      32
      24
      20
      26
      32
      29
      26
      31
      35
      31
      21
      19
      25
      29
      19
      26
      27
      23
      22
      33
      23
      20
      20
      20
      27
      14
      28
      24
      21
      32
      27
      26
      19
      28
      21
      17
      29
      24
      23
      24
      34
      23
      23
      29
      27
      15
      29
      24
      18
      29
      25
      29
      27
      19
      25
      21
      29
      22
      24
      24
      17
      22
      29
      22
      16
      20
      29
      21
      17
      20
      31
      21
      19
      29
      17
      22
      27
      24
      23
      34
      21
      30
      18
      27
      26
      30
      23
      33
      53
      72
      83
     142
     175
     175
     166
     139
     132
      64
      51
      35
      18
      32
      15
      22
      25
      22
      22
      32
      28
      20
      32
      29
      29
      32
      22
      11
      16
      11
      13
      23
      20
      19
      23
      17
      24
      17
      20
      27
      33
      24
      23
      12
      23
      28
      15
      14
      10
      23
      19
      24
      14
      23
      21
      22
      21
      17
      26
      18
      16
      25
      21
      18
      25
      24
      14
      24
      14
      24
      27
      25
      24
      11
      25
      28
      28
      25
      24
      34
      17
      23
      29
      21
      24
      18
      22
      29
      19
      24
      24
      23
      17
      17
      13
      25
      21
      18
      19
      22
      25
      26
      18
      23
      23
      18
      19
      18
      14
      16
      17
      19
      17
      34
      22
      20
      13
      11
      18
      31
      17
      19
      23
      21
      21
      22
      23
      16
      21
      21
      17
      16
      20
      22
      20
      32
      22
      25
      21
      25
      15
      16
      24
      16
      25
      21
      22
      21
      16
      19
      16
      26
      22
      16
      25
      12
      27
      18
      24
      35
      33
      36
      22
      22
      28
      15
      33
      24
      16
      14
      25
      17
      15
      16
      15
      22
      23
      16
      27
      27
      21
      20
      21
      29
      30
      16
      23
      12
      20
      13
      26
      22
      19
      24
      21
      24
      18
      29
      34
      24
      16
      16
      23
      18
      21
      26
      19
      21
      22
      19
      16
      11
      23
      13
      26
      21
      17
      20
      26
      23
      24
      17
      12
      16
      19
      13
      16
      13
      25
      19
      22
      16
      33
      31
      18
      19
      19
      24
      31
      10
      14
      20
      14
      19
      17
      16
      15
      14
      18
      12
      11
      16
      21
      22
      17
      27
      19
      18
      19
      23
      20
      26
      16
      14
      20
      27
      19
      19
      22
      12
      26
      23
      21
      18
      22
      15
      17
      25
      24
      18
      17
      13
      19
      22
      18
      17
      24
      14
      29
      28
      23
      24
      21
      15
      27
      22
      22
      12
      17
      24
      21
      13
      15
      18
      20
      21
      18
      19
      24
      21
      18
      20
      14
      10
      17
      13
      17
      16
      20
      14
      13
      15
      19
      19
      31
      20
      14
      10
      22
      16
      14
      17
      23
      13
      25
      20
      13
      24
      11
      15
      26
      29
      20
      24
      14
      10
      14
      18
      21
      19
      12
      14
      23
      19
      16
      19
      20
      18
      12
      13
      20
      16
      10
      23
      17
      15
      17
      18
      11
      22
      20
      27
      11
      15
      17
      18
      18
      15
      22
      15
      14
      22
      14
      17
      24
      11
      16
      11
      23
       9
      17
      13
      17
      12
      24
      23
      11
      19
      15
      14
      14
      23
      16
      17
      20
      27
      22
      18
      18
      22
      26
      23
      13
      22
      28
      16
      18
      23
      20
      21
      15
      15
      19
      18
      15
      16
      18
      20
      14
      12
      11
      14
      14
      20
      25
      20
      20
      23
      26
      13
      16
      16
      25
      34
      13
      18
      24
      24
      18
      22
      25
      14
      13
      16
      20
      23
      26
      23
      13
      17
      20
      24
      16
      16
      13
      19
      23
      11
      11
      13
      21
      16
      19
      21
      17
      22
      13
      17
      24
      22
      22
      16
      18
      16
      17
      22
      19
      21
      10
      18
      20
      19
      20
      16
      22
      22
      25
      15
      16
      11
      11
      20
      14
      12
      19
      18
      21
      12
      22
      19
      21
      20
      23
      18
      11
      16
      16
      26
      19
      19
      13
      18
      19
      25
      22
      19
      21
      15
      22
      19
      19
      19
      16
      16
      14
       6
      13
      23
      19
      29
      11
      16
      22
      16
      17
      19
      25
      13
      17
      18
      20
      22
      25
      16
      13
      16
      18
      21
      18
      20
      13
      18
      18
      20
      14
      19
      19
      15
      23
      11
      15
      16
      17
      14
      16
      21
      14
      15
      17
      20
      13
      23
      26
      21
      14
      15
      16
      10
      14
      23
       9
      29
      15
      20
      20
      12
      11
      14
       9
      11
      14
      15
      14
      14
      13
      16
      15
      19
      25
      14
      13
      14
      17
      17
      19
      18
      11
      12
      17
      13
      17
      12
      14
      22
      18
      10
      18
      13
      13
      13
      14
      26
      23
      17
      13
      18
      18
      22
      16
      15
      16
      12
      14
      22
      10
      13
      11
      19
      16
      28
      29
      15
      12
      22
      12
      15
      13
      21
      16
      16
      19
      18
      17
      14
      15
      15
      17
      14
      11
      15
      18
      19
      25
      38
      41
      38
      32
      33
      36
      42
      22
      14
      14
      17
      12
      13
      11
      21
      13
      10
      15
      12
      19
      17
      17
      11
      19
      12
      12
       7
      15
      12
      11
      11
      10
      18
      16
      12
      13
      11
      18
      17
      15
      16
      20
      18
       9
      14
      15
      19
      23
      20
      15
      19
      13
      17
       7
      17
      18
      25
      18
      17
      17
      11
      11
      18
      14
      10
      20
      20
      15
       8
      13
      11
      13
      17
      14
      17
       9
      17
      11
      19
      18
      19
      17
      17
      18
      12
      25
      18
      18
      15
      13
      10
      10
      16
       7
      18
      12
      21
      19
      12
      13
      15
       8
      16
      16
      18
      11
       6
      13
       9
      18
      18
      22
      17
      22
      11
      22
      17
      15
      19
      21
      13
      15
      16
      15
      15
      11
      15
      10
      26
      11
      16
       9
       8
      10
      17
      13
      16
      14
      12
      10
      11
      15
      10
      12
      12
      16
      19
      18
      22
       7
      19
      18
      14
      12
      11
       7
      15
      12
      13
      16
      15
      18
      21
      17
      15
      12
      14
      10
      15
      21
      15
      14
      13
      18
      12
      17
       5
      12
      14
      15
      13
      13
      19
      24
      11
      15
      26
      17
      22
      17
      13
      25
      17
      18
      19
      15
      21
      17
      11
      15
      18
      14
      15
       9
      21
      13
      17
      25
      23
      27
      31
      27
      24
      21
      15
      18
      22
      14
      14
      16
      12
      18
       9
      26
      13
      12
      18
      15
      22
      15
      11
      14
      21
      12
      12
      12
      18
      11
      12
      11
      14
      22
      11
      10
      10
      12
      19
      12
      16
      12
      16
      17
      17
      20
      11
      15
      17
      13
      21
      16
      15
      15
      13
      15
      16
      14
      14
      12
      15
      10
      13
      13
      14
       9
      12
      14
      17
      13
      12
      10
      13
       7
      13
      15
      13
      13
      13
       9
      12
      10
      12
      17
      15
      14
      20
      20
      13
      19
       8
      18
      10
      13
      13
      17
      14
      17
      14
      14
      12
      15
      18
       8
      16
      19
      17
       9
      10
      16
      14
      26
      20
      25
      41
      40
      38
      34
      30
      19
      20
      18
      17
      13
      13
      13
       9
      18
      12
      12
      12
      13
      12
      13
       9
      14
      11
      10
      17
      13
       8
      11
      12
      21
      12
      14
      14
      12
      13
      15
      15
      15
       6
      12
      15
      19
      20
       7
      19
      17
      17
      18
      15
      20
      14
      13
      14
      17
      17
      15
       8
      11
      16
      16
      13
      20
      20
      18
      12
      13
       9
       8
      12
      12
      18
      12
      11
      18
      17
      21
       9
      19
      12
      13
      14
      14
      12
      16
      13
       9
      16
      11
      17
      16
      10
      15
      15
       8
      13
      14
      18
       9
      12
      14
      12
      14
      17
      11
      15
      14
      14
      12
      17
      13
      13
      12
      11
      10
      14
      16
      12
      11
      11
       8
      13
      20
      13
      15
      10
      20
       9
      24
      11
      19
       8
      12
      13
      11
      17
       5
       6
       8
      13
      16
      11
       9
      10
      12
      16
      16
      10
      15
      16
      20
      14
      14
      10
      13
       7
      13
      17
      20
      12
      10
      10
      16
       9
      13
      12
      15
      11
      17
      18
      12
      15
      11
      16
       8
       6
       8
      15
      15
      12
      19
      13
      17
      13
      10
      18
      18
      11
      12
      12
      12
       5
      17
      13
      13
      13
      12
       8
      14
      10
      13
      15
      11
      15
      11
       9
      10
       8
      10
      16
      18
      14
      17
      14
       9
      13
      11
      17
       9
      15
      18
      19
      15
      23
      30
      18
      26
      25
      18
      20
      15
      13
      15
      17
      12
      11
      10
      12
      18
      12
      11
      11
       8
       7
      12
      12
       8
      10
      11
      10
      19
      11
      14
      18
      18
      18
      10
      14
      11
       7
      18
      16
      11
      14
      10
      15
       9
      12
      14
      11
      12
      15
      14
      16
       7
      16
      14
      10
      12
      11
      10
      10
       9
      15
      13
      12
      15
      15
      13
       6
       9
      16
       8
      15
      13
      13
       9
      12
      10
      10
      16
      13
      14
       7
      16
      23
       9
      11
       6
       8
      18
      18
       8
      19
       7
      19
       9
       9
       9
      17
       6
      13
      16
      11
      12
      12
       8
       9
      11
      12
      10
      17
       9
      17
      11
      10
      12
      13
      12
      18
      14
      17
       8
      18
      13
      12
      10
      12
       8
       8
      17
      10
      11
      12
      10
      19
       7
       9
      11
      12
      19
      14
       8
      14
      11
      14
      12
      14
      11
      13
      18
      10
       7
      15
      14
      11
      12
      13
      15
      13
       8
      16
      10
       5
      13
      14
      13
      14
      12
      16
      14
      10
      19
      10
      11
      18
      10
      10
      12
      12
      11
      13
      11
      10
      16
      10
      13
      14
      13
      15
      10
      16
      11
      14
      19
      13
      12
      12
      13
       8
      18
      13
      11
      18
      19
      18
      12
      17
      17
      18
      20
      21
      14
      21
      11
      10
      12
      14
      13
      10
      17
       9
       9
      14
      11
      12
      12
       8
       7
      12
       8
       7
      10
      14
      12
       9
      13
      16
      13
      10
       9
      11
      12
      11
      14
      13
      13
      15
      13
       9
      10
      12
      17
       4
      12
      11
       8
      12
      13
      10
       7
       8
      11
      16
       8
      10
      14
      13
       6
      11
      14
      12
      16
       8
       9
       7
      17
      19
      21
      14
      10
      12
      12
       9
      13
       8
      14
      12
      14
      11
      13
       9
      13
      10
      11
      17
       8
      17
      12
      12
      10
      18
      14
      18
      10
       7
      12
      11
       9
      11
      15
      16
      13
      14
      11
      13
       9
      13
       8
      15
      12
      15
      11
      12
      13
      12
       8
      12
       8
       6
      12
      12
      16
      16
      11
       7
       9
       9
      16
      14
       8
       5
      13
       8
      11
      14
       4
      13
      14
      11
      11
       7
      15
      10
      14
      11
       5
       7
       8
      12
      12
      11
      11
      11
      15
      13
      13
      12
      17
      14
      11
      10
       8
      13
      13
      10
      13
      10
       5
       7
      13
      11
      11
      10
      17
       9
      10
       8
      10
      18
       9
      12
       8
      16
      13
      11
      10
      13
       8
      10
       8
      12
      14
       7
       7
       9
      12
      12
       5
      13
       7
      12
      12
      15
      13
      14
      11
      17
      10
      10
       9
       9
       9
      12
      13
      11
      11
      11
       8
      10
      13
      16
      10
       8
      11
      13
       9
      12
       7
       9
      12
      12
      11
       9
       6
      16
       8
      13
       9
       5
       4
      11
      10
      11
      21
      13
      10
      15
      14
      16
       6
      13
      15
       9
      14
      15
      14
       9
      13
      14
       7
      10
      11
      18
       5
      14
       9
       9
       6
      10
      17
      13
       9
       6
      13
       7
       6
      10
      13
       9
       8
      12
      11
       8
       9
      12
      10
      11
      13
       6
      10
       9
      10
       8
      10
      14
       7
      10
       9
      10
       4
      11
       9
       6
      12
       9
       6
      13
      14
      12
      12
      12
       9
       6
      15
      14
      17
       9
      12
       9
       8
       9
       7
      13
      10
       8
      11
       8
       3
      11
       8
      13
       7
      15
       3
       6
      10
       6
      10
       8
      12
       8
       3
      14
      13
       9
      14
       8
      10
      13
       8
      13
      12
      18
      13
       7
      11
      11
      14
       7
       6
      14
      12
       8
      10
      12
      10
      11
       8
       9
      10
      13
       9
      12
       9
      12
      15
      10
      10
      11
      10
      12
       3
      11
      11
      18
       9
       6
       9
       8
      15
      20
       8
      14
       8
       4
      11
       9
      10
       8
      14
      12
      10
      13
       8
      13
       9
      11
      13
       8
       9
      13
       9
       9
      13
      16
      20
      16
      12
      17
      11
      14
      11
       9
      15
      12
      11
      17
       6
       8
       7
      14
      10
      13
       9
      11
       7
       7
       9
      13
      10
      11
      11
      18
      15
       9
      10
      10
      17
      10
      10
       7
      11
      14
      16
       7
      12
      12
       9
      10
       8
      11
       7
      14
      10
      12
      11
      19
      12
       8
      16
       9
       8
      12
      11
       5
      12
       5
      10
      11
       6
      11
      14
       8
       4
       6
      11
      10
      12
      15
      14
       6
      14
       8
       8
       6
       3
      13
      10
       8
       8
      16
       5
      11
       8
       7
       9
      12
       9
       5
       6
       7
       7
       9
       6
       9
       8
       8
      13
       9
      13
       7
      10
       9
       8
      13
       7
       8
       7
       7
       8
       4
       5
       8
      14
      11
      13
       8
       8
      15
      10
       8
       9
       8
       7
       8
      11
      13
       6
      10
      12
       6
       9
      10
      12
       8
       7
       9
      10
       5
       7
       1
      11
      14
       9
      12
       6
      12
       8
      11
      10
      10
       9
      15
      10
      13
      14
      10
      10
       8
       6
       8
      10
       2
       7
      10
       6
       8
       4
      14
       9
       9
       6
       8
       6
       6
       5
      10
      15
       9
       6
       8
      13
       7
      13
       5
       9
       8
       6
      11
       8
       7
       7
      11
       8
      12
       4
      11
       3
       8
       6
      11
       7
       9
       7
       8
       7
      16
      11
      14
      12
       9
      11
       8
       7
      11
      11
      10
       7
      15
       8
       9
      11
      14
       9
      12
       6
      13
      13
       8
      11
      10
       7
       5
      10
       9
       7
       5
       6
      13
       7
       4
       8
      14
      12
      11
       3
       8
      10
       8
      13
       5
      11
      10
       8
       8
       7
      14
       7
       7
       6
      11
       4
       6
       8
      10
       9
      11
       9
       8
      11
       8
      12
       3
       4
       7
       7
       4
      10
       8
      10
       6
       9
       5
       9
      12
       7
       9
       5
       7
      10
       4
      11
       4
       6
       6
       8
       6
       4
      10
      10
       7
      10
       5
      10
       8
       9
       6
       9
       9
       6
       7
      11
       6
       8
       7
       9
      12
      11
      13
      15
      11
       6
       5
      11
       5
       6
       7
       5
      11
       6
      10
       3
       5
       5
      10
      13
       9
       6
      11
      11
      12
       9
       6
      10
       4
      13
       7
       3
       7
       9
       9
      14
       8
       6
      13
       7
       7
       6
       7
       7
       8
      10
      11
       8
      10
       9
       5
       3
       6
       8
       4
      10
       6
       9
       7
       8
       8
       6
       7
      12
      10
       8
       6
      11
       7
       5
       9
      11
       4
       7
       6
       8
      12
       6
      10
       5
       8
       9
       8
       8
      11
       8
       6
       4
      10
       5
       4
      11
      11
       5
       6
       4
       7
       7
       9
       7
       4
       3
       9
      13
       8
       9
       5
       5
       2
       7
       7
      11
       5
       7
       5
       5
       8
      14
       9
       9
       7
       6
       9
       9
       9
       7
       5
       7
       8
       6
       7
       7
       5
      10
      11
       8
       5
       5
       9
       8
       5
       6
       5
      10
       7
       9
       7
       3
       8
       7
       6
       8
       9
       9
       6
       7
       6
      16
       5
       6
       9
       6
       6
      14
       9
       8
      10
       4
      10
       5
      11
       9
      13
      12
       6
       9
      11
      11
       6
      12
       6
       5
      18
       7
       3
      11
       4
       6
       6
       9
       7
      12
       3
       4
      10
       6
       6
      12
       5
       4
      11
      11
      11
       8
       7
       5
       9
       5
       5
       8
      10
      10
       6
       8
       4
       4
       8
       7
      10
       9
       8
      11
      13
       7
       9
       5
       7
      10
      10
       5
       4
       8
       8
      15
       9
       9
       7
       6
       6
       8
       9
       7
       3
       9
       7
       9
       8
      10
       5
       8
       6
      10
       6
       8
       9
      17
       9
       9
       8
       8
       3
       7
      12
      12
      12
       7
       7
       9
       4
       7
       6
       6
       3
       3
       7
       7
      11
       4
       6
       9
      10
      15
      13
      15
      13
      12
       8
      11
       7
       7
       6
       5
      14
      11
       3
       5
       4
      13
       9
       7
       6
       9
      10
      12
       7
      10
      10
       9
       9
       8
       5
       7
       5
       5
       7
       6
       5
      12
       6
       4
       2
       8
       8
      10
       3
       8
       7
       9
       9
       7
       9
       6
       3
       9
       5
       5
       2
       9
       4
      10
       8
       6
      10
       6
       4
       3
      12
       6
       8
       9
      12
       8
      10
      15
       5
      13
       1
       4
       7
       4
       7
       8
       7
      12
       7
       3
      10
       8
       7
       8
       3
       7
       8
       9
       9
      10
      10
      11
       6
      10
       3
       8
       8
      10
       8
      10
      11
       7
       6
       2
       5
       7
      10
       8
       3
       6
       5
       7
       8
       7
      12
       6
       5
       7
       5
      10
       7
       5
      11
       8
       8
       9
      10
       7
       6
       3
       6
       5
       6
       6
       7
      10
       8
       8
       9
       5
       9
      12
       3
      10
       5
       8
       7
       5
       7
       7
      10
       4
      12
       4
       8
       6
       8
       7
       9
       5
      10
       6
      10
       7
       5
       6
      10
       7
       5
       4
       5
       7
      10
       8
      10
       3
       8
      12
       6
      16
      13
      12
      26
      32
      34
      43
      42
      51
      44
      37
      36
      49
      35
      33
      33
      23
       9
       9
       8
       4
       4
       8
       5
       4
      10
       5
       3
       9
      12
       6
       3
       6
       4
       6
       6
       6
       5
       4
       7
       6
       7
       5
       8
       5
       5
      10
       3
       6
       9
       7
       5
       8
      11
       6
      11
       5
       3
      10
       5
       8
      10
       6
       4
      10
       8
       6
       8
       4
      11
       6
       9
       5
      10
       7
       6
       9
       5
       9
       8
       4
       9
       9
       7
      11
       2
       9
       7
       3
       7
       8
      10
       6
      13
       5
      10
       8
      11
       4
       3
       6
       7
       8
       9
       7
       3
       5
       4
       6
       9
       6
       9
       6
       3
       8
       6
       4
       6
       3
       7
       6
       8
       7
       6
       4
      13
      11
       5
       6
      11
       8
       9
       7
       4
       8
       3
       7
       6
       5
       8
      11
       9
       6
       6
       5
       8
       9
       5
       7
       6
       7
       5
      10
       5
       3
       1
      11
       8
       6
       4
       3
      10
       7
       5
       8
       7
       8
       5
       5
       5
       8
       9
       6
      13
       7
       5
       6
       9
       7
       5
       9
       9
       6
       7
       8
       3
      14
      10
       7
       5
       2
      11
       4
       8
       5
       8
       4
       7
       5
      10
       4
       9
       8
       6
       8
       2
       8
       6
       8
       8
       4
       8
       8
       7
      10
       9
       8
       5
       5
       5
       5
       4
      10
       9
      10
       4
       6
       7
       7
       5
       9
       4
       1
       9
       7
       5
       3
       6
       3
       9
       6
       5
       6
       4
       4
       7
       8
       5
       7
       5
       4
       7
      12
       5
       7
       6
       6
       4
       5
      12
       3
       5
       4
       1
       5
       6
       5
       3
       5
       5
       8
       6
       7
       8
       7
       7
       7
       5
       4
       7
       5
      11
       3
       4
       9
       2
       7
       6
       7
       3
       7
       6
       5
       6
       9
      17
      12
       6
       3
       7
       5
       7
       5
       5
       7
       4
       3
       3
       5
       8
       4
       5
       9
       8
       8
       3
       7
       6
       6
       5
       6
       8
       5
      14
       8
       7
       5
       7
       5
      11
       7
       5
       9
       6
       7
       2
       4
       3
       5
       4
       6
       9
       4
      14
       6
       4
       9
       4
       7
       6
       5
       7
       7
       5
      10
       6
       7
       4
       3
       6
       3
       6
       3
       6
      10
       5
      10
       5
       5
       7
       6
       5
       8
       7
       5
       7
       8
      10
       9
      14
       4
       5
       5
       4
       5
       6
       4
      10
       6
       5
      11
       7
       7
       6
       9
       7
       6
       4
      12
       6
       6
       5
       5
       2
       7
       1
       6
       4
      10
       3
       7
       2
       4
       4
       9
       3
       6
       6
       6
      10
       5
      10
       7
       3
       5
       1
      12
       5
       4
       4
       9
       5
       3
       9
       2
       3
       3
       9
       4
       6
       8
       8
       3
       9
       6
      10
       6
       8
       6
      10
       6
      12
       6
      10
       6
       6
      15
       5
       4
       9
       6
       4
       8
       7
       8
       6
      11
       9
       4
       7
       5
       7
       8
       7
      10
       7
      11
       9
       8
       8
       9
       3
       9
       6
       4
       9
       8
       8
       6
       5
       4
       9
       0
       7
       7
       9
       3
      10
       9
       3
      10
       6
       6
       3
       0
       6
       7
      15
       5
       7
       6
       4
       2
       2
       7
       6
       1
       9
       8
       5
       5
       6
       9
      12
       2
       8
       9
       6
       8
       4
       3
       4
       2
       9
       7
       5
       4
       6
       6
       3
       4
      12
       5
       3
       5
       2
       9
      10
       6
       5
       6
       4
       4
       3
       8
       6
       4
       4
       6
       5
       5
       5
      11
       7
       8
       3
       6
       9
       7
       3
       2
       7
       3
       8
       6
       2
       8
       4
       4
       6
       7
      11
       9
       7
      12
      12
       7
       5
       6
       9
       4
       6
       4
       4
       4
       6
      10
       3
       5
       4
       8
       3
       8
       6
       6
       6
       5
       4
       5
       5
       6
      11
       8
       7
       4
       5
       8
       5
       3
       3
       6
       8
       3
       5
       4
       3
       5
       6
       5
       4
       7
       8
       6
       5
       6
       8
      10
       9
       5
       4
       7
       4
       8
       7
       5
       8
       7
       7
       4
       9
       6
       6
       4
       6
       5
       4
       4
       6
      10
       3
       4
      10
       3
       2
       3
       4
       6
       7
       5
       4
       6
       3
       4
       5
       5
       4
       6
       7
       1
       4
       2
       6
       3
       4
       5
       4
       5
       7
       4
       8
       2
       6
       6
       6
       5
       6
       4
       7
       4
      11
       4
       3
       5
       7
       3
       8
       2
       2
       5
       2
       8
       8
       3
       9
       4
       1
       7
       1
       6
       3
       8
       6
       6
       7
       8
       9
       5
       4
       9
       4
       7
       2
       1
       7
       9
       7
       4
       2
       5
       0
       6
       8
       5
       6
       9
       7
       5
       4
       4
       2
       6
       4
       7
       5
       5
       9
       1
       2
       4
       2
       3
       4
       4
       7
       2
       5
       3
       6
       4
       5
       6
       5
       7
       5
       2
       5
      11
       8
       4
       3
       3
       4
       5
       4
       2
       3
       2
       3
       6
       3
      11
       2
       6
       1
       5
       1
       4
       2
       6
       3
       2
       5
       0
      13
       2
       5
       4
       7
       6
       7
       5
       3
       5
       4
       4
       7
       4
       5
       7
       4
       4
       5
       2
       4
       4
       3
       6
       4
       6
       7
       6
       4
       6
       6
       8
       8
       4
       0
       3
       3
       3
      11
       4
       4
       4
       7
       5
      12
       5
       7
       4
       3
       5
      10
       4
       3
       1
       2
       7
       4
       7
       4
       3
       8
       8
       7
       3
       8
       2
       5
       3
       6
       8
       3
       2
       7
       5
       6
       5
       5
       4
       4
       5
       6
      12
       2
       6
       7
       5
       4
       3
       4
       5
       8
       5
       3
       3
       6
       4
       4
       9
       2
       5
       7
       8
      10
       6
       4
       4
       4
       6
       4
       8
       3
       2
       4
       2
       3
       8
       2
       5
       3
       4
       3
       7
       2
       5
       6
      11
       4
       2
       7
       6
       3
       1
       5
       5
       6
       6
       7
       3
       8
       4
       4
       6
       7
       6
       6
       5
       5
       2
       3
       9
       2
       6
       3
       5
       6
       3
       6
       4
       6
       4
      13
       3
      10
      14
       8
      10
       7
       6
      10
       3
      11
       4
       6
       3
       4
       3
       3
       7
       2
       4
       3
       6
       7
       1
       6
       2
       5
       6
       7
       5
       1
       5
       5
       6
       4
      11
       6
       4
       3
       5
       4
       5
       3
       5
       3
      10
       6
       2
       3
       3
       7
       7
       4
       4
       3
       2
       5
       3
       3
       5
       6
       6
       2
       9
       5
       5
       3
       3
       4
       3
       4
       3
       5
       4
       6
       3
       3
       7
       7
       1
       3
       7
      10
       6
       5
       5
       2
       2
       3
       2
       4
       4
       4
       2
       4
       6
       7
       1
       6
       7
       2
       2
       1
       5
       4
       4
       3
       5
       5
       2
       6
       5
       3
       7
       5
       7
       8
       7
       4
       8
       6
      11
      11
      14
      13
      13
      14
      27
       9
      20
      22
      19
      16
      11
      13
      10
       9
       6
       5
       0
       5
       3
       5
       2
       1
       4
       4
       6
       5
       7
       8
       2
       9
       3
       3
       4
       1
       2
       1
       2
       5
       3
       2
       1
       4
       4
       7
       5
       4
       3
       6
       3
       2
       5
       9
       7
       2
       1
       7
       5
       7
       6
       5
       4
       3
       6
       1
       6
       2
       2
       2
       4
       0
       5
       9
       7
      10
       3
       2
       5
       5
       5
       5
       5
       6
       1
       4
       8
       5
       7
       5
       3
       4
       3
       6
       4
      10
       4
       8
       6
       0
       3
       2
       2
       6
       7
       6
       4
       2
       7
       8
       5
       1
       4
       1
       2
       5
       4
       7
       4
       4
       5
       9
       4
       5
       8
       2
       2
       5
       3
       3
       7
       7
       3
       5
       2
       2
       3
       6
       3
       5
       8
       5
       2
       5
       7
       6
       5
       6
       4
       3
       5
       3
       2
       2
       7
       6
       3
       4
       3
       2
       5
       3
       4
       2
       4
       3
       7
       5
       3
       3
       4
       6
       4
       2
       4
       2
       4
       3
       4
       4
       3
       5
       6
       5
       2
       2
       4
       2
       5
       6
       6
       4
       4
       6
      13
       6
       4
       4
       0
       3
       6
       7
       1
       4
       2
       1
       7
       2
       5
       4
       2
       6
       2
       6
       4
       9
       6
       4
       7
       6
       2
       5
       5
       2
       2
       3
       5
       4
       5
       2
       5
       2
       5
       8
       5
       4
       1
       2
       6
       5
       3
       4
       3
       6
       2
       4
       0
       6
       6
       2
       0
       3
       7
       6
       8
       3
       3
       6
       3
       7
       5
       4
       4
       5
       1
       4
       0
       4
       1
       2
       1
       6
       1
       6
       2
       2
       8
       4
       3
       4
       5
       2
       5
       9
       3
       0
       2
       4
       2
       4
       8
       4
       2
       4
       3
       4
       8
       3
       4
       4
       5
       8
       7
       9
       5
       5
       4
       3
       4
       2
       3
       6
       4
       2
       4
       2
       5
       4
       8
       6
       6
       2
       6
       2
       7
       4
       4
       1
       5
       4
       6
       4
       3
       4
       2
       7
       5
       1
       3
       1
       3
       9
       3
       1
       5
       4
       6
       3
       2
       5
       4
       4
       2
       6
       4
       6
       4
       2
       6
       4
       6
       7
       4
       3
       7
       3
       5
       6
       1
       2
       2
       4
       6
       1
       1
       2
       6
       7
       5
       3
       3
       6
       4
       3
       4
       0
       4
       7
       1
       4
       0
       4
       1
       3
       7
       6
       3
       4
       4
       6
       3
       4
       3
       0
       3
       2
       5
       4
       6
       1
       4
       6
       3
       1
       5
       4
       4
       7
       2
       3
       2
       6
       2
       5
       4
       4
       4
       4
       5
       4
       5
       6
       3
       2
       4
       4
       4
       2
       7
       5
       4
       2
       3
       3
       4
       5
       6
       7
       1
       3
       6
       9
      12
       4
       3
       1
       1
       6
       4
       3
       7
       3
       4
       4
       4
       6
       3
       2
       6
       4
       6
       4
       4
       8
       3
       4
       2
       6
       3
       4
       5
       4
       3
       2
       1
       3
       4
       6
       4
       3
       3
       3
       4
       2
       5
       5
       1
       1
       4
       3
       4
       3
       3
       1
       4
       3
       4
       6
       9
       2
       1
       3
       1
       4
       3
       3
       6
       5
       8
       2
       3
       8
       4
       4
       2
       5
       3
       3
       2
       9
       4
       2
       6
       3
       2
       4
       2
       2
       4
       7
       2
       6
       4
       2
       8
       5
       2
       2
       5
       1
       6
       3
       1
       7
       4
       8
       3
       6
       2
       4
       7
       7
       2
       3
       7
       6
       1
       1
       5
       4
       4
       7
       7
       1
       5
       4
       3
       4
       4
       4
       1
       3
       2
       3
       4
       4
       7
       3
       4
       2
       7
       5
       3
       4
       2
       6
      10
       2
       5
       2
       6
       4
       5
       3
       3
       5
       4
       5
       3
       3
       6
       4
       2
       4
       5
       5
       3
       5
       4
       1
       3
       2
       4
       5
       3
       2
       0
       4
       2
       2
       3
       6
       1
       3
       4
       6
       8
       6
       3
       4
       3
       4
       4
       4
       3
       5
       2
       1
       1
       1
       4
       1
       4
       2
       5
       3
       6
       2
       3
       1
       3
       0
       0
       4
       2
       2
       6
       2
       1
       1
       2
       4
       6
       2
       3
       4
       3
       5
       2
       4
       3
       8
       4
       5
       6
       2
       5
       1
       7
       6
       1
       6
       3
       4
       3
       2
       5
       5
       4
       1
       5
       3
       6
       0
       1
       2
       5
       2
       4
       6
       4
       3
       6
       2
       6
       2
       4
       6
       8
       1
       6
       3
       1
       8
       5
       4
       2
       4
       2
       3
       4
       2
       2
       4
       1
       8
       9
       3
      10
       2
       6
       2
       6
       3
       3
       5
       3
       2
       2
       2
       3
       4
       2
       5
       4
       4
       6
       4
       2
       3
       6
       6
       3
       2
       7
       4
       5
       4
       2
       4
       4
       3
       5
       5
       5
       2
       7
       2
       4
       4
       1
       4
       4
       0
       5
       1
       6
       4
       1
       4
       5
       0
       3
       8
       4
       5
       3
       2
       3
       2
       8
       8
       6
       6
       6
       0
       2
       5
       1
       3
       6
       5
       2
       0
       3
       3
       4
       4
       3
       2
       2
       2
       7
       6
       1
       4
       2
       2
       4
       2
       4
       2
       5
       1
       4
       4
       5
       5
       3
       4
       4
       1
       2
       3
       7
       5
       3
       2
       1
       2
       4
       3
       3
       3
       5
       4
       3
       3
       2
       4
       4
       2
       4
       0
       6
       1
       3
       6
       3
       2
       8
       6
       2
       3
       1
       4
       1
       8
       4
       3
       3
       4
       4
       4
       2
       1
       4
       4
       6
       7
       2
       2
       6
       3
       6
       7
       4
       2
       4
       4
       2
       2
       4
       2
       8
       1
       1
       4
       4
       3
       2
       4
       6
       8
       7
       0
       1
       4
       2
       1
       3
       4
       2
       3
       2
       2
       2
       4
       3
       0
       2
       3
       2
       0
       4
       4
       1
       2
       3
       3
       8
       6
       0
       2
       3
       3
       6
       5
       4
       4
       5
       2
       3
       4
       3
       1
       6
       3
       2
       4
       3
       7
       3
       7
       4
       3
       2
       2
       6
       4
       1
       4
       3
       3
       3
       2
       3
       3
       3
       4
       3
       6
       1
       4
       3
       2
       5
       3
       4
       2
       2
       3
       4
       1
       2
       6
       3
       4
       3
       6
       4
       4
       1
       3
       3
       4
       2
       6
       3
       3
       2
       2
       1
       2
       0
       2
       2
       4
       3
       1
       7
       6
       8
       5
       2
       5
       4
       6
       3
       1
       3
       1
       3
       0
       2
       3
       6
       3
       5
       7
       2
       1
       2
       3
       4
       4
       1
       5
       2
       1
       1
       2
       4
       2
       4
       5
       3
       3
       2
       4
       2
       1
       3
       2
       7
       3
       0
       3
       2
       7
       1
       4
       5
       3
       2
       9
       1
       4
       2
       3
       7
       5
       5
       3
       6
       4
       7
       6
       2
       3
       5
       5
       6
       5
       4
       3
       5
       4
       9
       5
       3
       5
       2
       6
       2
       6
       1
       1
       4
       4
       3
       3
       4
       1
       3
       3
       4
       2
       5
       4
       2
       4
       1
       5
       4
       1
       2
       4
       3
       5
       4
       2
       3
       1
       1
       4
       0
       3
       6
       3
       3
       4
       4
       6
       1
       5
       4
       2
       5
       1
       6
       6
       4
       2
       1
       2
       2
       5
       7
       3
       2
       4
       1
       7
       1
       5
       2
       4
       3
       2
       6
       4
       4
       4
       4
       4
       6
       5
       3
       5
       4
       2
       3
       3
       3
       3
       2
       4
       3
       3
       4
       1
       4
       5
       3
       6
       1
       6
       3
       4
       1
       3
       3
       6
       3
       5
       5
       3
       5
       4
       3
       9
       2
       8
       7
       5
       6
       8
       7
       4
       3
       1
       1
       4
       2
       6
       1
       5
       4
       4
       5
       3
       5
       1
       2
       1
       2
       3
       4
       5
       7
       4
       2
       1
       5
       4
       3
       5
       3
       2
       3
       6
       3
       4
       5
       2
       2
       4
       3
       4
       4
       3
       8
       4
       5
       4
       5
       3
       3
       5
       3
       4
       7
       4
       4
       4
       2
       5
       3
       3
       5
       3
       4
       2
       4
       6
       2
       5
       3
       5
       3
       1
       3
       3
       5
       1
       3
       2
       7
       5
       2
       4
       1
       1
       2
       2
       4
       4
       1
       1
       5
       3
       5
       1
       2
       2
       2
       3
       2
       1
       3
       3
       1
       3
       4
       2
       1
       7
       7
       7
       2
       1
       5
       4
       3
       5
       4
       7
       1
       4
       1
       2
       3
       4
       2
       1
       4
       4
       2
       2
       1
       3
       2
       0
       3
       0
       1
       3
       4
       1
       2
       5
       2
       3
       2
       3
       3
       6
       2
       7
       6
       2
       3
       3
       1
       6
       2
       2
       3
       1
       1
       1
       3
       2
       2
       1
       1
       6
       2
       3
       2
       6
       1
       5
       2
       0
       3
       5
       3
       2
       4
       2
       1
       6
       5
       3
       3
       1
       6
       3
       3
       0
       3
       2
       3
       0
       2
       5
       0
       4
       5
       4
       2
       4
       2
       1
       4
       2
       1
       2
       3
       4
       4
       0
       7
       3
       4
       2
       4
       5
       2
       3
       1
       3
       2
       2
       1
       3
       2
       2
       2
      10
       3
       4
       3
       1
       3
       3
       5
       5
       4
       2
       1
       1
       3
       2
       7
       4
       3
       4
       4
       1
       1
       5
       4
       3
       2
       2
       3
       6
       1
       3
       5
       2
       2
       3
       3
       1
       2
       4
       1
       6
       6
       3
       2
       3
       5
       4
       4
       4
       1
       7
       3
       2
       3
       1
       5
       7
       1
       2
       3
       5
       1
       1
       1
       3
       4
       3
       5
       1
       3
       4
       2
       0
       2
       3
       4
       1
       0
       2
       6
       2
       3
       0
       3
       4
       5
       3
       4
       7
       3
       2
       2
       5
       2
       5
       1
       2
       6
       1
       4
       6
       3
       4
       3
       4
       3
       5
       4
       3
       4
       4
       6
       1
       5
       3
       3
       3
       8
       8
       8
      12
       4
       5
       5
       7
       9
       7
      11
       4
       3
       4
       2
       5
       5
       1
       7
       4
       3
       2
       6
       1
       3
       4
       0
       2
       4
       2
       1
       7
       5
       3
       5
       6
       4
       3
       1
       4
       4
       2
       4
       3
       2
       6
       6
       2
       5
       2
       2
       4
       0
       6
       1
       1
       1
       1
       5
       6
       4
       2
       2
       3
       4
       7
       5
       0
       7
       1
       2
       3
       2
       4
       1
       1
       5
       2
       2
       4
       1
       5
       7
       4
       4
      10
       3
       3
       5
       6
       5
       2
       1
       4
       1
       3
       4
       0
       1
       4
       3
       1
       6
       4
       4
       5
       2
       3
       3
       2
       3
       3
       5
       3
       1
       5
       5
       1
       2
       5
       3
       2
       4
       1
       5
       3
       2
       6
       2
       2
       3
       6
       6
       6
       0
       5
       4
       7
       1
       2
       4
       2
       4
       2
       1
       2
       3
       1
       2
       1
       4
       5
       3
       5
       0
       2
       0
       2
       3
       3
       3
       3
       2
       2
       0
       2
       4
       3
       4
       5
       3
       4
       5
       3
       5
       7
       2
       1
       4
       2
       3
       2
       6
       3
       3
       3
       3
       4
       3
       2
       2
       3
       3
       1
       3
       6
       5
       1
       2
       2
       0
       4
       2
       1
       0
       5
       3
       0
       0
       0
       0
       0
       0
       0
       0
       0
       0
       0
       0
       0
       0
       0
       0
       0
       0
       0
       0
       0
       0
       0
       0
       0
       0
       0
       0
       0
       0
       0
       0
       0
       0
       0
       0
       0
       0
       0
       0
       0
       0
       0
       0
       0
       0
       0
       0
       0
       0
       0
       0
       0
       0
       0
       0
       0
       0
       0
       0
       0
       0
       0
       0
       0
       0
       0
       0
       0
       0
       0
       0
       0
       0
       0
       0
       0
       0
       0
       0
       0
       0
       0
       0
       0
       0
       0
       0
       0
       0
       0
       0
       0
       0
       0
       0
       0
       0
       0
       0
       0
       0
       0
       0
       0
       0
       0
       0
       0
       0
       0
       0
       0
       0
       0
       0
       0
       0
       0
       0
       0
       0
       0
       0
       0
       0
       0
       0
$ROI:
0
$PRESETS:
None
0
0
$ENER_FIT:
-2.173939 0.279251
$MCA_CAL:
3
-2.173939E+000 2.792507E-001 0.000000E+000 keV
$SHAPE_CAL:
3
1.571259E+001 -1.155430E-003 0.000000E+000
