$SPEC_ID:
226Ra
$SPEC_REM:
DET# 1
DETDESC# MCB 132 Input 1
AP# Maestro Version 6.06
$DATE_MEA:
12/10/2021 10:49:03
$MEAS_TIM:
344140 344168
$DATA:
0 8191
       0
       0
       0
       0
       0
       0
       0
       0
       0
       0
       0
       0
       0
       0
       0
       0
       0
       0
       0
       0
       0
       0
       0
       0
       0
       3
    2606
   21217
    2253
     748
     710
     755
     709
     823
     829
     858
     819
     855
     817
     866
     892
     966
    1001
     893
     763
     705
     614
     628
     629
     628
     542
     600
     623
     566
     566
     545
     542
     496
     531
     452
     453
     470
     450
     459
     464
     409
     464
     420
     411
     423
     408
     423
     355
     392
     373
     380
     362
     386
     342
     346
     344
     352
     349
     322
     345
     328
     328
     332
     341
     324
     296
     334
     311
     319
     304
     318
     307
     282
     282
     278
     308
     309
     251
     285
     306
     290
     262
     264
     244
     289
     269
     271
     277
     251
     241
     233
     264
     272
     235
     265
     250
     253
     228
     247
     226
     239
     254
     249
     240
     255
     231
     263
     239
     241
     255
     238
     238
     230
     214
     208
     243
     213
     212
     247
     219
     231
     239
     229
     203
     234
     222
     236
     195
     225
     211
     208
     211
     232
     225
     218
     216
     197
     246
     207
     226
     194
     233
     226
     232
     242
     288
     383
     429
     397
     263
     242
     219
     192
     235
     203
     226
     215
     185
     208
     206
     198
     191
     225
     219
     222
     249
     186
     205
     224
     229
     284
     299
     287
     253
     268
     207
     221
     205
     227
     233
     221
     184
     207
     229
     225
     219
     212
     213
     242
     209
     241
     240
     284
     253
     279
     246
     241
     210
     230
     213
     215
     221
     217
     242
     338
     489
     622
     626
     495
     333
     246
     217
     200
     212
     208
     207
     228
     254
     220
     236
     259
     204
     213
     205
     231
     248
     234
     206
     235
     256
     271
     247
     231
     254
     220
     239
     290
     257
     252
     303
     326
     331
     305
     269
     261
     292
     334
     412
     463
     436
     332
     260
     264
     283
     314
     336
     323
     294
     249
     228
     272
     230
     247
     260
     249
     240
     234
     245
     234
     241
     244
     249
     258
     250
     247
     231
     241
     270
     267
     309
     342
     386
     442
     434
     365
     313
     268
     237
     266
     259
     294
     302
     323
     332
     284
     281
     247
     274
     269
     301
     276
     316
     332
     306
     278
     247
     266
     298
     478
     799
    1217
    1288
    1143
     768
     470
     348
     264
     257
     307
     273
     264
     234
     256
     249
     282
     239
     267
     209
     263
     247
     275
     284
     308
     298
     255
     256
     244
     241
     240
     254
     243
     218
     244
     273
     250
     276
     242
     244
     268
     234
     247
     250
     254
     247
     262
     253
     240
     276
     268
     268
     255
     255
     238
     253
     274
     235
     209
     257
     281
     292
     270
     292
     272
     258
     293
     261
     287
     302
     268
     282
     297
     292
     312
     348
     344
     305
     246
     261
     259
     280
     312
     274
     268
     276
     283
     250
     277
     254
     244
     253
     244
     261
     260
     244
     263
     252
     249
     247
     268
     239
     253
     257
     237
     302
     267
     292
     243
     249
     266
     301
     255
     222
     262
     249
     240
     277
     262
     270
     274
     296
     271
     265
     258
     249
     265
     286
     261
     276
     244
     282
     292
     271
     261
     280
     277
     259
     274
     273
     255
     275
     257
     282
     260
     264
     271
     253
     240
     250
     269
     238
     272
     274
     264
     256
     248
     292
     251
     292
     280
     264
     250
     263
     244
     283
     286
     259
     280
     251
     276
     304
     270
     242
     278
     258
     266
     261
     261
     269
     267
     299
     287
     302
     405
     446
     408
     339
     300
     246
     255
     286
     257
     251
     241
     288
     251
     272
     251
     242
     281
     247
     256
     241
     281
     273
     277
     262
     237
     255
     285
     244
     260
     256
     253
     255
     265
     222
     255
     282
     276
     259
     261
     247
     261
     238
     257
     293
     251
     261
     269
     251
     222
     256
     281
     276
     248
     258
     267
     267
     273
     250
     251
     255
     250
     269
     247
     254
     257
     245
     241
     265
     283
     271
     329
     338
     295
     286
     279
     256
     260
     227
     260
     250
     262
     275
     242
     254
     270
     262
     253
     261
     265
     238
     255
     233
     241
     261
     220
     242
     235
     264
     246
     249
     244
     258
     239
     219
     224
     224
     294
     234
     228
     244
     268
     231
     260
     259
     261
     248
     250
     242
     256
     272
     239
     251
     231
     243
     240
     247
     241
     238
     240
     250
     242
     243
     228
     239
     241
     257
     256
     224
     235
     256
     232
     235
     252
     239
     275
     227
     278
     315
     469
     743
    1065
     954
     781
     484
     293
     253
     251
     240
     224
     269
     207
     246
     238
     232
     245
     237
     231
     239
     240
     233
     226
     234
     222
     227
     224
     228
     221
     235
     212
     219
     231
     230
     225
     260
     257
     237
     233
     226
     253
     249
     206
     234
     227
     232
     252
     260
     292
     254
     235
     238
     219
     233
     224
     223
     224
     227
     237
     229
     223
     262
     242
     236
     235
     238
     217
     228
     212
     205
     287
     236
     274
     286
     268
     227
     218
     230
     217
     245
     231
     237
     221
     243
     227
     237
     255
     263
     236
     267
     226
     203
     214
     210
     224
     232
     205
     192
     245
     220
     218
     203
     185
     206
     218
     212
     237
     200
     206
     200
     218
     210
     230
     242
     230
     213
     200
     232
     208
     212
     206
     211
     228
     193
     216
     221
     183
     216
     212
     222
     195
     199
     198
     204
     187
     218
     220
     253
     185
     184
     212
     223
     206
     213
     204
     222
     204
     216
     220
     210
     203
     220
     234
     228
     225
     199
     209
     213
     181
     205
     179
     204
     192
     186
     198
     186
     202
     208
     195
     229
     203
     227
     181
     202
     165
     224
     191
     211
     190
     190
     212
     215
     219
     194
     208
     195
     209
     221
     256
     392
     465
     513
     444
     323
     268
     247
     220
     196
     196
     224
     209
     240
     243
     207
     196
     206
     196
     190
     190
     192
     192
     176
     191
     188
     180
     193
     202
     181
     189
     166
     179
     194
     197
     183
     178
     193
     177
     197
     213
     152
     192
     191
     173
     181
     205
     176
     190
     208
     173
     191
     163
     189
     198
     198
     160
     163
     193
     166
     157
     169
     186
     155
     209
     189
     181
     190
     176
     184
     174
     196
     178
     182
     187
     196
     164
     165
     186
     170
     169
     178
     179
     163
     172
     162
     176
     149
     161
     184
     170
     197
     184
     185
     165
     159
     186
     182
     159
     162
     166
     174
     186
     166
     153
     180
     161
     166
     167
     162
     175
     153
     177
     196
     180
     225
     187
     173
     190
     169
     188
     170
     153
     172
     145
     163
     178
     161
     147
     155
     179
     175
     164
     151
     156
     143
     170
     152
     169
     154
     170
     174
     155
     185
     187
     191
     164
     166
     186
     148
     155
     167
     163
     184
     150
     153
     159
     146
     155
     166
     151
     156
     165
     159
     169
     167
     166
     137
     167
     166
     148
     162
     158
     204
     162
     162
     155
     137
     160
     165
     168
     160
     153
     165
     148
     175
     156
     156
     149
     154
     139
     171
     165
     177
     171
     139
     127
     162
     134
     143
     153
     176
     184
     182
     161
     195
     172
     167
     162
     153
     152
     161
     151
     137
     143
     166
     137
     164
     128
     157
     166
     155
     182
     152
     161
     169
     160
     135
     145
     144
     159
     150
     152
     143
     147
     143
     168
     159
     148
     146
     133
     144
     143
     126
     141
     132
     170
     145
     139
     142
     122
     157
     128
     138
     151
     147
     143
     151
     140
     144
     138
     154
     144
     151
     145
     130
     157
     129
     131
     141
     128
     162
     148
     123
     127
     140
     130
     146
     135
     142
     139
     165
     148
     124
     135
     142
     132
     126
     133
     131
     139
     134
     132
     149
     140
     145
     162
     144
     155
     135
     125
     129
     126
     161
     141
      96
     136
     167
     146
     135
     144
     128
     148
     123
     127
     127
     128
     145
     129
     136
     161
     147
     144
     138
     135
     133
     138
     143
     123
     134
     131
     130
     144
     157
     145
     137
     152
     134
     144
     127
     149
     122
     130
     138
     128
     127
     162
     141
     151
     130
     131
     147
     147
     135
     163
     141
     180
     207
     187
     185
     178
     135
     125
     135
     132
     125
     130
     140
     119
     125
     130
     132
     136
     118
     112
     100
     125
     135
     127
     120
     129
     104
     142
     129
     122
     113
     132
      97
     119
     119
     119
     136
     137
     139
     111
     112
     122
     105
     149
     129
     137
     120
     139
     131
     166
     153
     162
     187
     154
     154
     110
     108
     126
     120
     126
     116
     118
     135
     116
     104
     128
     120
     139
     118
     114
     128
     148
     131
     112
     103
     119
     129
     128
     107
     103
     106
     123
     123
     133
     125
     117
     118
     117
     128
     114
     122
     108
     114
     128
     121
     118
     116
     107
     132
     113
     122
     105
     111
     110
     113
     129
     127
     111
     130
      88
     109
     126
     122
     125
     138
     119
     113
     125
     105
     107
     102
     119
     123
     118
     113
     108
     112
     101
     103
      90
     109
     118
     123
     125
     120
     125
     106
     111
     118
     107
     108
     110
     123
     115
     123
     113
     102
     111
     113
     126
      97
     122
      94
     115
     120
     124
     123
     127
     112
     109
     128
     115
     118
     132
     107
     111
     117
     108
     100
      90
     117
     128
      99
     121
     122
     108
     101
     104
     113
     106
     110
      92
     120
     120
     122
     129
     127
     119
     113
     110
      90
      94
      90
     128
      99
     121
     108
     117
     128
     113
      92
     104
      97
     110
     103
     125
      92
     101
     105
      91
     103
     107
      98
     102
     111
     119
     102
      81
     106
     100
      97
     114
     103
      89
     118
     100
     110
     128
     111
     106
      99
     102
     100
     118
     104
     104
     103
     105
      93
     104
      99
     104
     105
      98
     107
      90
     101
     103
     102
     109
     108
     110
      94
     126
     110
     106
     113
     107
      90
      86
      96
     110
     113
     100
     107
     113
     117
      99
     103
     113
     108
     105
     101
      96
     103
     101
     100
      91
      93
     115
     104
     121
     107
      95
     114
     100
     101
      80
     110
     105
      93
     109
     118
     115
      85
     108
     124
      96
      98
      92
      99
      80
      89
      93
     110
     101
      88
     100
      93
      92
     110
      95
      98
     105
      96
     114
      80
     105
      89
      94
     106
     104
      73
     101
      87
     100
     102
     120
      98
      84
     110
     108
      94
      96
      87
      97
      98
     122
     168
     231
     353
     537
     665
     640
     555
     380
     246
     128
     116
      99
     104
      96
     100
      93
      93
      97
      95
      94
     112
     103
     108
      97
      81
      94
      84
      85
      80
      98
      88
      74
      82
      85
      88
      99
      83
      92
     102
      90
      93
      95
     106
      89
      78
     109
     109
     100
      95
      82
      95
      90
      88
     104
      95
      93
      90
     115
      91
      97
      85
      88
     105
      90
      98
      92
      78
      85
      98
      81
      76
      89
      81
     107
      84
     102
      84
      79
      85
      94
     100
     104
     105
      98
      82
      77
      83
      92
      82
      86
      95
      78
     102
      76
      95
      81
      88
     102
      90
      83
      82
      89
      88
      90
      92
      86
      90
     104
      89
     107
     100
      99
      86
     103
      86
      74
      75
      97
      89
      89
      85
      98
      94
      87
      89
      89
      97
     105
      99
      79
      79
      89
      90
      83
      77
      77
      85
      88
      60
      75
      80
      80
     101
      69
      92
      84
      72
      94
      77
      81
      73
      91
      84
      93
      81
      94
      73
      96
      91
      84
      84
      78
      88
      85
      77
      85
      79
      82
      79
      98
      89
      82
      65
      82
      68
      71
      83
      71
      81
      89
      84
      75
      71
      87
      78
      84
      88
      88
      68
      96
      83
      65
      71
      66
      84
      77
      68
      72
      91
      72
      75
      68
      61
      74
      83
      80
      77
      81
      80
      91
      79
      76
      81
      92
      99
      75
      81
      75
      94
      68
      74
      59
      71
      73
      81
      91
      79
      84
      64
      70
      91
      81
      80
      84
      86
      81
      95
      87
      86
      88
      71
      81
      86
      94
      81
      72
      81
      92
      90
      75
      67
      90
      71
      78
      82
      76
      72
      96
      91
      85
      68
      77
      80
      88
      88
      90
     109
     111
     121
     127
     145
     151
     231
     294
     345
     412
     511
     527
     575
     574
     557
     513
     422
     325
     275
     240
     185
     157
     129
     115
      98
     102
      77
      88
      74
      62
      67
      79
     100
      68
      71
      82
      58
      55
      75
      72
      62
      72
      77
      62
      60
      63
      61
      68
      75
      70
      68
      61
      63
      71
      61
      85
      63
      61
      60
      63
      75
      65
      78
      58
      75
      49
      60
      71
      59
      70
      57
      78
      68
      74
      82
      65
      67
      55
      72
      51
      79
      56
      62
      59
      75
      62
      78
      84
      67
      65
      73
      57
      67
      62
      77
      73
      57
      70
      59
      68
      69
      64
      75
      61
      72
      75
      58
      76
      53
      49
      66
      54
      66
      50
      71
      62
      63
      61
      64
      59
      74
      57
      65
      58
      63
      63
      65
      79
      52
      67
      57
      61
      57
      62
      54
      64
      48
      72
      61
      68
      69
      65
      64
      54
      66
      66
      62
      74
      61
      54
      56
      60
      59
      55
      51
      68
      80
      65
      70
      62
      63
      57
      60
      55
      51
      57
      40
      62
      74
      80
      66
      62
      67
      63
      50
      68
      71
      64
      64
      57
      62
      63
      56
      48
      66
      72
      61
      73
      62
      69
      69
      55
      67
      81
      69
      74
      68
      62
      64
      69
      67
      71
      62
      60
      79
      60
      73
      70
      77
      57
      51
      72
      63
      72
      69
      55
      72
      75
      98
      95
     131
     116
     128
      97
      90
      84
      74
      69
      63
      67
      67
      62
      78
      52
      65
      64
      70
      57
      59
      73
      62
      66
      62
      56
      54
      57
      63
      64
      58
      64
      41
      56
      68
      58
      43
      61
      52
      75
      64
      65
      40
      46
      73
      77
      71
      75
      74
     118
     117
     136
     145
     121
      83
      88
      64
      72
      51
      55
      56
      52
      58
      52
      67
      66
      58
      60
      58
      62
      50
      48
      61
      55
      54
      53
      52
      61
      63
      60
      47
      44
      60
      58
      58
      42
      57
      60
      51
      54
      62
      47
      50
      59
      67
      59
      59
      70
      60
      80
      69
      59
      80
      59
      74
      68
      70
      60
      69
      57
      58
      56
      70
      62
      58
      63
      56
      71
      59
      72
      69
      57
      66
      49
      61
      62
      52
      53
      70
      62
      57
      54
      69
      45
      70
      47
      66
      72
      52
      55
      79
      84
     107
      78
      93
      89
      95
      82
      81
      69
      52
      66
      58
      66
      65
      66
      82
     116
     178
     238
     359
     402
     454
     427
     324
     211
     157
     106
      92
      77
      54
      69
      66
      47
      59
      61
      63
      50
      79
      59
      73
      41
      58
      66
      55
      59
      50
      54
      45
      51
      46
      56
      54
      63
      60
      49
      55
      43
      56
      49
      59
      50
      67
      40
      47
      61
      56
      62
      50
      51
      39
      52
      48
      59
      68
      39
      60
      50
      53
      46
      56
      46
      58
      44
      53
      47
      61
      47
      48
      53
      71
      42
      59
      63
      58
      53
      50
      69
      56
      70
      55
      51
      50
      48
      42
      55
      55
      57
      49
      47
      49
      36
      51
      45
      71
      42
      53
      56
      51
      62
      57
      61
      44
      44
      51
      51
      41
      59
      36
      50
      46
      50
      66
      55
      59
      48
      41
      47
      50
      52
      53
      58
      56
      41
      46
      54
      57
      61
      52
      59
      56
      36
      51
      46
      53
      52
      67
      48
      39
      49
      56
      52
      48
      39
      56
      45
      54
      43
      56
      53
      45
      52
      54
      57
      56
      60
      48
      61
      46
      46
      54
      67
      57
      71
      89
      86
     160
     276
     426
     482
     537
     577
     491
     405
     279
     157
     109
      65
      65
      54
      50
      49
      46
      50
      52
      44
      54
      49
      50
      45
      47
      42
      49
      47
      45
      37
      49
      50
      41
      50
      58
      52
      50
      47
      48
      51
      45
      58
      52
      57
      52
      62
      54
      31
      47
      41
      46
      46
      49
      57
      65
      50
      41
      42
      50
      51
      39
      38
      52
      47
      43
      49
      44
      46
      42
      51
      50
      57
      49
      37
      44
      39
      48
      43
      39
      53
      57
      50
      37
      37
      61
      46
      48
      37
      51
      48
      47
      46
      35
      54
      51
      31
      48
      36
      45
      66
      43
      35
      42
      50
      39
      36
      43
      46
      41
      43
      57
      51
      62
      61
      62
      56
      52
      60
      51
      42
      54
      47
      53
      61
      37
      54
      38
      58
      68
      46
      47
      38
      52
      49
      48
      68
      60
      48
      57
      59
      39
      44
      53
      56
      50
      45
      50
      37
      52
      57
      54
      54
      59
      58
      48
      47
      46
      56
      63
      45
      45
      56
      44
      41
      66
      49
      54
      50
      44
      51
      37
      50
      38
      48
      47
      48
      43
      49
      49
      57
      42
      48
      43
      46
      50
      32
      45
      41
      54
      34
      31
      47
      39
      47
      50
      52
      46
      53
      47
      39
      44
      40
      45
      51
      42
      31
      46
      31
      29
      39
      42
      41
      51
      45
      52
      69
      54
      81
     120
     189
     282
     336
     366
     325
     302
     254
     166
      99
      87
      61
      47
      40
      51
      44
      38
      48
      54
      58
      56
      56
      54
      46
      49
      47
      50
      38
      40
      47
      38
      39
      44
      52
      36
      51
      46
      40
      42
      50
      46
      48
      49
      52
      45
      37
      55
      47
      40
      48
      44
      29
      47
      41
      38
      33
      52
      42
      40
      41
      34
      39
      38
      37
      52
      38
      39
      37
      35
      48
      51
      45
      44
      52
      47
      57
      41
      47
      49
      42
      47
      41
      28
      33
      24
      48
      44
      35
      36
      46
      48
      37
      52
      32
      42
      50
      39
      44
      30
      43
      49
      37
      34
      55
      44
      44
      36
      33
      52
      36
      40
      46
      53
      41
      40
      49
      33
      45
      41
      39
      47
      45
      44
      50
      37
      33
      32
      33
      46
      49
      44
      47
      34
      40
      43
      36
      32
      41
      40
      44
      44
      32
      35
      48
      33
      54
      40
      41
      32
      47
      46
      32
      56
      49
      46
      53
      49
      71
      55
      62
      66
      44
      49
      47
      45
      41
      31
      41
      36
      49
      45
      44
      27
      30
      47
      47
      36
      40
      41
      28
      28
      47
      42
      29
      47
      26
      40
      47
      34
      35
      41
      45
      45
      36
      40
      34
      32
      47
      43
      30
      35
      41
      49
      35
      36
      54
      37
      28
      34
      33
      33
      45
      39
      48
      40
      37
      32
      48
      35
      24
      40
      32
      37
      39
      41
      46
      39
      42
      40
      50
      53
      42
      35
      40
      41
      44
      27
      48
      37
      37
      46
      44
      39
      40
      38
      41
      52
      41
      56
      30
      33
      38
      32
      42
      44
      36
      32
      39
      42
      38
      60
      46
      45
      52
      29
      39
      39
      37
      42
      37
      39
      41
      33
      53
      27
      36
      25
      28
      48
      38
      39
      35
      37
      30
      38
      35
      43
      49
      48
      49
      45
      37
      45
      41
      43
      48
      35
      33
      38
      41
      40
      38
      35
      30
      40
      39
      38
      25
      44
      32
      47
      34
      32
      31
      28
      44
      30
      35
      43
      48
      32
      40
      39
      37
      33
      45
      43
      26
      44
      43
      46
      27
      44
      27
      26
      35
      42
      23
      36
      31
      31
      27
      37
      34
      37
      37
      38
      40
      43
      38
      42
      38
      36
      33
      33
      35
      25
      37
      32
      47
      44
      39
      30
      41
      41
      36
      42
      41
      42
      35
      30
      25
      31
      40
      42
      44
      35
      39
      37
      37
      32
      40
      43
      43
      32
      34
      39
      48
      37
      38
      40
      38
      43
      40
      34
      33
      45
      42
      40
      40
      38
      35
      32
      31
      25
      46
      38
      45
      42
      44
      34
      34
      46
      50
      40
      29
      46
      42
      43
      50
      42
      36
      42
      32
      35
      38
      33
      40
      39
      30
      30
      40
      43
      44
      39
      37
      36
      31
      23
      42
      37
      42
      28
      39
      48
      33
      30
      34
      36
      39
      40
      23
      26
      42
      31
      47
      40
      44
      38
      34
      30
      38
      26
      43
      37
      37
      41
      41
      29
      37
      43
      37
      37
      39
      40
      38
      36
      33
      23
      35
      39
      34
      29
      28
      28
      30
      29
      32
      40
      43
      32
      39
      35
      47
      55
      47
      32
      34
      22
      53
      37
      31
      29
      30
      16
      32
      39
      39
      35
      34
      43
      29
      29
      25
      33
      31
      31
      28
      37
      36
      43
      40
      40
      42
      39
      33
      32
      30
      30
      33
      25
      37
      28
      43
      31
      34
      27
      32
      31
      27
      23
      39
      39
      35
      41
      34
      22
      35
      40
      34
      32
      31
      32
      37
      42
      27
      38
      36
      31
      27
      33
      33
      36
      40
      33
      42
      34
      30
      34
      31
      29
      42
      37
      35
      38
      26
      32
      36
      31
      32
      35
      34
      37
      30
      35
      33
      36
      36
      32
      33
      34
      36
      33
      27
      30
      26
      25
      35
      34
      30
      36
      30
      37
      37
      24
      29
      29
      34
      33
      25
      26
      28
      24
      31
      33
      36
      23
      31
      28
      33
      35
      36
      38
      36
      27
      33
      37
      38
      34
      34
      40
      34
      27
      32
      39
      30
      28
      34
      17
      39
      28
      34
      27
      37
      26
      31
      33
      34
      32
      41
      37
      29
      30
      33
      31
      31
      38
      42
      36
      30
      22
      34
      31
      35
      26
      28
      48
      30
      38
      44
      51
      60
      74
      66
      68
      69
      64
      60
      52
      46
      31
      39
      35
      26
      28
      32
      25
      21
      32
      32
      29
      32
      31
      38
      27
      29
      29
      38
      39
      41
      33
      47
      32
      31
      32
      25
      26
      24
      21
      31
      31
      33
      25
      34
      34
      33
      28
      26
      26
      30
      28
      30
      27
      26
      39
      31
      40
      39
      28
      32
      32
      45
      35
      34
      33
      20
      33
      25
      29
      27
      27
      26
      28
      28
      25
      31
      35
      33
      28
      22
      26
      33
      18
      23
      38
      35
      33
      38
      27
      43
      27
      31
      34
      25
      37
      27
      38
      38
      25
      40
      27
      38
      30
      27
      28
      34
      35
      29
      25
      26
      25
      28
      38
      35
      34
      24
      37
      26
      27
      26
      36
      21
      27
      33
      24
      29
      29
      30
      41
      35
      21
      30
      23
      25
      29
      28
      34
      25
      32
      34
      24
      19
      22
      18
      33
      37
      37
      20
      34
      34
      22
      29
      33
      29
      21
      23
      20
      34
      22
      23
      27
      37
      29
      26
      27
      24
      29
      37
      25
      27
      28
      34
      36
      27
      32
      28
      27
      26
      29
      25
      32
      26
      37
      32
      43
      32
      42
      38
      31
      33
      33
      39
      32
      41
      35
      35
      32
      31
      28
      30
      34
      22
      36
      30
      38
      35
      33
      52
      57
      64
      54
      52
      49
      40
      34
      34
      23
      23
      29
      34
      23
      29
      40
      31
      27
      25
      23
      25
      27
      21
      24
      34
      26
      26
      30
      25
      25
      29
      30
      27
      34
      22
      33
      28
      21
      27
      23
      29
      41
      25
      32
      30
      26
      36
      31
      21
      36
      26
      26
      25
      31
      30
      27
      31
      27
      27
      34
      33
      23
      24
      31
      23
      33
      20
      17
      34
      33
      19
      25
      24
      24
      27
      31
      20
      30
      28
      21
      18
      24
      24
      23
      27
      25
      25
      33
      23
      32
      19
      21
      25
      25
      21
      21
      27
      27
      24
      38
      20
      31
      21
      37
      32
      31
      27
      34
      40
      30
      36
      27
      35
      47
      59
      78
      62
      54
      55
      43
      52
      49
      40
      39
      28
      28
      30
      26
      28
      26
      17
      28
      21
      33
      28
      29
      23
      36
      23
      32
      22
      22
      21
      33
      19
      27
      30
      22
      26
      23
      33
      25
      26
      23
      33
      33
      26
      28
      26
      29
      38
      29
      26
      32
      29
      31
      38
      27
      27
      29
      31
      31
      24
      27
      23
      35
      23
      40
      32
      28
      30
      28
      31
      33
      29
      31
      31
      24
      22
      25
      18
      22
      25
      31
      23
      20
      30
      25
      26
      25
      23
      27
      27
      18
      27
      25
      32
      28
      16
      27
      14
      32
      29
      14
      29
      29
      28
      22
      30
      21
      26
      27
      35
      23
      37
      27
      23
      24
      18
      27
      20
      20
      18
      32
      23
      28
      28
      23
      20
      23
      27
      27
      24
      19
      35
      20
      20
      26
      29
      24
      25
      24
      26
      26
      26
      31
      22
      26
      34
      24
      24
      29
      21
      33
      27
      29
      29
      31
      19
      28
      36
      25
      35
      32
      27
      25
      20
      31
      30
      28
      24
      29
      29
      37
      32
      20
      31
      23
      30
      33
      19
      31
      34
      26
      27
      19
      22
      26
      22
      24
      21
      30
      20
      19
      19
      18
      23
      23
      24
      29
      32
      26
      23
      28
      24
      21
      25
      33
      25
      32
      21
      31
      17
      27
      28
      27
      25
      16
      32
      20
      29
      22
      22
      35
      46
      41
      40
      51
      55
      45
      43
      39
      40
      40
      30
      30
      27
      20
      32
      25
      23
      30
      29
      21
      20
      27
      19
      20
      19
      20
      19
      27
      30
      31
      24
      13
      27
      24
      25
      27
      23
      39
      14
      19
      21
      22
      24
      31
      25
      29
      29
      19
      30
      26
      23
      24
      26
      34
      24
      18
      17
      24
      28
      28
      29
      23
      23
      24
      27
      24
      21
      24
      31
      26
      25
      19
      19
      30
      19
      22
      27
      19
      23
      20
      27
      17
      23
      32
      31
      22
      25
      21
      19
      20
      28
      28
      23
      36
      28
      13
      20
      31
      15
      22
      17
      20
      28
      23
      27
      28
      25
      16
      21
      23
      23
      20
      19
      34
      24
      35
      27
      28
      15
      30
      21
      18
      31
      24
      29
      34
      19
      23
      23
      22
      27
      24
      37
      27
      19
      29
      23
      17
      20
      15
      21
      22
      19
      20
      25
      21
      32
      33
      25
      20
      17
      30
      27
      32
      23
      24
      28
      38
      23
      24
      16
      23
      25
      19
      22
      19
      20
      20
      24
      32
      18
      18
      21
      26
      31
      34
      25
      30
      18
      24
      13
      21
      21
      27
      16
      19
      18
      23
      22
      16
      23
      30
      20
      23
      29
      30
      24
      25
      20
      26
      22
      33
      24
      26
      34
      35
      47
      31
      37
      34
      31
      28
      26
      24
      26
      15
      27
      23
      17
      23
      23
      24
      18
      21
      26
      27
      18
      24
      24
      25
      20
      21
      25
      21
      31
      18
      30
      29
      22
      15
      24
      29
      24
      25
      18
      21
      18
      15
      24
      18
      25
      26
      23
      21
      20
      23
      24
      22
      19
      40
      22
      26
      24
      28
      29
      26
      27
      20
      30
      16
      21
      16
      19
      20
      27
      23
      23
      21
      21
      20
      23
      22
      19
      16
      24
      18
      21
      24
      26
      16
      21
      18
      19
      11
      19
      26
      23
      20
      17
      15
      18
      22
      19
      33
      23
      20
      28
      25
      22
      25
      21
      23
      25
      27
      26
      17
      31
      23
      27
      18
      18
      19
      17
      22
      22
      28
      20
      31
      30
      18
      31
      25
      23
      17
      23
      27
      15
      25
      21
      29
      36
      27
      16
      22
      24
      18
      20
      17
      19
      25
      26
      19
      29
      25
      23
      19
      23
      20
      21
      19
      31
      22
      26
      20
      24
      18
      28
      23
      18
      25
      26
      22
      27
      22
      27
      35
      18
      19
      21
      17
      26
      15
      12
      14
      20
      19
      21
      27
      34
      25
      19
      27
      20
      26
      26
      24
      34
      23
      28
      26
      18
      21
      26
      28
      24
      27
      23
      20
      18
      20
      26
      20
      24
      26
      10
      23
      20
      18
      21
      22
      21
      22
      20
      21
      25
      14
      28
      16
      28
      12
      31
      10
      25
      19
      23
      14
      13
      22
      23
      17
      23
      18
      23
      25
      14
      17
      23
      25
      25
      18
      22
      22
      32
      21
      33
      18
      22
      21
      17
      22
      20
      22
      17
      17
      30
      16
      25
      20
      22
      14
      23
      15
      21
      19
      22
      22
      11
      16
      12
      18
      19
      14
      19
      35
      26
      16
      28
      19
      14
      20
      17
      19
      11
      22
      21
      14
      24
      23
      20
      21
      24
      22
      28
      20
      24
      17
      18
      11
      21
      23
      16
      19
      17
      13
      20
      15
      23
      24
      24
      30
      24
      18
      27
      16
      12
      16
      21
      27
      15
      18
      18
      26
      19
      22
      17
      26
      25
      36
      28
      23
      31
      20
      17
      33
      18
      14
      17
      24
      16
      28
      23
      20
      15
      24
      28
      21
      21
      25
      21
      21
      31
      25
      21
      21
      22
      15
      20
      24
      34
      20
      30
      21
      20
      22
      20
      23
      24
      25
      25
      21
      19
      23
      25
      19
      26
      22
      24
      26
      15
      15
      14
      24
      25
      21
      21
      23
      23
      25
      18
      16
      14
      21
      30
      22
      19
      31
      18
      21
      20
      22
      19
      16
      23
      29
      15
      28
      23
      28
      23
      31
      27
      27
      31
      26
      31
      28
      28
      19
      18
      27
      16
      28
      18
      12
      17
      25
      14
      15
      16
      15
      21
      19
      17
      15
      15
      25
      14
      20
      17
      20
      15
      25
      25
      20
      22
      18
      20
      22
      16
      19
      20
      20
      13
      25
      23
      22
      11
      16
      16
      17
      23
      11
      19
      25
      15
      14
      26
      26
      22
      23
      13
      20
      17
      24
      14
      21
      12
      16
      12
      22
      24
      13
      13
      19
      18
      20
      17
      18
      10
      20
      19
      17
      15
      22
      17
      19
      15
      26
      12
      15
      24
      27
       7
      28
      16
      21
      16
      16
      20
      15
      24
      21
      18
      24
      15
      13
      16
      16
      29
      20
      17
      14
      19
      15
      20
      15
      23
      21
       9
      19
      22
      17
      22
       8
      16
      20
      17
      13
      17
      17
      14
      17
      16
      25
      15
      18
      19
      18
      19
      20
      12
      14
      18
      21
      17
      19
      16
      16
      14
      21
      24
      19
      19
      13
      13
      25
      22
      17
      18
      15
      19
      18
      17
      24
      18
      10
      25
      12
      22
      12
      14
      22
      18
      11
      19
      21
      15
      15
      21
      18
      18
      19
      21
      15
      17
      22
      19
       6
      16
      24
      23
      18
      15
      22
      18
      13
      18
      14
      19
      20
      25
      17
      25
      18
      25
      20
      16
      20
      15
      15
      28
       7
      17
      20
      15
      17
      18
      21
      17
      16
      17
      22
      21
      13
      15
      22
      19
      19
      22
      27
      17
      18
       8
      22
      13
      23
      19
      20
      18
      19
      15
      14
      19
      12
       9
      19
      18
      16
      22
      19
      16
      17
      15
      15
      17
      19
      18
      14
      27
      17
      14
      19
      14
      16
      10
      17
      14
      15
      14
      17
      19
      12
      17
      14
      16
      19
      18
      24
      22
      16
      13
      18
      28
      19
      21
      26
      14
      17
      16
      17
      24
      23
      11
      14
      16
      17
      17
      19
      14
      16
      17
      19
      22
      23
      17
      29
      14
      17
      25
      10
      24
      17
      22
      12
      13
      19
      15
      14
      19
      22
      21
      22
      11
      11
      15
      16
       7
      12
      14
      14
      14
      13
      14
      11
      16
      18
      19
      14
      25
      19
      13
      12
      17
      18
      20
      17
      14
      16
      19
      14
      14
      19
      14
      22
      14
      17
      19
      17
      14
      16
      12
      18
      12
      16
      17
      11
      18
      20
      14
      14
      17
      17
       8
      19
      20
      21
      16
      19
      11
      18
      17
      17
      20
      11
      15
      15
      20
      14
      16
      21
      11
      18
      11
      14
      19
      14
      14
       7
      10
      23
      13
      14
      11
      19
      21
      15
      21
      16
      14
      13
      18
      15
      18
      18
      18
      19
      15
      13
      14
      16
      14
      16
      16
      15
      11
      16
      12
      16
      17
      17
      19
      16
      18
      10
      17
      17
      11
      21
      21
      16
      16
      16
      17
      16
      17
      14
      12
      13
      12
      12
      16
      19
      14
      13
      12
      20
      11
      23
      10
      10
      18
      17
      13
      12
      22
      16
      14
      23
      21
      10
       7
      11
      18
      15
      22
      16
       8
      17
      20
      14
      16
      12
      16
      16
      17
      20
      18
      20
      19
      15
      14
      10
      18
      16
      17
      16
      23
      22
      17
      18
      14
      26
      25
      23
      19
      19
      24
      20
      18
      13
      13
      12
       9
      18
       9
      16
      19
      10
      15
      11
      13
      16
      13
      13
      18
      13
      17
      17
      11
      15
      20
      11
      17
      11
      15
      16
      12
      14
      11
      18
      15
      17
      19
      23
      17
      11
      14
      13
      11
      24
      14
      20
      14
      15
      16
      11
      16
      16
      15
      10
      14
      20
      16
      14
      13
      25
      14
      13
      14
      13
      18
      14
      17
      18
      15
      16
      19
      15
      11
      17
      12
      18
      12
      22
      17
      12
      16
      14
      15
      22
      18
      21
      18
      20
      21
       8
      20
      17
      20
      13
      18
      12
      15
      17
       8
      15
      20
      13
      14
      15
      26
      25
      19
      17
      12
      15
      22
      12
      13
      23
      25
      20
      21
      14
      15
      14
      12
      17
      13
      14
      21
      14
      16
      14
      11
      23
      23
      16
      17
      17
      14
       8
      12
      18
      18
      21
      10
      21
      17
      14
      18
      17
      14
      11
       8
      10
      14
      14
      14
      13
      21
      16
      19
      19
      11
      14
      22
      13
      15
      20
      15
      12
      15
      18
      19
      23
      15
      17
      15
       9
      10
      18
      12
      21
      17
      14
      18
      15
      20
      19
      11
      21
      15
      20
      19
      15
      11
      20
      13
      18
      16
      12
      12
       7
      23
      17
      14
      11
      20
      10
      11
      12
      17
      11
      13
      16
      17
      15
      14
      15
      18
      11
      18
      20
      13
      14
      15
       9
      18
       8
      12
      14
      17
      11
      12
      12
       9
      19
      15
      16
      15
       7
      13
      11
      12
      15
      13
      13
      11
      12
      13
      11
      12
      12
      18
      13
       6
      13
      14
      12
      25
      17
      14
      14
      12
      12
      12
      16
      10
      10
      11
      15
      10
      19
      10
       6
      13
      15
      11
      21
      14
      13
      17
      17
      17
      14
      12
      24
      26
      28
      46
      40
      39
      58
      88
      81
      88
      88
      84
      85
      71
      65
      62
      41
      30
      26
      17
      22
      15
      19
      19
      12
      10
      11
      19
       8
      13
      15
      17
       8
      12
      17
      13
      15
      14
      16
      13
      19
      21
      12
      12
      12
      17
      14
       8
      10
      12
      12
      14
      19
      13
      18
      14
      15
      15
       9
      15
      14
      14
      13
      16
      10
      21
      18
      17
      15
       8
      13
      16
      11
      11
      13
      10
      18
      10
      11
      10
       8
      13
      10
      22
      15
      14
      10
      14
      12
      14
      18
      15
      18
      10
       8
      12
      13
      13
       6
      16
       9
      12
      12
      15
       8
       7
       9
      20
      16
       4
       8
      16
       8
       4
      17
      13
      13
       7
      11
       6
      11
      10
      11
      10
      12
      14
      19
       7
       9
      13
      13
      21
      11
      21
      20
      18
      12
      11
      13
      12
      17
      10
      14
       9
      10
      12
      14
      18
      10
      14
      15
      13
      12
      12
      11
      14
      15
      14
      12
       6
      10
      10
      11
       9
      18
      10
      13
      11
       9
      14
      13
      15
      15
      13
      12
      13
      10
      14
      17
      13
      15
       9
      12
      13
      22
      16
      17
      20
      12
      20
      12
      14
      17
      19
      10
      10
      14
      10
      16
      13
      15
       8
      19
       8
      14
      10
      12
      19
       7
      11
      18
      12
      13
      17
      16
      10
      12
      14
      12
      13
      17
       8
      19
      11
      17
      11
      15
      14
       9
       3
       8
      10
      13
      10
      13
      13
      16
       9
      16
      17
      10
      15
      21
      14
      13
       9
      12
      13
       9
      10
      24
      14
      19
      15
      13
      14
       9
      10
      14
      10
      10
      12
       9
      10
      17
      15
       6
      11
       7
      12
      15
       6
      15
      15
      15
       8
      10
      14
      10
       9
      14
       8
      13
      16
      12
      14
      14
      16
      15
      12
      12
       8
       8
      10
      10
      12
      12
      16
      15
       9
      14
       9
      11
       7
      17
      17
      16
      13
       9
      10
      15
      11
      13
      17
       8
      11
      12
       6
      14
      17
      14
      12
      11
      12
      15
      15
      12
      12
      11
       9
      13
      13
      14
      18
       9
       6
      12
      11
       8
      15
       8
       9
      16
      10
      10
       8
      11
       9
       6
      16
      14
      13
      16
       8
      11
      11
      14
      10
      15
      11
      15
      17
      10
      10
      17
      10
      14
      19
      12
      16
      10
      10
      13
      12
       7
      16
      13
      14
      11
      11
      15
       4
      11
      10
       9
      10
       6
       9
      12
      10
      11
      10
       9
      17
       8
      14
      19
      11
      12
      17
       5
      10
       7
      12
      10
      14
       6
       7
      23
      15
      10
       5
      11
       5
       6
      12
      16
      10
      10
      11
      10
      11
       7
      12
      10
      11
      11
      13
      13
      11
      16
       9
      13
      16
       7
      14
      14
       7
       9
       8
      13
       7
      12
      12
      16
      14
      18
      19
      13
      11
      10
      17
      19
      12
      13
      16
       6
      12
      10
      15
      12
      21
      17
      11
      24
       7
      17
      18
      13
      11
      18
      14
      19
      16
       5
      17
      18
      11
      16
      16
      13
      14
      13
      12
      20
      16
      18
      13
      17
       9
       7
       7
      11
       8
      11
      13
      12
       8
      10
      10
      12
      13
      10
       8
      12
      18
       7
      10
       9
      18
      13
      10
      11
       8
       9
       6
       5
      15
       8
      12
       8
       9
       8
      13
      15
       7
      13
      11
       9
      10
       8
       7
       6
      18
       9
      11
      11
       7
       9
      16
      11
       6
       8
       7
       9
      13
      16
      10
      15
      13
      18
       9
      13
      11
      12
       9
      15
      11
      12
      12
       8
      11
      14
      13
       8
      11
       4
      13
       8
       8
       9
      10
      16
      13
      14
      12
      10
       9
       7
      16
      16
      12
       9
       8
       7
      11
      10
       6
       7
       8
      10
      17
      11
       8
       7
       9
      10
       9
       5
       6
       6
       9
      17
      10
      10
       9
      13
       9
       9
      11
      12
      10
      19
      18
       6
       8
      13
      12
      14
       9
       9
      13
      15
      11
      14
      13
       9
      16
       8
       8
       6
      13
      12
       8
      11
       7
       8
      10
       8
      10
      19
      17
      17
       9
       8
      11
       5
       9
       6
      12
      10
      12
      11
      11
      14
      13
       9
       4
      12
      13
       6
      11
      12
      12
      11
       9
      13
      11
      11
      14
      17
       9
      15
      10
       5
      13
       6
       9
      12
      12
      13
       9
       8
       7
       9
       7
      12
       5
       8
      18
       6
       6
      17
      13
      15
       8
      12
      13
       9
      10
      15
       8
       7
      11
      11
      14
      13
      12
      13
      11
      10
      11
       9
       4
       8
      13
       6
       9
      10
       4
      12
      11
       7
      11
      10
       8
      14
      12
      16
       9
      10
       8
      12
      10
       7
      12
      16
       6
      11
       8
       9
      13
       9
      10
       7
      10
      15
      12
      11
      11
       6
      11
       6
       8
      11
      10
      14
      11
       5
       9
       6
       8
      10
      12
      13
       7
       7
       7
       9
      10
      13
      13
       5
       7
       9
       9
       8
      13
       7
       7
      17
      11
      17
       8
       6
      11
      11
      11
       9
       8
       8
      13
      15
       7
       9
      10
       8
       6
      12
       8
       6
       6
       9
      10
       8
       6
       7
      10
      11
      11
      11
      11
      12
      12
       9
      10
      12
      12
      14
      12
       5
       6
      16
      11
       8
       8
      18
       9
      14
      12
       9
      12
      11
      10
      14
      13
       6
       7
       8
       7
       8
      13
       8
       8
      14
      18
       8
      13
      11
      14
       8
      12
       6
       7
      11
      18
       8
      12
       7
       6
       7
      11
      15
       8
       8
      10
      10
      10
      10
      16
      10
      15
      10
      10
      10
      11
       8
       8
      15
       8
       8
      12
       8
      11
       9
      17
      11
      11
       8
       4
       8
       6
       8
       6
      16
      13
       4
       8
       8
       4
      17
       8
      13
       8
      11
      10
      10
      10
      14
       5
      12
      16
       5
       5
       5
       9
      12
      12
      10
       9
      10
       7
       8
       9
      11
      10
       5
      11
      10
       4
       5
      10
       8
       8
       6
      11
      15
      10
      10
       6
      14
       8
      12
       7
       6
      14
       2
      13
      13
       5
       6
       8
       7
       7
      11
       7
      11
       8
      17
      14
      13
      11
      13
      13
      16
      14
      17
      19
      18
      15
      14
      13
      10
      13
      14
       7
       6
       7
       6
      10
      12
       8
       7
      12
       5
      10
       8
       5
      10
       4
       4
      10
      13
      18
      15
      10
       6
       5
       6
      11
       7
       9
      11
      11
       5
      11
       9
      19
      11
       6
       7
       6
      11
       3
      13
      12
       9
      11
       7
       6
       7
       7
       8
      16
       6
      12
       9
       5
      10
      14
       8
       7
       9
      10
       6
      10
       8
      11
      10
      11
       6
      13
       9
      11
       8
      10
      11
      12
       9
      16
       3
      11
      11
       9
      13
       8
      11
      12
       2
       9
       7
       6
      12
       9
      11
       9
       5
       3
      10
       9
       8
       2
      10
      14
       4
      15
      12
       9
       9
      12
      15
      16
      24
      23
      22
      30
      39
      29
      26
      34
      52
      34
      30
      33
      20
      35
      14
       7
      15
       6
      16
       9
      11
       5
       6
      13
      13
       8
       3
      10
      11
       3
      12
       9
       8
       7
      13
      11
      12
      10
      10
       6
       6
      11
       8
       7
       9
       7
      15
       6
       7
       9
       4
       9
       9
       7
      10
       9
       8
      12
       9
       7
      10
      10
       4
       9
       8
      12
      10
      10
       8
       8
       9
       8
       4
      12
       6
      12
       6
      11
       8
       7
       7
       5
       8
      12
       4
       7
       7
      10
      11
       5
      10
       6
       8
       7
       6
       9
      10
      14
      11
       6
      13
       9
       9
       8
       7
       8
      11
       8
      10
       4
      10
      12
       7
       7
       7
      10
      10
       6
       4
       8
       8
       9
       6
       6
      10
      10
       9
       3
      11
       7
       8
      11
       9
       8
       3
       5
      10
       7
      12
       7
      13
      14
      10
       9
      13
       4
      11
       2
      10
       8
       9
      12
       5
      12
      10
      11
       8
      10
       8
       9
       9
      12
       9
       8
       7
       7
       8
      11
       8
       8
       6
      11
      19
      11
       8
       9
      10
       6
      12
      11
       5
      11
       9
      12
       5
      10
       4
       8
       5
      10
      12
       7
       6
       3
       9
      10
       8
       6
      11
      10
       4
      12
      10
       7
       6
       8
       5
       6
      14
      10
       9
      14
       8
       5
       6
       7
       7
       8
      16
       9
       4
       4
      15
      11
       4
       9
       4
       6
       9
      12
      10
       4
       5
       8
       9
       8
       7
       8
       6
       6
       4
       4
       8
       2
      13
      11
      10
       8
      13
      12
       5
       5
       9
       8
      13
      12
       5
       8
      13
       8
       7
      11
       7
      11
      11
       8
       9
      13
       7
       8
      11
      15
       6
       8
      11
       2
       7
       8
       7
      12
       8
       9
       6
       7
       7
       9
       9
       7
      12
       6
       8
       9
       8
      10
      12
      15
      12
       6
       6
      12
      10
      18
      12
      16
      13
       7
      12
       9
      15
      18
       7
      12
      12
       5
       6
       4
       8
       6
      10
      10
       9
       9
       6
       6
       8
       9
       6
       8
       8
       8
       7
       8
       8
       6
       7
      14
       6
       5
       9
      15
       6
      10
       8
       6
       9
       6
       8
       7
       3
      10
       9
       6
      10
      10
       5
       7
       7
       4
      11
      12
       8
      11
       9
      10
       9
      10
       5
       9
       5
      11
      13
       5
       7
      10
       3
       6
       6
       6
       9
       4
       5
       5
       8
       5
      12
       8
      15
       5
       4
       6
       9
       9
       6
       9
      10
      12
      10
       8
      12
      16
      10
       9
       4
      13
       8
       9
       9
       9
       5
       4
       6
       7
       9
       9
      16
      14
       8
       3
       5
      10
       7
       7
       9
      12
      12
      13
       6
       7
       6
      10
       7
      14
       5
       3
       6
       8
       8
       9
       5
       7
       9
       8
       5
       8
      13
       8
       5
       8
       9
       8
       8
      12
       8
       6
       9
       9
       7
       6
       7
      11
      16
       2
      13
      11
       6
       9
      10
       3
       9
       7
       5
       9
       8
       8
      10
      10
      10
       6
       8
       9
       5
       6
       7
       6
       7
       8
       7
       6
       8
       9
       7
       2
       8
      13
       5
      11
       8
       6
       4
       9
      12
       6
       9
      11
      14
       4
       9
      10
       4
       7
       8
      11
       7
      12
       9
      12
      10
       9
      15
       6
      11
      12
       8
      13
       8
       6
       5
       9
      14
       6
      10
       5
       8
       9
       5
       4
       5
      12
       7
       6
      11
       7
       5
       6
      11
       5
       5
      12
       2
       7
       7
       9
       9
       7
       6
       9
       7
       5
       7
       5
      10
       1
       4
      15
       7
       6
       7
       8
       7
       7
       7
       6
       6
       7
       5
       8
       3
       7
       5
       9
       8
       9
       6
       7
       7
      10
       7
       9
      10
       4
      13
       9
       6
       3
       7
       4
       5
       8
       9
       4
       7
       4
       6
      10
       3
       5
       4
       8
       6
       9
       9
       6
       5
      14
       9
       9
       7
       9
      10
      14
       5
       9
       8
       9
      11
       5
       4
       3
       5
       5
       7
       7
       9
       7
       9
       9
       9
       9
       9
       6
       7
       8
       5
      10
       7
       7
      10
      11
      11
       6
       8
      10
       7
       7
       8
       9
       7
       7
      12
       9
       8
       5
       9
       5
       6
       5
       7
       8
       9
       5
       7
       8
       7
      10
       3
       6
       7
      11
       6
       5
      12
      10
       4
       8
      11
       7
       3
       6
      13
       3
       7
       7
       4
       3
      11
      13
       7
      10
       5
       8
      11
       2
      10
       6
       8
       4
       7
       7
      11
      11
       7
       5
      10
       8
       9
      11
       9
       5
       7
       9
       6
       7
       8
       5
       8
       7
       8
      10
       6
       8
      12
       5
       9
       9
       4
       7
       7
      11
       7
       9
      10
      10
      11
       7
       4
       6
       5
      12
      11
       6
       8
      14
       9
       5
       5
       7
       7
       8
       9
       7
       8
      10
       8
       7
       3
       7
       3
       7
       4
       7
       8
       4
       8
       6
       6
      10
       7
       6
      11
       5
       5
       7
       4
       7
       9
       8
       6
       6
      10
       6
       8
       6
      12
       7
       4
       3
       9
       4
      15
       4
       9
       5
       4
       3
       8
      14
       6
      11
       3
       4
       8
       7
       8
       9
       6
       2
       9
      11
       7
       9
       5
       5
      11
      10
       9
      13
       5
       7
       8
       8
      10
      10
      10
      11
      12
       3
       9
       7
       7
       9
       5
       7
       6
       5
       6
       5
       9
       1
       6
       4
      10
       4
      10
       4
      13
       4
       8
       4
       7
       8
       5
      10
       5
       4
       5
       7
      11
       4
       5
       4
       6
       9
       4
       6
      11
       6
       6
       3
       6
       7
       6
      12
       6
       7
       9
       4
       5
       5
       4
       9
       3
       8
       8
      14
       9
       9
       7
       5
       7
      13
       5
       9
       6
       3
       5
       8
       6
       8
       9
       6
       7
       7
       7
      12
       6
       3
      13
       9
      11
      10
       8
       9
       3
      13
       7
       7
       8
       9
       8
       7
       7
       9
       5
       7
       6
       4
      10
       6
       5
       7
       7
       9
       8
       9
       5
       6
       4
       8
      10
       8
       5
       8
       5
       7
       9
       8
       3
       6
       6
      13
       6
       6
       9
      10
       8
       5
       8
       8
       6
       6
       9
       7
       6
      12
       7
      14
       4
       7
      14
       6
       6
       7
       8
       9
       6
       4
       7
       8
       7
      10
      15
      14
       3
       5
       8
       5
       6
       4
      12
       6
       9
      13
       6
       9
       5
       6
       7
       9
       8
       6
       3
       3
       4
      11
       9
       6
       7
       6
      11
       9
       4
       8
       2
       6
       3
       4
       4
       7
       6
       5
       5
       8
       6
       7
       8
       5
      11
       9
       7
       4
       8
       3
       5
       7
      10
      10
      10
      10
       9
       4
       6
       6
       5
       7
       3
       8
       9
       5
       7
      13
       7
       5
       6
       6
       7
       3
      13
       7
       6
       5
       5
       5
       7
       8
       7
       7
       6
       7
       4
       9
       8
       5
       7
       4
       4
       5
       3
       8
       9
       7
       6
       4
       8
       8
       8
       4
       5
       3
       7
       5
       7
       5
       5
      10
       4
       8
       9
       9
       9
       6
       6
       6
       8
       9
       1
       4
       4
       7
       3
       6
       4
      12
       3
       3
       9
       7
       6
       6
       6
       7
       4
       7
       7
       9
       5
       4
       6
       4
       7
       2
       6
       7
       7
       8
       3
       3
       8
       4
       7
       8
       8
       8
       7
       6
       7
       4
       7
       2
       7
       5
       5
       9
       7
       5
       5
       6
       3
       4
       5
       5
       5
      10
       9
       6
       9
       5
       7
      14
       3
       7
       6
      13
       2
       6
       4
       7
       4
       7
       2
      15
       7
       8
       6
       4
       7
       5
       6
       4
       9
      12
       6
       7
       7
      15
      12
      10
       9
      11
      14
      13
      12
       9
      14
      14
       8
      10
      14
      14
       7
      10
      11
      10
       6
      12
      12
       5
       4
       7
       5
       4
       7
      13
       4
       9
       7
       6
       4
       5
      11
       7
       8
       5
       4
      10
       5
       6
      13
       6
      11
       7
       4
       6
       4
       6
       3
      12
      15
      10
       6
       8
       6
      12
       9
       7
       8
      10
       8
       4
       8
      14
      13
       8
       6
      10
      11
       6
       6
       4
       6
       8
       8
       1
       5
       6
       9
       3
       6
       6
       5
       7
       4
       6
       3
       5
       3
       7
       8
       3
       1
       3
      13
       5
       8
      10
      10
       5
       8
       5
       8
       4
       7
       5
       5
       7
       5
       5
       4
      12
       5
       3
       8
       3
       7
       8
      10
       3
       6
       4
       4
       2
       4
       6
       7
       6
      10
       5
       5
       4
       5
       5
       7
       6
       6
       8
       8
       3
      10
       7
       5
      14
       7
       6
       8
       7
       4
       6
       7
      13
       5
       5
       7
       8
       7
       4
       4
       8
       8
       7
       6
       4
      10
       3
       5
       8
       2
      11
       7
       4
       4
      11
       4
       8
       8
       7
       4
       4
       7
      10
       4
       7
      10
       6
       7
       6
       4
       7
       9
       7
       6
       7
      11
       6
      10
       5
       2
       8
       6
       8
      10
       4
      14
       9
       7
      10
       5
      12
       8
       4
       9
       6
       5
       4
       7
       4
       7
       5
       8
       6
      11
       8
       5
      10
       7
       3
       6
       8
       3
       4
       7
       5
       8
       9
       9
       6
       6
       6
       8
       4
       7
      11
       5
       7
       5
       6
       8
       8
      13
       5
       5
       5
       9
       6
       6
       7
       6
       9
       8
       9
       7
       3
       5
       7
      10
       2
       7
       7
       3
       7
       9
       7
       6
       7
       4
       4
       7
       6
       7
       7
      10
       4
       4
       6
       7
       6
      12
       3
       5
       7
      14
       5
       6
       5
       5
       4
       8
       7
       3
       7
       5
       4
       2
       7
       8
      11
       6
       7
       7
       6
       6
       8
      12
       7
      10
      12
       7
       7
       9
      11
       8
       8
       7
       5
       4
       5
      12
       4
       3
       5
       8
      10
       5
       5
       5
       7
       3
       1
       6
       9
      13
       8
       7
       8
       5
       5
      10
       8
       5
       4
       4
      10
      13
       8
      14
      11
      15
      16
      14
      14
      18
      17
      15
      19
      17
      14
      17
       8
      10
      12
       9
       6
       8
       7
      10
      10
       8
      13
       8
       4
       7
       3
       9
       6
       7
       6
       5
       3
       6
      11
       3
       2
       3
       5
       5
       4
       6
       7
      10
       7
      10
       6
       3
       4
       7
       8
       7
       4
       9
       6
       4
       5
       9
       2
       5
       5
       6
       4
       5
       6
       5
       6
       8
       9
       4
       2
       5
       6
       7
       5
       5
       5
       7
      14
       6
       7
       5
       5
       4
       4
       6
      10
       9
       4
       9
      11
       3
       8
       8
       5
       4
       5
       9
       2
       4
       3
       9
       3
       5
       3
       8
       6
       7
       5
       8
       4
       8
       6
       9
       6
       4
       4
       5
       7
       5
       4
       6
       4
       6
       8
       4
       8
       3
       8
       9
       4
       6
       2
       7
       4
       3
       9
       3
       5
       9
       4
       5
       6
       5
      11
       6
       6
       5
       8
       7
       7
       4
       5
       5
       7
       9
       2
       8
       4
      11
       8
       7
       9
       7
       7
       6
       3
       3
       8
       6
       7
       5
       2
       9
       6
       4
       6
       5
       6
       7
      13
       4
       6
       7
       9
       4
       7
       6
       3
       7
       4
       4
       4
       2
       3
       3
       6
       8
       7
       4
       7
      12
       5
      10
       7
       4
       5
       6
      10
       7
       8
       8
       4
       4
       2
       8
       8
      10
       8
       7
       4
       5
       3
       6
       9
       5
       7
       0
       0
       0
       0
       0
       0
       0
       0
       0
       0
       0
       0
       0
       0
       0
       0
       0
       0
       0
       0
       0
       0
       0
       0
       0
       0
       0
       0
       0
       0
       0
       0
       0
       0
       0
       0
       0
       0
       0
       0
       0
       0
       0
       0
       0
       0
       0
       0
       0
       0
       0
       0
       0
       0
       0
       0
       0
       0
       0
       0
       0
       0
       0
       0
       0
       0
       0
       0
       0
       0
       0
       0
       0
       0
       0
       0
       0
       0
       0
       0
       0
       0
       0
       0
       0
       0
       0
       0
       0
       0
       0
       0
       0
       0
       0
       0
       0
       0
       0
       0
       0
       0
       0
       0
       0
       0
       0
       0
       0
       0
       0
       0
       0
       0
       0
       0
       0
       0
       0
       0
       0
       0
       0
       0
       0
       0
       0
       0
$ROI:
0
$PRESETS:
None
0
0
$ENER_FIT:
-2.173939 0.279251
$MCA_CAL:
3
-2.173939E+000 2.792507E-001 0.000000E+000 keV
$SHAPE_CAL:
3
1.571259E+001 -1.155430E-003 0.000000E+000
